62
62
62
63
62
61
63
61
62
68
69
63
60
58
60
60
60
61
62
60
60
61
60
59
60
58
59
58
58
61
60
59
57
55
53
54
55
57
56
56
55
61
57
59
62
62
64
62
64
59
59
61
57
58
56
60
61
63
55
55
57
58
55
53
56
54
58
60
62
58
58
57
54
53
52
52
59
55
58
59
60
58
58
57
58
57
55
59
56
54
55
59
58
59
58
59
61
60
60
59
59
60
57
54
55
55
56
54
54
52
57
59
58
57
59
57
58
62
59
58
57
54
51
55
56
58
57
57
55
57
56
56
59
60
57
58
57
57
56
60
58
54
60
63
64
62
60
59
64
63
63
61
66
63
64
62
63
62
57
60
63
64
63
70
67
66
67
69
70
66
61
62
70
70
64
66
69
72
70
72
72
70
68
67
70
70
70
67
67
69
68
70
71
69
68
66
64
66
68
68
79
78
76
73
73
68
67
68
65
64
69
69
64
64
67
62
64
64
68
70
64
60
62
61
61
60
62
60
63
65
64
66
62
59
60
62
61
61
60
59
59
64
63
60
63
63
58
58
60
58
58
60
59
62
62
60
63
58
57
57
65
70
70
67
68
67
67
59
57
56
56
61
61
59
57
60
61
59
56
56
57
57
57
58
60
63
59
58
