23
20
23
20
22
20
22
19
21
20
22
19
21
20
21
20
20
19
22
19
21
22
20
21
18
19
19
19
19
18
18
19
20
19
20
22
24
26
27
23
17
18
18
17
18
17
16
16
16
17
18
18
19
19
18
18
18
18
19
16
20
15
18
16
19
17
18
17
18
18
16
17
18
17
20
19
19
18
20
18
18
16
20
17
18
18
18
18
19
16
18
16
18
16
18
18
17
19
18
17
16
15
17
14
16
16
17
15
17
15
17
16
18
15
18
14
17
15
15
14
15
14
14
14
14
13
15
14
15
14
16
14
15
13
15
15
16
15
15
13
14
13
15
13
15
14
15
15
15
14
15
14
16
15
15
15
17
16
16
14
17
16
17
18
17
14
17
15
16
15
17
15
16
16
17
16
17
15
16
16
16
16
18
18
19
16
17
16
17
16
17
16
18
16
17
16
17
17
20
21
21
19
20
18
19
18
19
17
20
17
19
18
22
17
18
18
19
17
20
18
19
18
18
17
18
17
18
17
18
17
17
15
18
17
18
17
17
16
17
16
16
15
16
15
17
15
17
15
15
15
17
15
17
16
16
15
16
15
16
15
16
17
16
14
17
15
15
15
16
14
16
15
15
15
16
14
17
15
15
14
16
13
15
13
14
12
14
12
