19
16
18
18
17
17
17
19
17
19
17
19
17
18
17
18
17
19
19
19
19
19
19
19
19
17
18
19
17
19
17
19
16
18
17
17
18
18
18
17
16
17
18
15
16
16
15
17
16
16
15
16
15
18
17
16
15
15
16
15
17
15
16
17
16
16
16
18
15
18
17
15
17
17
16
17
16
17
18
15
16
15
16
16
16
15
14
16
14
16
16
21
16
16
15
16
15
18
17
16
15
14
18
16
17
17
14
17
14
18
17
19
16
17
16
14
15
17
20
18
16
16
15
16
16
15
15
15
13
15
14
19
16
16
13
15
14
14
15
15
13
14
13
14
15
14
13
15
12
13
13
13
12
14
14
14
14
15
16
15
16
17
16
16
14
14
13
15
14
15
15
16
15
15
15
15
14
16
16
16
16
18
17
17
16
17
17
18
16
15
16
17
16
16
16
17
16
17
18
18
17
18
18
17
15
17
15
16
16
16
16
16
16
16
15
17
18
18
19
18
15
17
17
16
15
16
15
15
15
14
15
15
14
16
15
15
15
16
13
14
14
15
14
14
14
15
14
14
15
15
14
14
13
14
13
14
13
13
13
13
13
13
13
14
13
13
13
13
13
17
17
15
14
13
13
13
14
13
13
13
14
13
13
14
13
14
13
15
