21
19
20
20
21
20
21
21
19
22
20
22
18
22
18
22
18
20
18
19
18
18
19
19
19
16
19
19
17
19
17
18
16
17
14
15
16
17
17
17
17
17
16
17
17
19
17
17
16
18
16
18
16
16
16
17
16
19
16
16
15
17
14
17
14
17
15
18
17
17
16
17
15
15
13
15
14
15
14
16
14
16
15
15
15
15
14
16
15
15
15
16
15
16
15
16
14
15
13
16
15
16
14
14
14
15
15
14
14
14
15
17
15
18
15
15
14
17
19
14
13
15
13
14
13
15
14
13
12
13
14
13
13
15
13
17
16
17
15
17
14
14
14
17
15
15
13
13
14
14
14
14
14
14
12
13
13
14
13
15
15
15
14
17
15
16
15
17
16
17
15
15
18
17
14
15
15
18
15
16
18
16
14
16
16
17
16
15
14
15
17
16
16
16
15
16
15
15
16
17
16
17
15
15
15
16
17
17
16
17
17
20
17
17
16
15
15
16
17
17
16
15
14
14
14
14
12
13
13
13
15
16
14
13
14
14
13
13
12
13
13
14
14
13
12
15
12
12
11
12
14
15
14
14
14
14
13
14
13
14
14
16
15
16
15
16
14
13
11
12
11
14
13
13
11
13
12
12
11
11
11
12
11
13
12
13
11
12
