37
38
41
42
42
40
40
40
38
38
40
37
37
41
39
37
36
37
36
36
35
35
35
35
37
38
40
38
39
39
38
44
50
39
38
36
38
37
37
36
37
39
35
38
40
41
38
36
35
38
41
39
36
36
39
50
65
77
81
82
89
82
79
68
56
47
42
40
43
43
40
40
38
37
36
36
38
37
38
40
41
40
40
39
47
38
40
40
46
40
39
39
39
37
39
41
40
38
36
45
41
110
196
133
77
61
65
78
52
49
52
80
48
43
42
37
37
41
39
37
38
39
36
39
35
38
35
35
35
34
34
34
34
37
34
41
34
38
38
40
37
35
36
40
38
37
35
34
36
39
40
38
40
40
50
37
39
40
37
38
55
39
35
43
38
39
40
42
38
36
39
37
42
40
39
41
41
56
40
42
43
39
44
44
43
39
59
39
40
39
40
39
42
40
38
39
39
39
37
37
39
39
89
85
37
37
44
217
71
39
58
115
79
78
77
72
59
43
43
44
44
44
42
39
38
39
38
38
39
38
40
40
39
38
39
38
40
39
37
39
38
39
39
38
41
41
40
39
38
36
40
39
39
40
39
39
38
38
39
40
55
46
45
46
44
42
42
40
37
38
39
42
42
39
38
40
38
39
38
39
39
39
41
39
41
41
39
39
