31
33
31
30
31
33
32
33
33
34
33
31
30
30
31
30
30
33
30
30
32
30
30
30
27
24
27
24
25
29
31
31
28
27
29
29
29
29
29
29
29
32
27
29
29
27
16
16
16
16
17
16
15
19
17
17
17
18
17
16
16
15
15
17
17
19
18
17
19
18
18
18
17
17
15
14
14
16
15
15
15
13
13
12
13
13
13
13
13
15
12
14
13
14
13
14
14
13
13
14
14
16
13
14
13
14
14
14
13
13
14
16
15
17
14
14
14
15
14
14
15
15
17
17
16
19
17
16
16
16
16
16
16
17
16
18
19
20
17
18
17
16
17
17
16
15
14
14
15
17
17
15
16
16
14
14
13
14
14
14
17
18
16
19
17
18
18
18
17
18
18
18
16
18
17
17
18
18
19
18
21
19
20
20
21
21
20
19
18
18
19
18
17
16
16
17
17
18
16
15
19
18
19
19
19
19
19
20
21
22
21
21
22
20
21
19
20
18
19
19
18
19
18
17
16
17
17
16
18
17
18
18
16
18
17
16
16
18
20
19
18
20
20
18
19
22
19
17
17
19
20
22
22
21
21
20
20
20
19
19
20
20
21
21
21
20
17
17
14
17
16
18
18
17
16
15
15
13
12
14
15
16
15
14
14
16
13
14
