25
25
24
24
21
22
24
24
22
25
23
22
23
25
21
23
22
23
20
21
22
21
21
22
21
21
23
22
21
19
22
22
21
22
22
22
20
20
20
22
21
20
18
18
20
16
10
12
10
10
11
11
10
11
12
12
11
11
11
12
10
10
10
10
10
10
11
10
11
11
11
11
10
10
10
11
11
11
10
10
10
9
9
10
9
9
9
9
9
9
8
8
9
9
9
11
10
9
9
9
10
9
8
8
8
8
8
9
10
9
10
9
10
9
10
10
10
10
10
11
10
10
11
11
11
11
11
11
11
11
11
12
11
12
11
12
14
16
17
15
12
11
12
13
11
11
10
11
11
11
11
11
11
12
11
12
10
11
11
12
11
12
12
12
12
13
13
14
13
13
13
14
15
14
13
15
14
13
14
16
17
15
16
16
16
18
16
15
16
16
16
18
15
15
15
14
16
16
16
16
17
18
19
19
16
17
16
18
18
18
19
18
17
20
18
19
17
16
16
15
15
17
16
16
16
16
17
17
17
16
16
17
15
15
15
15
18
18
20
18
18
17
19
18
19
18
19
18
17
17
20
19
17
17
18
20
20
17
19
17
16
17
16
18
16
17
15
17
15
16
16
15
17
15
14
15
15
15
11
12
15
13
14
13
12
13
12
14
