76
74
76
76
78
80
81
90
90
89
88
90
98
100
91
99
76
76
66
64
70
64
69
80
74
72
85
67
68
74
60
81
76
66
69
70
68
69
77
81
72
68
57
64
67
68
65
74
71
90
73
83
73
69
71
71
78
93
84
71
74
70
68
67
74
81
86
76
82
77
76
76
70
72
86
76
64
69
60
58
58
59
75
69
59
62
62
69
63
72
84
71
64
66
71
69
69
81
81
70
68
67
70
72
79
91
94
70
68
66
62
71
67
79
75
67
63
67
66
67
65
73
68
75
64
80
61
60
69
61
57
84
71
74
73
69
68
70
70
88
81
77
76
81
78
71
70
83
92
82
76
72
69
70
62
74
77
66
64
71
74
74
75
78
90
83
71
75
79
80
76
80
75
89
69
72
75
80
79
91
87
94
73
81
74
75
77
88
88
89
98
98
76
78
77
79
76
79
98
79
73
74
72
73
72
66
87
81
67
65
69
66
72
79
78
91
95
81
76
79
79
74
77
88
91
82
78
78
74
70
77
90
108
83
78
80
81
74
71
78
85
84
73
74
76
75
72
81
74
77
97
87
82
85
82
83
76
76
81
98
101
95
92
90
83
76
77
74
94
82
73
75
83
71
74
78
75
98
91
78
73
73
70
73
73
98
75
77
