25
24
27
30
26
28
24
24
26
24
24
23
26
27
28
27
32
27
25
28
29
24
28
28
25
27
28
27
25
30
24
22
26
29
28
22
22
27
21
19
25
22
21
18
20
21
22
19
21
18
20
21
19
23
20
19
21
20
25
20
21
21
19
20
25
21
22
23
18
19
18
19
16
15
14
16
16
17
16
15
16
12
17
13
16
14
14
15
19
18
12
13
13
11
12
11
10
11
11
12
8
9
9
10
9
11
10
11
9
10
8
10
15
11
10
9
9
10
10
9
7
8
8
9
8
8
9
8
8
7
8
8
10
8
9
9
9
8
9
7
8
8
7
9
9
7
8
8
7
9
9
9
11
9
8
10
13
9
9
9
11
10
10
11
15
16
15
12
13
15
13
18
15
19
16
16
16
20
20
17
17
18
17
19
19
20
19
20
23
17
17
18
16
17
19
19
18
22
25
19
18
26
19
20
14
15
15
14
15
13
13
11
13
14
14
14
12
16
15
13
14
15
14
12
18
19
13
12
15
14
14
15
18
15
14
15
14
14
14
15
13
14
13
13
17
14
14
13
13
13
13
13
12
14
12
14
14
13
12
13
12
11
13
14
12
11
11
12
11
13
11
11
13
13
13
15
14
12
15
14
16
17
16
17
20
22
22
22
