3
4
3
4
4
4
3
4
4
4
4
3
4
4
4
4
3
4
3
4
3
4
3
3
4
4
4
4
4
4
4
4
3
4
3
4
3
4
3
3
3
4
4
4
3
4
3
4
4
4
3
4
4
4
3
4
3
4
3
3
3
3
3
4
3
3
3
3
3
3
3
3
4
5
4
5
5
4
3
3
2
3
3
3
3
3
3
3
3
4
3
3
3
3
3
3
3
4
3
4
3
3
3
3
3
3
3
3
3
3
3
4
3
3
3
3
3
3
3
3
3
3
3
4
3
3
3
3
3
3
3
3
3
3
3
3
3
3
3
3
3
3
3
3
3
3
3
3
3
3
3
3
3
3
3
3
3
4
3
4
3
4
3
3
3
3
3
3
3
4
5
4
4
4
3
4
3
4
3
3
3
4
4
4
3
4
3
3
3
4
3
4
4
3
3
4
4
4
3
4
3
4
3
3
4
4
3
4
3
4
3
4
3
3
3
4
4
3
3
4
0
0
8
7
7
7
6
5
4
4
4
4
4
4
4
4
4
4
3
4
4
3
4
4
4
4
4
4
4
4
4
4
4
4
4
4
4
4
3
4
3
4
4
3
4
3
3
3
3
4
3
4
3
4
4
3
4
3
3
3
3
3
3
3
3
3
3
4
