50
50
51
50
50
50
49
49
50
51
50
49
47
51
48
50
50
50
52
49
0
52
53
54
52
53
55
52
54
54
52
52
52
51
52
53
53
55
53
52
52
51
49
52
52
53
50
48
45
46
45
43
44
43
44
45
45
43
42
39
37
36
37
39
38
36
34
34
34
34
33
32
32
30
30
29
29
28
27
27
26
27
27
26
26
27
25
25
23
26
24
23
24
23
23
24
22
22
23
21
22
21
21
19
19
21
19
19
20
18
18
19
17
16
17
17
18
17
18
16
16
16
16
0
0
0
0
0
0
0
9
19
21
21
21
23
23
23
25
24
25
27
27
27
29
30
30
31
32
33
33
35
36
38
37
38
38
39
40
41
40
41
43
44
44
44
45
46
45
46
46
47
47
47
48
50
52
52
52
53
53
55
53
56
55
55
56
55
56
56
56
56
56
56
57
58
58
57
58
59
59
60
60
61
60
59
61
62
61
63
64
63
62
64
65
61
62
63
64
66
66
66
66
67
67
67
69
68
67
67
67
69
69
68
69
69
69
68
68
66
67
65
67
65
66
66
65
67
65
65
65
67
65
64
65
63
66
64
66
68
67
66
67
64
64
61
60
60
61
61
61
58
58
57
58
61
55
55
54
56
54
55
53
56
55
57
53
54
