55
56
55
55
56
53
53
53
54
55
55
54
53
54
52
53
53
52
54
53
57
58
59
58
57
0
51
59
60
58
57
58
58
58
60
57
59
58
59
57
58
56
57
58
58
55
55
56
50
49
48
46
48
48
50
49
50
46
44
45
40
40
39
39
39
38
38
38
37
37
37
34
33
33
31
32
30
30
30
30
30
30
30
30
28
29
28
26
26
26
27
27
26
26
25
26
24
26
23
24
23
23
21
21
21
21
22
21
21
19
20
20
18
18
20
19
20
19
19
18
18
18
19
19
19
20
19
19
20
21
21
21
22
22
23
26
26
28
28
26
28
30
30
30
32
31
34
35
35
35
36
39
40
40
40
41
41
44
43
45
45
44
45
45
45
46
44
45
48
52
50
48
48
51
49
49
52
51
51
53
53
53
54
54
55
55
55
57
57
47
71
63
57
57
59
58
60
62
60
59
61
61
62
63
61
64
64
65
67
66
70
67
67
67
69
66
67
67
69
72
70
69
70
72
71
72
71
71
72
72
72
70
71
72
70
73
73
73
71
71
69
69
69
68
70
69
67
67
68
68
70
70
71
70
70
70
72
72
70
74
73
73
71
70
68
68
66
66
65
65
63
64
63
62
62
61
60
56
58
61
59
60
58
61
60
61
59
59
