38
37
38
38
38
35
36
36
36
35
35
29
32
40
32
35
36
31
36
36
39
34
36
33
40
31
38
39
37
47
45
39
40
41
38
42
38
34
34
35
37
35
33
37
34
32
23
20
21
18
17
21
18
21
20
19
21
17
21
21
23
21
25
24
21
21
20
21
22
21
18
18
18
21
18
22
21
23
20
18
19
19
21
20
19
19
18
18
19
20
20
18
19
19
20
18
22
20
23
18
19
19
21
21
21
22
23
22
20
26
25
23
20
22
22
24
21
21
20
17
19
21
22
28
21
22
22
22
23
24
21
20
22
20
21
20
17
19
19
19
20
18
19
17
21
19
21
17
19
26
23
24
23
25
26
24
23
25
26
26
21
23
24
25
25
22
21
26
27
23
21
23
26
24
20
24
25
24
21
23
26
24
24
24
25
22
25
23
24
27
27
26
25
25
27
28
27
29
27
26
30
26
27
24
26
26
24
23
29
24
25
27
25
22
23
25
27
25
26
24
24
21
25
26
27
24
27
26
26
23
24
25
27
27
26
23
26
25
25
23
23
23
25
25
24
23
24
21
23
24
24
24
23
26
26
25
24
24
22
22
22
22
22
25
25
20
23
21
22
23
20
20
21
21
21
19
16
18
17
14
16
13
16
12
12
13
13
15
