15
17
12
11
15
12
11
10
16
17
16
16
12
14
13
15
17
29
18
12
10
11
10
16
8
16
13
13
11
9
13
12
20
17
13
18
12
15
17
11
12
15
18
13
13
12
14
10
11
16
20
11
18
11
17
14
7
15
11
27
15
8
12
16
15
10
12
16
22
14
10
12
9
10
12
13
9
11
17
14
10
13
12
11
12
15
10
12
26
10
10
11
9
12
13
11
11
6
5
21
41
14
13
14
13
12
12
18
14
10
9
11
11
10
10
11
13
19
11
12
13
19
25
13
11
10
10
11
12
10
10
9
9
10
12
19
12
28
10
12
23
9
11
9
10
9
10
9
14
9
11
15
20
10
10
13
10
14
26
14
11
16
14
10
20
11
12
14
13
20
18
15
31
33
29
13
17
19
15
17
16
30
26
15
19
17
20
13
14
17
23
26
10
10
9
12
16
10
9
15
11
11
12
13
10
12
12
12
12
21
21
22
12
20
15
10
11
15
21
12
11
22
26
12
17
9
27
13
12
16
13
12
17
14
17
10
31
10
7
8
11
14
11
15
14
32
9
14
10
12
11
13
13
11
9
11
11
19
8
22
12
9
10
11
10
13
16
13
21
11
21
17
9
13
14
18
11
7
9
8
8
8
9
9
8
11
7
7
