1
1
2
11
24
39
49
53
58
48
26
32
49
59
51
28
15
7
5
2
14
2
2
2
2
2
2
14
28
68
22
38
32
34
45
53
38
63
69
28
36
9
3
2
2
1
1
1
8
37
46
33
32
52
36
50
52
23
42
5
15
16
2
2
2
2
2
18
65
61
32
69
37
39
55
46
38
9
16
2
2
2
14
35
31
57
91
60
77
57
6
3
2
2
2
25
36
47
54
83
24
3
2
2
2
2
2
2
2
18
56
36
63
39
74
63
34
3
2
2
2
2
29
72
66
47
12
16
2
5
9
2
2
2
2
2
2
2
2
2
2
2
1
2
5
20
2
2
2
1
2
2
1
1
2
2
2
1
1
1
2
2
2
45
43
33
35
26
21
10
4
2
2
2
2
2
22
69
73
68
45
16
12
4
2
2
2
2
7
7
4
26
39
35
28
20
15
6
7
2
2
2
2
2
2
3
51
60
56
80
24
8
7
5
3
2
2
2
2
2
2
2
2
2
2
2
2
2
2
24
41
60
50
35
26
64
33
38
11
7
4
3
3
2
3
2
2
2
2
2
2
6
16
33
75
70
42
80
59
41
61
32
45
19
19
2
2
2
2
2
2
11
38
84
34
49
29
46
42
34
27
38
21
9
7
2
2
2
