1
1
1
19
24
50
86
20
36
51
23
20
23
42
28
40
35
5
3
2
2
1
2
1
1
1
1
21
28
53
44
45
63
55
70
57
22
27
22
22
11
23
2
2
1
1
2
1
7
31
54
45
69
88
31
62
36
19
21
4
2
2
2
1
2
2
2
29
70
82
56
46
49
38
22
26
40
7
2
2
1
2
9
56
80
64
35
46
39
59
28
2
2
1
2
13
52
50
61
39
23
2
2
2
2
2
2
2
2
16
43
60
71
42
25
36
12
12
2
2
2
2
15
31
25
39
24
3
2
2
2
2
2
2
2
2
2
2
2
2
2
1
1
1
3
10
1
1
1
1
1
1
1
1
1
1
1
1
1
1
1
1
1
13
20
14
19
15
14
9
3
2
1
1
1
1
5
40
43
18
40
16
10
3
2
1
1
1
1
1
3
24
18
31
37
64
11
5
2
2
1
1
1
2
1
4
42
41
53
33
21
11
8
15
3
2
2
1
2
1
1
1
1
1
1
1
1
1
1
17
27
24
35
36
43
48
37
20
14
27
5
3
3
3
15
2
2
1
1
1
2
2
18
31
55
35
86
77
65
70
70
56
32
18
7
2
2
1
1
1
1
6
36
55
28
25
36
37
46
33
34
23
18
7
3
2
2
2
