2
2
2
6
22
67
52
36
56
62
50
30
27
47
57
54
12
7
4
2
2
2
2
2
2
2
2
8
22
37
27
39
36
51
50
50
28
38
43
27
15
18
3
14
2
2
2
2
3
25
41
66
45
83
64
36
33
26
13
6
13
2
2
2
2
2
2
24
69
65
26
93
55
36
28
57
43
8
3
13
7
9
8
36
67
41
77
61
45
25
5
3
2
2
2
19
53
67
83
21
44
3
3
2
2
2
2
2
2
16
40
53
70
43
23
19
4
3
2
2
2
2
23
49
49
25
5
3
2
2
2
2
2
2
2
3
3
2
2
2
3
2
2
2
3
8
2
2
2
2
2
2
2
2
2
2
2
2
2
2
2
2
2
5
10
9
34
30
23
9
3
2
2
2
2
2
3
22
14
37
29
13
10
3
2
2
2
2
2
2
2
14
19
44
18
18
31
5
3
2
2
2
2
2
2
3
34
26
46
19
50
21
12
9
4
3
2
2
2
2
2
2
2
2
2
2
2
2
2
43
19
18
66
11
31
23
32
37
30
9
4
3
3
3
3
2
2
2
2
2
2
2
42
19
54
36
26
61
15
38
83
36
18
18
6
3
2
2
2
2
11
28
56
30
44
35
24
20
36
61
24
28
9
5
3
2
2
2
