1
1
1
24
15
31
42
46
82
40
38
17
25
30
48
57
15
5
11
2
2
1
1
1
1
1
10
33
37
25
24
64
73
31
36
25
34
34
61
38
18
27
3
2
1
1
2
2
16
34
39
41
95
70
43
41
69
54
24
4
2
1
1
1
12
2
2
41
61
47
58
71
37
46
61
42
26
50
14
2
2
2
14
36
42
74
78
63
67
66
40
39
11
2
10
15
54
51
35
79
34
2
2
1
1
1
2
2
9
13
37
58
32
33
47
26
4
2
11
2
2
2
15
37
24
41
19
2
2
2
2
2
2
2
16
2
2
2
2
2
3
2
2
2
4
13
2
2
1
1
1
1
1
1
1
1
1
1
1
1
1
1
1
47
18
14
23
28
22
11
3
1
1
1
1
1
39
57
37
41
22
14
8
2
1
1
1
1
1
1
23
41
19
45
36
34
50
5
2
1
1
1
1
1
1
37
49
27
35
29
25
11
7
5
3
2
2
1
1
1
1
1
1
1
1
1
1
1
2
83
17
44
35
33
39
69
37
32
21
19
19
2
3
2
12
2
1
1
1
1
1
2
49
33
69
30
41
47
59
44
66
36
29
20
7
2
5
7
1
1
1
21
34
53
37
41
35
40
37
46
39
31
26
7
3
2
1
1
