14
14
11
12
17
22
12
13
14
9
10
13
9
15
13
12
17
11
10
18
14
8
10
13
8
10
12
10
12
12
13
14
13
10
14
9
9
9
13
12
8
11
14
10
20
9
13
14
27
9
11
15
9
12
11
8
11
11
10
9
10
8
17
13
30
9
8
8
19
8
9
11
10
16
18
8
7
12
20
12
8
10
11
8
14
17
8
9
17
9
19
14
8
8
11
24
14
5
3
10
11
10
13
10
9
9
12
12
9
10
8
11
10
15
9
10
15
9
10
21
10
9
11
9
10
11
14
11
20
12
9
10
9
9
14
20
11
13
9
11
12
10
13
9
11
9
9
16
9
9
12
9
15
24
15
10
13
12
12
10
9
12
11
10
14
15
20
13
25
12
19
24
14
24
20
15
12
17
27
22
19
26
11
18
16
18
11
10
9
17
24
14
15
12
8
15
16
10
15
13
8
10
11
12
12
11
12
12
16
9
13
10
15
10
10
8
14
9
11
13
12
12
10
10
12
12
10
10
18
15
12
16
21
15
13
8
13
17
11
9
10
11
10
11
10
12
14
22
14
24
10
10
10
24
9
11
19
13
11
20
11
21
14
11
12
28
29
11
9
9
9
10
8
14
12
14
22
9
13
14
12
10
20
13
12
14
8
12
