2
2
2
21
85
15
26
30
55
63
34
36
45
62
37
25
23
23
3
2
2
2
14
2
2
2
2
28
34
26
45
43
56
79
57
59
43
43
38
47
14
26
3
2
2
2
2
2
19
73
24
27
63
78
85
46
41
36
31
16
3
13
2
2
2
2
2
41
39
69
72
84
73
48
26
40
26
39
11
12
2
2
13
35
67
66
64
68
48
30
22
3
2
2
2
16
41
100
77
62
28
28
3
2
2
2
2
2
2
14
28
45
63
47
66
22
4
3
2
2
2
2
16
38
34
43
13
3
2
2
2
2
2
2
2
2
2
2
2
2
3
2
2
2
4
11
2
2
2
2
2
2
2
2
2
2
2
2
1
2
2
2
2
13
23
19
25
19
19
8
3
2
2
2
2
2
23
49
30
55
34
20
12
3
2
2
2
2
2
2
11
36
51
27
44
24
23
12
13
2
2
2
2
2
2
10
67
50
42
44
29
27
10
7
3
3
2
2
2
2
2
2
2
2
2
2
2
4
4
26
31
28
24
31
29
36
36
54
17
41
9
3
3
3
3
2
2
2
2
2
2
6
50
60
51
71
59
55
34
24
48
65
25
19
7
3
2
2
2
2
2
27
41
38
44
57
42
45
32
66
41
32
14
8
4
3
2
2
