65
85
68
66
66
71
80
57
68
52
74
49
82
43
79
103
35
39
88
89
37
40
79
75
56
44
63
84
46
65
76
109
91
86
47
73
122
69
36
82
91
71
62
48
34
41
69
55
66
83
23
56
43
49
29
79
58
53
73
58
44
96
66
88
66
39
33
44
56
29
57
32
95
52
50
98
49
75
62
46
51
60
45
32
91
88
35
72
74
48
88
65
84
62
51
110
35
41
104
27
126
33
46
61
48
57
55
83
57
58
48
75
89
36
64
86
51
53
124
137
80
55
66
39
56
57
66
75
111
35
61
69
78
36
44
56
75
60
73
44
59
61
66
81
97
57
33
72
87
57
132
58
67
91
104
85
54
58
82
104
83
94
65
93
90
131
87
79
90
112
91
62
32
39
81
59
80
93
85
54
65
45
138
86
109
63
80
45
49
64
112
65
74
62
56
86
46
97
75
43
72
89
76
45
102
43
68
55
58
65
46
45
80
102
74
112
47
86
64
127
99
59
85
122
68
34
88
55
58
76
81
44
73
42
113
65
72
67
76
59
69
73
39
61
58
88
79
89
107
56
91
114
77
98
103
71
122
49
32
57
58
77
35
75
60
97
115
65
48
54
79
100
144
104
70
96
62
72
97
60
64
35
37
42
36
57
84
82
