54
60
58
74
99
53
44
40
50
64
59
58
40
60
42
39
39
60
43
48
71
43
46
56
49
64
67
60
48
60
67
50
58
112
69
90
71
62
39
64
81
74
64
46
37
38
63
77
42
45
45
38
38
54
58
63
58
53
73
49
58
69
72
56
44
98
56
42
65
75
78
96
93
55
67
54
61
43
62
80
84
47
61
78
97
93
111
73
50
35
49
48
42
98
72
73
62
45
63
51
63
76
56
62
50
57
78
67
51
49
74
106
82
63
47
34
48
41
46
38
58
73
61
39
70
50
56
59
61
73
74
84
82
81
61
85
101
73
86
88
82
112
78
91
85
60
57
56
61
97
76
42
57
66
71
75
87
135
64
85
59
80
101
106
98
76
70
111
93
91
95
62
82
70
59
74
62
62
47
53
55
81
96
52
89
57
39
71
56
78
58
53
48
67
51
50
73
103
101
73
79
48
70
68
56
57
64
83
42
47
64
117
126
67
81
60
75
65
45
65
66
79
108
60
91
66
40
49
42
54
62
59
37
46
51
51
78
88
48
79
36
78
72
97
90
86
78
71
54
58
50
42
91
119
119
80
46
47
116
75
51
71
72
55
73
94
123
77
83
63
48
51
131
113
93
58
54
67
49
43
74
74
86
118
82
58
89
42
