51
48
50
49
46
42
62
49
47
59
49
64
72
91
83
64
96
45
49
49
49
101
62
57
88
53
53
94
35
62
73
84
93
67
46
61
81
80
73
82
74
80
41
57
94
83
44
48
42
42
69
69
55
66
58
60
59
58
62
57
59
60
80
36
42
60
67
54
60
67
77
69
118
59
59
54
48
52
65
106
68
50
44
81
55
75
61
76
63
113
40
47
72
51
62
118
100
51
51
66
78
81
79
45
46
51
55
76
50
48
53
84
133
48
62
60
44
52
102
71
62
87
136
71
85
50
52
70
68
67
74
84
114
144
100
71
87
70
69
109
75
109
113
93
122
127
95
85
80
117
68
60
119
46
50
52
57
80
103
63
88
81
119
89
77
123
95
76
68
92
79
110
73
112
105
89
125
100
139
142
113
104
102
139
110
87
84
97
88
74
69
64
62
107
67
97
69
74
76
80
94
108
144
81
57
69
80
83
83
99
79
89
125
109
110
76
118
156
107
109
80
92
131
44
74
53
106
65
99
71
77
61
101
85
86
100
100
96
111
100
41
49
62
118
124
103
83
92
96
123
45
57
101
68
51
67
69
75
61
94
84
65
60
90
114
152
162
153
103
106
70
113
81
51
52
103
60
51
54
60
90
96
94
85
37
66
49
61
