2
2
2
4
63
33
41
41
44
35
54
41
21
18
41
21
9
5
3
2
2
2
2
2
2
2
2
12
56
22
52
67
49
39
57
42
30
23
31
41
19
8
3
2
2
2
3
2
7
32
50
68
69
81
67
44
59
49
39
7
3
2
2
2
2
2
2
41
73
46
73
81
28
37
56
51
21
16
3
7
2
2
12
56
85
54
37
29
77
78
53
57
12
3
5
15
26
64
47
42
26
17
3
2
2
2
2
2
27
17
45
65
43
35
46
24
5
5
2
2
2
2
18
41
33
45
25
3
2
2
2
2
2
2
2
2
2
2
2
2
3
2
2
2
4
11
2
2
2
2
2
2
2
2
2
2
1
1
1
1
2
2
3
28
30
21
26
22
21
34
3
2
2
2
2
2
17
70
51
29
43
14
12
3
2
2
2
1
1
2
10
58
48
64
24
39
32
7
2
1
2
2
1
2
1
14
50
55
45
27
22
15
13
7
4
2
2
2
2
2
2
2
2
2
2
2
2
2
11
30
29
29
30
30
32
49
35
61
58
5
3
2
3
2
2
2
2
2
2
2
2
14
53
37
91
63
43
30
31
22
31
30
30
36
7
3
2
2
2
2
2
33
59
37
51
34
51
29
48
39
33
44
21
10
9
17
2
2
