2
2
2
12
31
57
33
75
82
17
19
33
36
50
30
40
11
21
3
2
2
2
2
2
2
2
2
7
39
26
27
54
38
27
28
32
51
59
79
38
32
18
4
2
2
2
2
2
3
40
77
31
19
33
62
96
61
34
18
6
3
2
2
2
2
2
2
14
64
50
62
47
55
92
109
41
42
36
14
3
12
2
6
35
50
32
76
113
109
48
22
32
2
6
2
9
30
15
85
128
68
27
28
4
4
2
2
2
2
20
36
46
34
61
82
46
5
3
2
2
2
2
17
27
73
100
57
3
2
2
2
2
2
2
2
2
2
2
2
2
2
2
2
2
5
23
2
2
2
2
2
2
2
2
2
2
2
2
2
2
1
2
2
32
36
45
43
31
18
9
3
2
2
2
2
2
27
69
71
59
23
12
9
3
2
2
2
2
14
2
3
37
30
29
43
55
41
7
3
2
2
2
2
2
2
7
28
39
45
27
24
20
9
7
4
7
2
2
2
2
2
2
2
2
2
2
2
2
2
29
47
25
33
41
38
37
31
21
33
46
4
28
3
2
3
2
2
2
9
2
2
2
20
40
49
76
78
80
45
46
48
34
39
17
12
3
2
2
2
2
2
6
62
44
57
48
65
40
33
56
47
24
37
18
4
2
2
2
