1
2
2
10
37
47
29
60
43
21
39
42
59
33
37
35
25
10
3
2
2
2
2
2
2
2
2
12
49
67
44
36
47
18
23
33
47
55
37
49
21
19
3
2
2
2
2
2
7
49
40
60
62
20
42
76
56
36
22
36
3
2
12
2
2
2
2
12
41
43
53
28
28
46
75
82
62
49
15
2
2
3
11
17
64
79
26
80
98
57
39
14
2
2
10
4
49
50
51
70
53
38
28
2
2
2
2
2
2
2
14
61
34
79
67
53
4
3
2
2
2
2
9
34
52
56
19
4
2
2
2
2
2
10
2
2
2
2
2
9
3
2
1
2
4
20
2
2
1
1
1
1
1
1
1
1
1
1
1
1
1
1
3
34
15
44
51
43
20
14
5
2
2
9
1
8
4
37
74
61
57
11
9
15
2
2
1
1
1
1
14
44
35
30
24
20
15
6
2
2
2
2
2
2
1
14
39
44
73
54
43
25
8
5
3
2
2
2
2
2
2
2
2
2
2
2
2
2
9
40
26
65
43
25
27
23
16
32
26
18
4
9
3
3
3
2
2
6
7
2
2
12
41
47
76
35
57
62
24
32
41
41
28
20
8
2
2
13
2
2
2
21
59
29
45
63
60
32
26
36
24
40
19
8
4
2
2
2
