124
176
166
130
67
68
55
68
67
101
109
110
73
102
123
66
75
142
141
159
156
136
149
148
152
148
148
151
162
155
152
151
119
104
83
92
92
80
92
106
92
120
127
78
120
122
85
99
79
69
80
93
103
82
101
124
123
122
137
158
112
100
112
119
121
132
124
106
82
130
118
125
154
128
145
117
107
118
106
136
144
134
102
124
133
103
78
97
129
126
98
88
85
70
77
120
115
86
77
82
99
132
111
105
121
98
99
83
157
95
63
131
90
151
132
56
68
70
65
72
108
73
107
103
124
64
108
120
52
63
107
109
122
121
59
76
71
91
84
121
119
134
68
99
100
101
125
123
100
90
115
116
108
102
104
99
62
84
92
127
139
152
119
89
151
162
94
88
66
70
113
66
58
104
109
103
123
148
142
89
83
115
86
66
79
79
102
101
80
119
75
77
92
122
132
130
147
126
120
122
124
124
136
155
112
122
65
65
98
81
116
92
85
140
145
178
178
180
169
193
154
124
146
112
97
118
95
110
120
119
97
101
121
102
94
91
96
135
88
85
87
75
73
78
74
82
70
68
86
90
83
74
88
83
71
77
85
81
51
59
69
111
93
102
99
105
79
88
97
84
67
90
89
83
84
88
123
73
71
76
72
74
145
142
152
136
137
139
