41
43
51
55
45
40
40
47
66
43
38
36
36
41
36
34
39
33
31
33
34
34
33
36
34
35
38
35
37
37
39
37
37
36
36
36
35
34
35
34
32
34
31
31
34
33
31
28
31
32
31
38
27
25
38
26
26
27
38
24
21
22
20
20
18
19
18
19
19
21
18
17
16
16
16
16
17
16
16
17
16
16
24
15
14
15
14
15
15
14
14
15
14
15
14
14
15
15
15
15
15
14
16
14
14
14
18
18
17
14
14
15
15
16
13
14
14
14
14
13
14
15
14
14
14
15
13
15
14
15
14
14
15
16
15
15
19
16
17
18
18
17
18
13
12
13
13
19
22
24
23
20
21
21
21
21
21
23
22
22
54
26
23
26
24
24
26
26
27
27
25
26
29
28
26
27
32
31
29
33
29
28
28
29
30
30
34
30
32
40
41
33
30
30
29
29
29
33
31
35
30
32
34
32
31
32
34
34
35
34
36
38
37
37
39
52
34
35
38
40
47
37
35
33
34
35
32
40
35
32
32
32
32
34
37
34
31
30
30
29
29
33
32
31
32
36
31
32
31
32
33
35
36
51
33
32
32
32
33
34
36
38
37
36
37
37
35
36
35
36
35
39
41
43
39
39
37
36
36
36
40
39
39
36
38
38
38
37
