43
43
46
64
44
41
42
41
37
48
39
39
36
37
40
35
36
36
35
37
41
36
38
37
35
38
41
37
49
38
45
43
47
37
39
38
38
37
37
41
34
34
35
34
34
33
38
30
35
34
33
49
29
29
28
27
27
27
43
26
34
31
30
38
30
30
33
44
29
29
27
19
19
19
18
18
19
19
20
18
20
18
39
22
35
18
20
34
18
17
18
18
18
17
17
18
18
26
31
18
18
20
22
23
22
23
23
24
24
26
23
23
23
21
22
25
18
17
18
18
34
18
21
18
18
18
18
20
19
18
18
18
20
19
20
20
21
21
21
21
21
26
29
17
16
17
17
25
33
28
28
25
26
30
24
23
24
25
24
25
25
25
38
27
28
27
32
26
28
37
29
30
30
38
29
29
30
31
31
34
30
30
30
32
30
30
31
31
35
30
57
33
30
32
32
32
33
57
34
32
32
32
33
34
36
33
36
35
35
40
34
38
34
34
33
34
35
35
39
39
44
40
36
34
43
33
39
50
39
36
36
32
33
31
35
33
37
31
31
30
31
32
32
32
32
33
37
32
32
33
37
36
40
41
36
34
34
34
36
35
39
33
35
34
35
34
33
44
34
35
36
38
38
51
38
36
40
43
43
34
34
36
35
37
40
47
34
35
