46
46
50
57
45
44
42
41
39
42
38
39
40
39
37
40
39
35
33
35
36
35
36
39
36
38
37
38
43
39
41
39
40
43
39
39
41
42
40
36
37
38
35
43
34
34
33
33
34
36
33
38
32
33
35
29
29
28
31
30
28
33
24
23
23
24
23
21
22
23
22
23
21
20
20
22
21
20
20
19
29
19
22
26
18
18
18
18
18
17
18
18
17
17
16
16
17
17
17
17
16
16
17
18
30
38
20
19
28
20
17
18
43
17
15
16
18
16
15
15
16
16
16
17
16
15
17
17
17
17
26
21
18
18
18
19
18
24
18
19
20
21
20
14
14
15
15
23
23
39
25
23
26
37
32
25
24
24
23
23
23
24
24
29
26
26
29
27
25
27
27
28
28
29
28
29
29
29
30
29
29
29
42
35
30
29
30
29
30
31
41
36
30
30
30
30
33
34
33
32
36
34
34
36
38
38
36
37
43
36
37
36
36
37
35
38
37
39
38
39
39
40
35
36
36
38
40
39
37
37
37
35
34
38
35
35
35
36
34
34
38
33
34
34
34
34
35
35
35
35
38
40
45
41
41
36
36
35
36
36
36
35
36
35
33
35
36
40
36
40
38
36
42
41
42
38
38
40
39
38
69
40
39
37
36
46
38
38
