42
48
48
48
46
42
41
44
42
38
36
35
38
40
36
39
38
39
38
38
54
46
50
36
34
37
37
48
41
41
42
42
39
46
53
40
37
38
38
35
34
34
34
32
32
44
35
29
33
32
32
29
27
28
28
28
36
28
51
35
25
21
21
21
22
35
22
22
21
21
22
23
19
19
17
19
21
19
19
21
17
16
24
16
16
16
16
16
16
14
14
16
17
14
14
21
14
17
19
14
31
14
14
18
14
14
17
35
53
18
14
14
13
13
14
13
13
12
26
13
23
14
14
14
17
26
15
15
15
19
16
16
20
17
19
19
20
21
21
24
20
22
22
13
13
15
14
23
25
26
26
24
23
24
28
25
25
32
28
31
26
38
27
28
27
25
25
27
38
38
27
28
28
29
28
30
30
32
33
46
37
28
31
30
30
30
29
32
31
32
33
32
32
34
35
33
34
31
31
32
35
34
35
33
37
36
35
38
36
36
45
34
35
38
36
37
40
36
35
35
35
35
37
34
34
34
34
34
37
35
34
34
46
37
34
37
33
33
32
32
34
34
33
35
36
34
35
35
35
43
37
39
38
43
41
35
36
37
37
37
36
37
43
41
37
38
37
39
42
42
44
39
42
47
43
42
42
43
42
42
47
44
43
40
41
43
45
42
