44
47
51
59
43
42
39
37
37
49
40
36
37
40
36
40
36
43
33
40
35
43
35
38
37
38
36
33
40
39
42
41
35
36
37
37
43
36
36
36
36
34
35
30
38
38
31
27
33
34
49
47
28
26
25
25
31
29
66
27
25
25
24
23
28
25
27
25
28
34
24
25
25
25
23
24
20
21
19
19
18
18
34
17
17
18
17
16
31
19
17
16
19
16
17
16
17
17
17
17
16
18
23
20
23
20
19
18
17
17
18
18
18
17
18
17
17
17
17
17
17
18
19
19
20
19
19
20
22
20
21
22
24
19
25
32
22
24
22
21
21
21
21
20
15
16
21
24
25
27
26
24
24
31
25
24
26
26
31
39
28
25
27
27
28
30
30
33
28
30
30
31
33
31
33
31
33
37
33
32
34
32
32
33
37
32
31
33
33
34
58
53
36
34
34
34
35
47
38
37
37
40
38
42
37
38
41
41
43
37
41
38
37
38
39
42
38
37
38
44
49
38
41
37
35
36
35
50
37
38
35
35
34
34
35
42
34
34
35
34
34
49
35
50
36
35
38
40
48
38
40
39
37
39
48
37
38
38
37
41
36
37
38
37
36
39
37
40
40
40
39
41
45
56
44
44
44
41
39
42
43
43
45
39
38
39
40
41
