49
49
56
57
54
46
49
47
44
41
53
42
41
38
39
40
39
41
36
42
40
39
38
43
38
39
41
39
42
44
48
41
42
43
45
43
43
45
40
39
40
37
38
37
36
35
36
30
36
35
30
31
28
28
31
27
25
25
28
25
22
22
21
20
21
20
20
19
19
18
20
19
18
18
17
18
17
18
17
17
17
16
16
17
18
17
16
16
15
14
15
15
14
15
15
16
15
16
15
15
14
14
15
16
16
17
17
17
17
17
15
16
16
16
14
15
16
19
17
15
16
17
18
16
17
19
17
18
17
17
18
18
19
19
19
25
22
21
21
21
21
21
20
14
13
16
12
29
34
36
37
30
30
30
43
30
33
34
33
35
37
34
35
40
35
36
39
34
37
39
37
54
32
34
36
33
33
34
36
34
35
36
39
33
36
36
34
36
35
36
37
35
34
37
35
36
37
38
37
39
37
39
40
39
38
41
41
42
47
50
45
48
41
43
42
43
41
43
47
48
46
43
42
54
45
42
42
40
40
42
39
40
40
38
39
39
41
40
43
41
40
41
40
39
39
41
40
41
40
43
45
42
48
47
45
42
43
41
42
43
42
44
45
43
44
43
42
42
44
46
46
44
48
49
48
47
45
47
47
47
48
48
45
48
51
49
50
48
