48
48
52
53
47
47
45
48
44
44
42
48
50
48
46
43
43
42
41
42
43
44
44
43
42
41
41
45
41
44
46
45
44
45
46
45
43
42
43
40
41
41
39
40
38
40
37
36
38
37
37
40
31
30
30
29
29
37
35
30
26
26
34
59
24
24
23
23
23
23
22
24
21
22
21
22
20
20
20
20
20
18
21
20
20
18
19
29
18
19
17
17
17
16
17
17
18
18
18
18
19
19
23
18
19
35
19
17
20
19
16
17
20
17
16
16
15
15
16
15
19
19
19
17
18
18
18
20
20
20
20
21
21
27
19
21
23
22
22
22
21
24
31
17
17
17
19
25
24
27
26
24
25
25
24
24
31
29
26
26
27
29
28
30
29
31
33
33
31
35
32
31
37
32
33
42
44
39
39
35
38
36
37
37
35
35
37
35
34
36
41
36
34
36
38
37
37
40
39
37
35
40
42
40
40
42
40
42
43
41
43
38
40
38
39
43
43
39
38
42
43
40
38
45
37
40
43
43
37
37
45
36
35
38
35
48
39
38
39
36
38
37
36
41
42
37
40
38
36
40
45
38
42
39
39
39
40
40
41
41
40
38
39
39
38
42
42
40
39
40
43
40
47
45
45
45
42
43
41
44
45
41
41
43
47
44
45
42
