72
61
58
59
53
54
46
50
44
54
51
43
49
47
47
48
47
48
39
46
39
44
44
45
45
44
44
44
52
50
46
47
49
50
50
49
54
44
45
43
44
44
42
43
46
40
38
34
42
41
39
43
40
48
42
35
30
33
34
28
31
29
25
24
27
27
26
27
28
28
27
28
25
25
23
25
22
21
21
22
22
21
28
20
21
21
24
24
19
18
17
20
18
19
23
27
21
19
18
20
20
21
20
27
21
21
24
22
23
22
20
23
21
20
20
21
20
20
21
20
41
21
22
20
29
21
21
23
25
32
22
21
22
25
21
23
24
24
25
26
24
24
26
20
19
23
17
26
31
31
30
28
29
30
30
28
32
29
29
30
42
33
30
41
32
32
33
33
33
35
37
42
36
33
34
34
39
38
38
36
41
38
35
37
41
39
38
44
36
36
47
46
37
41
36
37
38
43
41
39
38
44
39
41
42
41
43
42
47
41
44
48
43
45
47
43
41
56
41
47
48
46
40
41
39
44
41
44
40
42
44
39
44
37
39
39
38
42
37
46
39
41
45
39
40
40
39
40
41
44
47
46
46
47
44
41
43
54
37
39
41
43
46
44
41
42
40
46
45
57
44
43
50
52
45
49
42
43
42
48
44
45
47
46
49
44
45
44
