50
49
56
89
51
45
47
46
42
57
51
47
45
41
37
53
41
33
30
30
30
30
33
32
29
32
32
36
32
40
33
35
40
33
42
34
42
32
34
33
41
34
41
39
36
31
26
25
28
27
30
54
25
26
24
23
23
23
36
23
21
21
20
19
21
20
20
37
20
18
17
28
17
16
15
24
19
15
14
15
15
19
40
15
14
14
14
14
14
13
14
14
14
14
16
14
14
14
16
24
17
14
14
16
26
23
17
15
17
17
15
15
15
14
14
15
14
17
15
15
14
15
15
16
15
22
14
15
15
15
15
15
18
15
15
15
26
18
19
16
16
20
19
14
13
14
15
20
22
24
24
20
25
19
20
20
20
22
22
23
23
22
27
24
23
23
23
23
24
26
24
26
25
35
25
24
29
25
26
25
26
28
25
27
30
35
25
27
26
27
50
28
26
26
26
26
29
36
31
27
27
27
29
30
28
29
28
28
31
27
29
30
31
32
34
35
30
31
31
57
45
33
32
27
27
29
37
43
33
30
31
44
31
29
34
27
28
28
28
36
31
29
28
32
27
27
26
28
28
29
31
35
36
34
30
30
30
31
30
34
29
28
59
31
31
30
32
29
29
31
31
34
46
39
40
35
31
32
37
31
42
32
32
34
32
31
35
46
