41
46
53
55
46
51
55
45
45
49
41
47
33
35
36
37
39
44
49
40
41
39
44
40
36
37
40
31
34
35
38
33
33
34
35
38
37
51
30
33
34
32
34
35
35
34
33
32
41
32
43
42
36
28
25
28
30
28
37
24
23
21
22
22
22
20
20
20
21
20
20
20
19
21
19
20
20
22
20
21
20
19
25
18
29
21
21
19
19
19
19
19
19
20
19
21
19
20
19
20
22
28
22
19
22
24
19
17
23
18
17
17
17
18
17
17
16
26
17
18
17
18
17
21
34
17
16
16
16
16
20
28
19
20
21
23
25
24
25
26
21
27
32
21
20
20
24
21
22
24
24
21
22
22
22
22
23
25
24
24
24
23
24
24
25
27
26
34
25
25
35
25
27
27
27
26
36
42
48
30
32
32
38
26
26
27
26
30
27
28
39
32
31
35
36
37
33
38
30
28
28
28
56
30
30
32
38
32
32
41
29
30
30
41
37
30
31
43
44
34
42
34
57
34
29
31
31
41
33
34
37
38
36
31
40
33
34
37
27
27
28
31
31
33
32
34
35
31
33
32
36
34
38
41
30
31
29
31
31
31
33
32
44
31
33
34
33
36
31
29
31
31
33
37
34
35
32
33
36
47
33
34
50
32
40
32
31
32
