47
49
54
83
50
45
49
47
46
61
51
41
41
44
41
39
37
37
35
40
39
38
38
41
37
45
42
40
39
39
40
38
39
39
39
38
39
38
37
35
36
37
33
34
34
32
33
29
30
32
30
67
38
25
28
25
25
26
40
24
22
23
49
47
20
19
19
20
19
19
18
18
20
17
15
15
17
15
18
17
16
15
23
17
15
17
14
14
14
14
14
15
14
13
14
14
14
15
13
13
14
14
14
17
16
16
17
15
18
16
14
15
15
14
13
14
14
17
15
14
16
15
14
24
16
16
15
16
21
17
19
16
18
18
16
18
19
19
19
23
19
18
21
12
12
13
28
24
24
26
26
22
26
22
22
22
24
27
23
23
26
24
24
28
26
26
28
30
28
29
29
30
34
33
29
31
32
37
48
31
31
31
31
30
33
31
31
32
34
31
43
37
31
32
30
32
34
42
35
34
35
37
40
38
36
36
37
39
39
39
39
56
42
39
40
40
37
37
38
41
44
44
39
40
38
38
40
55
38
36
38
37
38
35
36
36
36
38
41
36
37
38
37
39
38
41
38
37
37
40
46
43
44
44
44
42
41
40
42
42
44
46
46
46
46
48
48
55
41
42
42
46
49
50
49
49
46
43
45
44
44
44
44
50
41
45
42
42
