42
46
49
53
61
43
57
43
35
40
37
34
37
34
32
32
34
35
36
37
36
34
37
37
35
39
37
35
47
38
43
38
49
38
43
36
37
36
35
35
35
36
35
33
31
35
34
33
35
31
29
35
31
28
28
29
27
25
31
23
23
22
23
21
23
28
38
31
25
27
24
28
18
18
16
17
20
19
35
19
19
18
21
18
17
18
16
17
18
16
16
18
29
17
17
17
17
19
17
19
17
20
28
20
20
18
22
19
24
25
19
19
18
18
18
18
18
17
28
19
18
20
32
19
19
19
18
21
17
18
18
18
19
22
24
22
23
23
30
37
20
19
21
13
13
14
14
22
24
28
23
20
21
22
22
22
22
34
23
23
27
22
24
28
26
22
23
23
25
25
26
25
25
28
25
26
26
26
27
27
28
28
27
26
29
27
26
27
27
27
40
27
26
28
28
29
29
35
29
29
29
30
30
33
31
31
31
30
36
30
32
31
32
33
32
33
35
32
39
39
36
31
35
33
30
31
36
34
32
37
39
31
30
29
33
30
32
29
30
41
31
31
31
35
30
30
31
31
33
31
36
33
36
36
36
32
31
35
31
34
40
36
32
35
35
34
31
32
34
34
37
34
35
36
37
35
37
36
35
35
39
36
34
38
37
42
51
38
