27
27
32
32
30
24
25
24
21
21
20
31
33
34
32
29
27
28
23
27
24
24
22
26
28
28
28
26
23
20
21
19
18
18
18
18
18
18
18
18
18
17
16
16
17
16
16
14
26
20
19
21
20
20
19
21
19
23
21
20
20
20
19
19
19
19
18
21
21
20
17
16
15
13
14
14
15
13
15
17
16
15
15
14
13
14
13
14
14
14
13
13
12
11
12
11
11
11
13
13
12
12
13
12
11
9
5
4
4
6
7
9
11
11
10
10
10
10
10
5
9
10
9
7
9
11
10
10
11
12
11
11
11
10
10
11
10
10
9
11
9
8
9
8
8
7
2
8
14
19
20
9
9
9
9
9
9
9
9
10
10
10
10
12
11
11
12
12
12
12
12
13
14
14
13
13
14
14
14
15
15
14
14
16
17
17
17
17
17
16
13
41
19
16
44
21
18
17
16
16
17
18
17
18
17
17
18
19
19
19
19
19
18
18
18
17
17
17
17
17
17
15
16
16
16
15
15
14
14
15
15
15
14
14
15
14
14
14
15
15
14
14
15
14
16
16
15
15
14
14
16
16
16
16
15
16
15
16
15
16
17
18
18
18
19
19
17
16
17
18
17
20
20
19
18
19
19
18
19
19
20
20
20
18
19
21
20
19
