27
28
31
32
29
23
24
24
21
20
19
30
32
31
30
29
28
28
25
29
27
25
23
26
28
27
26
26
23
21
22
20
18
18
20
19
19
19
18
18
18
17
17
16
16
16
15
15
28
20
19
21
21
20
19
20
17
20
20
19
19
18
17
17
18
18
17
18
18
17
14
13
14
13
14
15
15
14
14
12
12
12
12
11
11
11
11
11
10
11
10
10
9
9
9
8
9
8
10
9
8
8
9
9
8
7
4
4
4
5
6
7
9
11
9
9
8
8
8
4
8
9
9
7
8
8
8
9
10
11
11
11
10
9
9
11
11
10
8
9
9
7
8
7
8
6
2
8
13
19
15
7
8
8
9
8
9
9
9
9
9
10
11
11
10
10
10
9
10
12
11
10
10
11
10
11
11
12
12
12
12
12
12
36
17
19
14
14
45
15
13
13
13
13
12
14
15
15
14
13
13
13
12
13
14
17
17
17
17
15
14
14
13
14
13
13
14
14
14
14
14
12
14
14
13
13
13
13
12
13
12
13
12
12
12
12
12
12
12
12
12
12
12
12
12
12
12
12
12
12
14
12
13
15
15
15
15
15
16
16
17
16
15
16
16
17
16
16
18
17
18
18
19
19
18
18
18
17
18
19
20
19
18
17
17
18
20
19
