26
26
30
30
29
22
23
22
20
18
18
28
31
30
29
28
26
26
23
27
25
24
23
25
28
27
25
24
22
19
20
18
18
18
18
17
18
17
17
17
17
17
16
16
15
15
14
14
25
18
17
19
19
18
18
18
16
19
19
17
18
18
16
16
17
17
17
18
18
16
14
13
13
12
13
13
13
12
15
15
15
14
13
12
13
12
12
12
12
12
12
11
11
10
10
9
10
11
11
11
10
10
11
11
9
8
4
4
4
5
6
8
9
11
9
8
8
8
8
5
8
9
9
7
8
9
9
9
9
10
9
9
9
8
9
10
10
9
7
9
7
7
8
6
6
6
1
7
12
17
17
8
8
8
8
8
9
9
9
10
10
10
10
11
10
10
10
11
11
12
11
11
11
11
12
12
12
12
13
13
14
13
13
13
14
15
14
15
15
14
15
15
15
15
14
14
12
54
54
18
17
16
16
16
16
17
19
17
17
17
17
18
17
17
17
17
17
17
16
16
16
15
16
16
15
15
15
15
15
15
15
15
14
14
14
14
14
14
14
14
13
14
14
14
15
15
15
15
14
15
15
15
16
16
15
15
15
15
15
17
17
17
16
16
17
17
17
16
17
18
18
19
19
19
18
19
19
19
20
20
21
20
19
19
19
20
21
20
