21
18
10
4
34
23
9
24
15
8
43
26
19
3
1
0
27
4
26
2
4
0
0
1
10
15
12
1
4
1
13
0
8
10
0
1
3
7
9
28
32
24
6
0
4
9
10
15
23
13
0
0
7
2
10
3
0
1
23
7
6
8
8
9
0
0
8
0
8
8
11
9
19
15
13
22
27
26
18
13
9
29
36
27
19
40
22
30
36
31
39
32
32
40
68
39
31
40
25
32
17
16
34
32
6
31
33
22
26
38
31
32
2
29
18
41
23
17
27
28
20
26
32
7
22
22
27
25
24
22
13
39
11
27
4
0
5
8
20
6
4
4
34
3
10
4
28
5
4
5
3
12
3
2
3
19
10
0
5
12
9
14
0
5
7
2
6
15
2
11
9
5
2
10
15
21
11
17
29
50
20
34
38
18
53
12
31
45
25
22
21
77
14
38
63
36
21
24
77
37
51
25
73
26
46
32
27
63
91
27
12
28
32
33
19
19
65
13
14
16
86
8
19
31
4
40
17
32
1
38
13
25
28
37
26
42
22
25
21
19
70
6
46
21
22
49
28
15
15
24
40
13
5
13
47
16
31
14
20
15
34
28
40
9
48
23
5
59
31
0
46
20
45
44
48
8
23
11
14
38
6
13
4
23
17
2
0
3
