23
20
20
20
20
20
20
20
19
21
19
20
20
21
21
22
21
21
20
21
21
20
20
23
20
21
20
20
20
20
19
21
20
21
20
20
22
20
19
19
18
19
18
17
18
17
18
17
18
17
17
16
16
16
16
15
15
15
15
17
16
16
13
12
12
12
12
11
12
12
12
11
11
11
11
11
10
10
10
9
9
9
8
8
8
8
8
9
9
8
8
9
8
7
7
7
7
7
7
7
7
7
7
7
7
7
7
7
7
7
7
7
7
7
7
7
7
7
7
7
8
7
7
7
8
7
8
7
7
8
8
8
8
8
8
9
9
10
9
9
9
9
10
10
10
11
11
11
11
11
13
13
13
13
13
14
15
14
15
16
15
15
19
16
17
16
17
17
18
19
20
19
19
20
22
24
21
21
22
22
22
21
23
22
22
24
22
22
22
22
23
23
24
22
23
26
22
23
22
23
23
22
24
22
22
22
25
22
24
22
22
25
27
22
22
22
22
22
22
21
24
22
22
22
23
23
22
21
22
22
22
21
24
23
23
22
23
22
23
23
23
22
23
24
22
24
25
27
25
25
27
24
24
27
24
25
24
23
23
22
24
23
25
24
22
24
24
22
24
25
31
29
26
22
21
22
22
20
21
20
20
19
19
20
21
22
19
18
