5
5
4
4
3
3
3
3
3
6
3
2
3
3
2
2
2
3
3
2
2
2
2
2
3
2
2
2
2
2
2
2
3
3
2
3
3
3
3
3
3
3
5
4
3
3
3
2
5
3
3
2
3
3
3
5
3
3
3
3
5
4
5
3
4
3
3
3
4
4
3
3
4
3
3
4
3
3
4
4
3
5
5
4
6
6
5
5
4
5
4
5
4
4
4
4
5
7
8
8
8
10
7
8
7
6
8
7
9
11
8
13
12
11
12
10
13
16
16
14
20
19
18
15
14
13
15
15
14
15
14
11
20
22
21
15
15
11
11
10
8
8
9
9
16
15
13
12
14
12
13
15
15
15
15
13
20
21
20
19
23
20
23
28
26
31
37
28
46
32
34
34
39
36
37
36
33
32
26
24
40
37
37
36
40
40
39
38
41
42
39
40
46
44
41
41
39
38
40
39
39
41
40
39
44
47
42
44
45
34
45
37
34
32
33
29
37
35
34
36
31
29
26
23
21
24
25
26
33
28
26
28
35
34
34
31
35
28
28
27
30
25
27
28
26
30
27
24
26
21
20
19
24
20
12
16
14
12
13
13
15
15
14
13
15
13
11
11
10
8
9
8
7
7
7
6
10
11
6
4
4
4
5
4
4
4
3
3
