54
51
51
50
60
53
76
51
56
55
58
53
55
53
56
55
56
56
53
55
58
57
57
58
58
54
54
56
57
54
63
63
54
53
54
54
55
52
50
50
52
49
49
47
48
50
49
46
45
46
43
43
42
41
40
56
35
38
37
36
35
36
39
33
32
32
33
34
35
34
30
30
28
29
30
30
29
31
25
43
25
24
24
25
25
25
23
22
23
22
20
21
21
21
20
20
19
17
18
19
20
19
18
35
20
16
16
18
17
17
17
18
18
17
16
16
16
17
18
17
16
16
16
16
18
19
20
19
37
18
17
19
18
20
21
23
26
26
25
26
28
29
28
29
30
29
31
32
34
36
33
35
54
36
37
37
37
38
41
38
41
40
41
42
42
45
45
46
48
50
52
49
52
52
52
55
74
58
56
58
56
57
57
62
59
59
61
61
59
61
61
63
60
62
60
64
63
62
64
69
68
76
65
63
61
62
62
61
63
64
63
62
67
64
64
64
67
61
65
67
63
64
60
78
66
67
69
69
65
64
82
67
66
69
65
69
72
68
67
69
67
67
69
66
64
65
65
62
61
62
63
67
67
68
83
65
68
65
64
67
66
65
70
63
59
59
64
60
63
58
61
60
59
58
59
60
56
67
68
58
57
50
58
59
54
62
59
54
