47
48
53
49
52
50
50
53
50
50
51
51
51
56
53
51
48
47
48
49
47
45
47
51
47
49
50
47
49
47
49
46
51
45
45
46
48
45
45
44
41
48
43
45
46
47
47
40
42
45
44
45
40
38
40
40
44
45
42
38
36
37
38
37
37
36
36
39
44
40
39
39
35
35
37
34
37
36
35
36
39
38
36
35
37
37
38
37
36
36
35
36
38
35
36
36
36
37
34
36
38
35
35
37
36
35
35
33
34
35
34
36
35
39
37
38
37
36
37
36
40
37
34
35
36
41
35
35
35
35
37
35
35
37
37
38
41
39
40
41
38
38
39
43
41
40
41
38
41
40
42
39
43
40
40
43
44
43
44
48
44
46
46
56
47
47
51
49
54
48
52
50
54
57
53
58
54
56
57
57
59
56
54
59
58
60
57
54
60
56
61
60
59
55
56
57
56
57
57
59
57
60
56
59
58
58
62
62
64
58
60
60
61
61
61
61
59
60
57
61
55
58
59
56
58
57
55
56
54
57
56
57
58
55
56
55
54
55
52
58
54
57
53
55
52
58
56
50
53
52
53
55
53
55
52
53
53
53
50
53
55
56
59
55
57
57
52
52
48
47
49
56
53
50
50
52
48
47
44
43
46
48
47
43
47
52
44
43
