47
47
51
46
49
48
49
46
43
50
47
50
45
48
46
50
45
42
44
48
46
48
46
45
50
48
48
47
53
44
45
46
51
50
48
46
46
43
42
42
43
47
43
44
44
44
45
42
42
43
41
43
39
38
39
39
40
38
37
35
34
35
37
33
34
33
33
34
36
33
32
33
33
31
33
32
32
31
31
29
31
32
29
30
29
30
29
34
30
30
30
30
29
30
32
31
31
31
32
34
36
33
33
32
33
31
36
35
35
33
33
31
33
34
34
31
33
31
33
31
31
31
30
31
34
32
31
31
32
34
35
32
34
33
33
41
43
41
37
34
34
33
39
35
36
36
35
39
38
38
38
38
43
39
38
40
42
46
45
46
45
49
44
45
43
48
45
48
52
51
48
48
53
52
51
52
53
56
55
53
53
53
52
53
57
57
61
56
55
58
54
56
63
62
63
60
62
64
60
57
60
63
57
54
55
59
56
60
58
57
57
55
57
58
54
58
55
54
58
56
54
56
54
56
55
52
54
52
55
58
55
57
57
53
54
59
54
55
55
52
54
56
52
52
54
51
52
56
50
49
54
52
50
53
50
53
49
54
48
48
52
49
49
53
51
49
48
49
48
48
50
47
49
47
48
49
49
46
45
43
45
43
43
44
48
46
46
44
