43
43
46
41
41
41
47
42
43
42
44
40
41
42
39
42
38
42
39
39
38
42
42
40
40
47
43
43
39
41
42
39
40
42
38
38
40
42
42
39
36
35
39
36
35
37
37
35
38
33
36
35
32
32
32
33
30
30
30
30
33
30
30
29
28
31
28
27
28
29
34
31
29
29
30
32
28
29
27
29
31
29
28
28
32
29
30
29
32
29
28
30
28
32
29
28
28
28
29
28
28
28
30
32
28
29
28
27
33
29
29
30
29
30
31
30
29
30
30
33
32
30
31
32
29
29
29
29
30
29
29
31
30
30
30
34
34
34
35
31
31
32
35
31
34
33
34
36
35
36
34
37
34
36
38
39
39
37
40
41
40
40
42
40
39
40
43
40
42
43
42
41
47
44
44
46
44
50
45
46
48
44
49
53
49
51
51
50
51
47
50
50
51
49
48
49
48
50
48
51
49
53
51
52
50
50
52
49
51
50
54
50
51
53
55
50
54
50
50
50
52
48
48
50
48
50
48
48
50
46
50
45
46
49
47
48
47
44
48
44
47
49
49
55
53
47
49
45
48
44
45
47
47
45
50
44
44
50
46
45
46
44
43
46
44
42
43
42
43
45
42
42
42
46
43
42
44
42
42
41
44
40
41
44
40
42
41
41
