45
45
44
42
44
45
43
44
42
46
44
45
43
45
46
44
44
45
47
46
45
45
46
45
45
46
46
45
45
43
44
46
45
45
45
45
42
44
43
43
47
41
41
41
43
40
39
37
39
37
39
36
39
36
39
36
35
35
35
34
35
34
33
33
36
32
33
34
32
33
34
31
33
31
31
33
31
30
30
31
30
34
30
38
31
31
30
33
30
31
31
31
30
33
31
32
32
33
35
31
32
31
32
32
33
32
31
30
32
34
30
32
30
31
34
31
31
33
32
32
36
32
32
32
32
34
33
33
33
34
35
33
33
32
34
36
34
33
35
33
35
34
36
35
36
38
35
35
35
36
41
38
38
39
37
39
38
40
39
41
41
42
42
44
42
45
45
49
45
46
48
46
46
47
47
47
50
48
47
50
48
46
48
50
51
51
50
49
51
51
55
53
55
54
50
54
57
55
54
53
52
54
53
52
56
53
54
54
54
55
53
51
56
52
53
52
54
54
50
51
52
49
52
48
49
53
48
49
53
50
55
50
50
53
49
48
50
50
49
50
50
51
52
51
51
50
48
47
49
46
46
49
46
46
47
50
45
47
49
45
46
47
45
43
45
45
41
42
47
45
46
43
47
47
44
45
46
43
42
43
45
43
43
42
42
45
44
43
