53
50
51
50
54
49
61
53
49
53
56
51
51
57
61
51
50
60
71
47
48
45
48
45
48
47
50
50
49
49
53
49
47
50
45
50
46
48
51
50
52
47
64
50
50
50
47
46
46
47
51
47
48
47
55
48
46
44
46
47
43
42
43
45
45
43
56
43
44
44
45
44
44
42
42
41
41
39
41
43
47
39
45
40
52
45
40
43
41
43
39
39
38
37
39
53
40
37
39
40
41
43
43
45
47
106
68
44
44
37
38
39
40
41
62
38
40
41
38
38
42
44
39
38
39
39
38
43
38
41
39
37
40
41
45
42
40
42
46
46
50
46
49
66
56
43
47
44
52
49
45
42
44
60
41
46
50
43
49
46
53
46
50
51
50
50
53
54
61
50
46
46
48
49
46
45
45
44
45
49
50
44
43
53
50
47
46
50
46
43
45
44
48
45
44
48
43
47
50
45
54
43
45
59
45
46
48
49
51
45
49
50
48
48
50
48
45
48
45
49
47
47
44
59
43
44
43
49
48
45
47
42
44
45
58
45
45
44
46
43
44
47
46
42
57
42
47
52
50
50
48
109
50
45
47
54
42
49
44
48
50
47
48
63
51
52
45
49
46
47
47
48
46
46
47
46
44
43
46
42
46
50
44
45
47
45
46
61
