21
20
20
20
21
21
22
21
20
21
23
28
21
22
20
20
19
21
19
19
20
20
22
20
18
19
23
22
20
20
22
20
20
22
23
23
19
19
20
20
21
20
20
19
21
18
20
17
16
17
18
17
17
17
17
19
20
20
19
18
17
17
18
15
14
15
14
15
15
15
16
17
16
16
14
16
14
13
15
13
13
13
14
13
11
12
11
11
12
12
10
12
11
11
12
12
12
11
11
11
11
10
12
10
10
11
11
12
12
11
11
10
10
9
9
10
13
12
14
12
11
10
10
10
11
10
11
10
10
11
11
10
10
11
11
11
12
12
12
12
11
12
13
12
12
12
13
12
13
12
11
13
12
12
13
13
11
14
14
15
14
14
16
17
15
18
18
16
17
17
16
17
17
17
17
18
17
17
19
17
16
18
17
19
19
17
18
16
20
18
20
20
18
18
17
17
17
17
19
18
17
17
17
17
17
18
17
17
17
16
18
19
19
19
19
18
17
16
19
19
20
19
20
20
17
19
20
18
18
20
21
21
19
18
18
20
19
19
19
20
19
18
18
16
19
21
20
19
19
19
22
22
22
20
20
21
19
20
20
19
19
20
22
21
19
18
19
19
18
17
20
22
23
21
20
20
19
18
17
19
19
20
20
20
19
19
20
18
