27
28
28
28
25
22
23
22
19
21
20
20
19
18
20
19
19
21
16
22
24
20
21
22
20
22
22
23
23
26
23
22
22
23
22
22
22
22
22
20
22
22
21
20
20
20
20
18
18
20
18
18
17
15
15
15
14
14
14
12
12
11
13
11
10
11
9
9
10
11
8
8
7
7
9
8
8
7
7
6
7
5
7
6
6
6
5
7
5
6
6
6
5
7
5
5
5
5
4
6
6
5
5
5
6
5
5
6
5
5
6
9
7
6
7
5
6
6
5
5
7
6
5
6
7
6
7
6
6
8
7
7
10
8
7
8
10
11
10
8
11
9
9
1
0
4
5
20
18
20
17
11
14
12
13
14
14
15
14
15
15
14
15
14
14
16
17
18
17
18
17
17
19
18
17
17
18
18
19
17
19
18
18
19
18
20
20
18
20
18
19
18
19
18
21
18
22
20
21
19
21
22
20
21
23
22
23
22
22
22
23
22
22
21
21
21
20
21
22
21
21
19
22
20
20
20
20
20
19
21
20
21
20
21
21
22
21
19
18
20
21
22
21
24
20
22
22
22
23
20
22
22
19
22
22
21
22
22
20
21
23
23
22
21
22
23
23
22
24
24
24
22
26
24
24
24
22
25
23
24
25
25
23
24
22
23
25
22
