71
72
74
73
75
73
69
69
73
75
78
74
72
77
75
67
66
67
66
62
67
64
65
65
62
61
68
67
66
63
62
61
68
66
67
64
58
60
62
60
60
62
60
61
66
69
66
62
64
68
68
68
60
60
61
63
70
71
63
59
65
66
66
67
65
63
63
70
74
74
72
70
66
64
66
65
66
66
65
64
61
60
62
60
59
55
56
60
59
55
54
56
55
59
61
63
61
59
58
58
58
60
56
58
60
59
54
54
54
53
55
60
60
55
58
59
60
60
59
59
54
53
53
54
57
60
50
51
54
58
56
58
55
60
59
59
57
60
63
64
63
60
63
68
64
59
64
61
58
52
47
47
52
49
50
51
52
52
52
53
54
55
54
62
57
58
66
76
72
70
69
71
78
77
70
69
77
80
78
77
81
76
71
73
80
77
76
76
77
78
83
81
80
75
76
79
78
76
76
77
78
77
77
77
80
79
82
85
81
75
75
80
79
77
82
81
78
78
81
81
84
79
80
79
77
78
74
75
76
76
83
84
80
76
77
80
74
75
79
78
77
80
81
75
82
86
81
78
78
76
82
85
82
82
79
80
80
78
78
80
85
93
91
90
91
89
85
78
81
81
82
87
86
82
81
85
81
78
80
81
81
83
83
82
84
89
82
83
