30
18
20
23
27
19
16
17
20
23
32
18
17
15
16
18
37
40
33
23
25
27
34
30
31
43
27
27
31
22
28
29
48
24
19
21
15
22
21
25
25
20
23
34
24
28
26
35
43
27
17
21
25
28
20
28
48
18
22
20
22
17
21
17
19
18
17
29
19
25
23
28
25
18
16
14
15
16
30
24
9
12
12
16
31
27
28
24
33
32
31
18
28
19
35
23
29
39
29
30
30
24
32
29
30
44
31
44
36
24
32
31
20
20
28
18
30
38
26
28
30
17
35
55
30
29
22
45
30
26
22
25
37
26
39
43
43
31
24
35
22
20
45
43
39
20
25
15
13
13
14
11
13
13
20
13
17
33
30
13
12
12
13
12
13
13
13
12
11
13
13
19
28
14
16
15
14
16
14
13
27
32
15
15
15
15
25
33
14
16
16
14
15
19
25
14
15
16
14
14
15
15
14
16
17
17
26
24
14
17
25
15
17
25
20
17
15
15
16
21
17
15
15
16
15
17
17
14
15
16
29
40
23
28
16
18
15
23
44
22
17
15
15
16
26
19
19
23
17
17
18
16
17
35
30
16
15
29
34
15
15
17
18
16
16
15
16
16
18
21
19
16
18
17
30
23
16
29
26
14
13
13
28
15
15
16
16
17
