24
33
26
13
18
14
18
27
12
12
14
13
16
16
17
29
15
13
11
13
19
24
19
17
21
33
15
24
32
30
28
30
25
18
19
20
31
38
30
26
21
18
18
40
23
24
18
42
28
30
27
17
39
20
20
24
21
34
30
29
22
20
36
15
27
34
22
18
13
14
14
17
15
19
19
21
20
20
17
18
27
34
15
21
33
17
24
24
24
28
26
18
25
41
40
28
23
26
20
22
28
17
23
20
15
14
16
32
19
29
21
46
22
20
31
32
19
28
32
23
33
40
22
26
29
26
20
30
30
27
45
26
24
20
31
41
29
29
34
58
31
28
29
22
29
22
16
35
14
12
12
11
13
13
13
14
12
11
11
11
28
16
26
26
22
11
11
24
12
37
12
14
14
13
12
14
14
13
13
17
14
13
14
29
21
32
14
19
37
17
15
34
14
13
12
40
18
15
15
14
15
13
14
14
28
15
16
13
13
12
12
13
16
13
14
15
12
23
25
14
15
13
13
13
19
28
12
15
14
13
23
26
15
21
37
12
16
14
13
13
13
12
12
12
14
27
12
15
12
12
13
17
28
14
13
14
12
13
13
13
16
28
14
12
13
26
34
30
29
18
15
19
22
14
15
14
14
28
13
12
10
10
15
15
14
15
14
14
