13
12
13
11
11
11
11
12
12
12
12
10
14
11
9
13
11
11
11
13
11
10
11
11
11
10
11
10
11
11
11
11
11
11
12
11
10
10
9
10
11
11
11
12
13
7
15
13
13
11
12
11
11
11
11
12
10
11
11
11
11
10
11
10
11
10
11
10
10
10
10
10
10
9
10
10
11
10
11
10
10
10
11
10
10
10
10
10
11
10
5
13
10
11
10
11
12
10
10
10
11
10
10
10
10
11
10
10
10
10
11
10
11
10
11
11
10
10
10
10
10
12
11
10
11
11
11
10
10
11
11
10
11
10
11
10
11
11
11
11
11
11
11
11
13
11
12
10
11
11
12
12
12
11
11
11
11
11
12
11
14
14
12
12
11
12
11
11
12
13
13
12
13
12
12
12
12
7
15
12
12
12
13
12
13
13
12
12
12
12
13
13
14
12
12
11
12
12
12
13
11
12
11
11
12
12
12
11
12
12
12
13
11
12
11
12
12
12
13
12
9
9
15
13
11
12
12
12
12
11
12
11
12
11
11
12
11
7
14
12
12
11
12
10
11
11
11
11
10
11
10
10
12
11
11
11
11
11
11
11
11
11
10
10
12
13
11
10
10
10
11
11
11
11
10
11
11
11
11
10
13
11
11
11
10
8
14
11
