22
23
26
24
25
26
24
24
25
12
6
20
24
23
24
22
23
23
22
21
23
22
22
22
20
19
23
22
21
21
21
21
22
22
20
20
19
19
20
20
20
21
20
20
20
21
21
20
20
22
21
21
20
20
19
20
24
24
23
22
26
27
27
25
23
24
24
23
24
25
25
26
23
21
21
19
21
20
22
23
22
21
21
20
20
19
19
462
145
56
23
23
21
23
24
26
25
22
23
22
23
25
26
26
29
29
25
26
23
21
21
23
23
23
23
24
24
23
23
21
20
21
20
22
21
23
21
21
21
24
24
24
21
22
23
24
23
24
24
25
26
27
27
26
25
22
23
22
21
19
18
18
19
18
20
20
21
21
21
21
23
24
23
25
22
22
24
26
27
26
26
27
29
28
27
26
29
31
30
29
29
29
29
29
29
29
30
29
28
29
30
29
29
26
28
28
29
30
30
31
30
31
32
30
29
30
29
29
30
28
28
31
30
31
30
23
27
26
27
28
28
28
28
29
32
28
27
25
31
26
28
28
27
28
33
33
27
28
28
27
28
28
29
26
33
32
29
29
29
27
27
28
29
30
35
34
34
34
33
28
28
30
31
30
31
29
28
27
27
28
28
29
31
30
27
30
29
27
31
31
29
27
29
28
30
31
29
29
