21
20
21
21
19
19
18
18
20
19
20
21
21
20
21
20
22
21
22
19
19
18
19
19
19
17
21
20
20
20
19
18
20
20
19
19
18
18
18
18
18
19
19
19
19
20
20
20
19
20
20
20
19
19
20
19
19
21
19
18
20
20
21
21
21
21
20
21
22
22
20
22
20
20
19
20
22
21
20
21
21
21
20
20
20
18
18
20
271
364
58
34
18
19
19
19
19
18
17
17
19
21
21
22
23
21
19
22
21
19
20
22
22
21
22
21
21
22
21
20
19
19
19
19
19
19
17
17
18
18
18
18
18
18
19
19
19
19
22
21
19
20
21
22
20
20
20
20
18
17
18
17
17
18
18
19
19
19
20
20
21
21
20
24
22
21
24
26
21
21
19
21
25
25
23
24
25
23
23
24
27
26
25
26
26
27
28
26
27
27
26
27
27
28
27
26
26
26
26
25
27
26
26
26
26
27
24
25
26
25
26
27
27
27
27
26
25
26
26
25
31
28
27
26
26
26
26
25
25
26
27
27
26
26
26
25
25
25
26
26
25
27
28
25
26
29
27
26
26
25
25
27
27
26
26
27
27
26
26
26
27
28
31
31
30
32
32
28
26
25
26
28
28
28
28
28
27
25
28
28
27
28
25
28
29
29
28
27
