35
36
35
35
36
36
36
36
37
38
37
35
36
35
35
34
34
33
32
32
33
34
33
34
35
35
34
34
34
35
35
34
35
34
34
34
34
34
33
33
34
33
33
34
34
34
34
34
33
33
28
27
28
31
33
31
26
25
25
25
25
24
24
25
25
26
34
34
34
31
29
29
33
35
33
30
33
33
33
32
32
32
33
32
33
32
32
32
32
31
31
31
32
33
33
33
33
33
34
33
32
33
33
33
33
32
34
33
33
33
33
33
34
36
35
35
35
34
34
34
33
34
34
34
33
33
32
33
33
33
34
33
33
33
33
35
35
34
33
33
33
33
33
33
32
32
32
32
32
31
32
33
31
32
33
31
30
31
31
30
31
32
34
33
30
30
30
31
32
33
32
32
32
31
32
32
31
33
32
31
31
30
32
32
32
33
32
32
32
32
31
32
34
35
34
35
35
34
34
33
32
31
32
31
33
34
37
35
24
34
32
32
32
32
32
31
31
32
32
33
32
32
32
32
33
32
32
32
32
32
33
33
33
33
33
33
33
33
32
34
34
32
32
33
33
33
33
33
34
34
33
33
33
34
33
33
33
31
28
32
33
32
32
32
31
34
33
34
34
32
30
30
31
37
38
37
35
35
36
36
36
37
34
35
35
35
36
37
