30
31
30
29
29
30
30
29
30
30
30
29
31
30
29
29
30
28
27
27
28
28
29
28
29
30
30
30
30
30
31
31
30
31
30
30
30
30
30
30
29
30
29
29
29
30
30
30
30
30
24
25
26
29
30
28
24
24
23
23
22
22
21
21
21
21
29
30
31
27
26
26
29
30
25
23
27
27
27
27
27
26
27
27
27
29
27
27
26
26
26
26
26
27
28
28
26
27
28
28
26
28
28
27
27
27
28
26
27
27
28
26
26
28
27
28
28
28
27
27
28
27
28
27
27
27
26
27
25
25
26
24
25
24
26
26
27
26
24
25
25
24
24
24
25
26
26
26
26
25
25
27
27
25
26
24
26
26
26
27
27
26
26
27
28
28
27
26
27
27
28
26
25
27
27
26
26
26
26
25
26
26
27
28
28
28
29
30
28
28
27
27
28
28
28
29
27
28
29
29
28
29
28
27
28
30
29
28
21
28
28
28
27
28
27
26
26
27
27
29
28
28
27
29
30
29
29
28
27
27
28
28
27
29
29
30
29
30
28
30
28
29
27
29
27
27
28
28
29
28
27
27
28
27
28
28
27
25
24
25
25
25
24
25
25
26
25
26
26
25
24
25
25
27
29
29
28
28
29
28
28
28
27
27
28
28
28
27
