28
27
30
28
20
17
15
14
12
12
11
15
14
16
15
15
16
16
18
17
17
17
16
16
17
13
14
16
17
12
10
9
8
8
7
6
6
5
5
5
5
13
23
27
26
29
29
30
29
29
29
36
30
33
32
35
32
36
30
28
27
28
30
29
37
27
26
25
24
23
26
24
24
24
22
26
27
23
26
23
23
26
24
24
23
22
24
23
25
21
23
21
20
20
20
22
24
22
24
23
23
21
23
22
20
22
23
22
24
21
22
23
22
22
21
19
21
21
18
19
23
23
20
22
21
20
23
24
23
24
19
18
21
22
23
22
21
20
19
22
22
26
22
21
23
22
23
25
24
25
27
27
27
25
24
29
38
27
27
25
24
26
24
31
30
30
30
31
34
28
34
36
34
29
30
34
34
37
36
34
37
32
35
31
38
39
33
36
28
35
32
40
38
34
32
37
36
38
34
36
36
37
35
35
39
42
38
36
31
33
42
49
35
35
34
36
41
36
40
38
37
39
45
41
38
37
36
36
37
38
46
39
33
34
36
30
33
34
37
39
41
36
45
41
47
40
46
38
38
39
39
37
37
46
43
42
43
43
42
39
41
43
44
41
38
39
39
39
39
40
48
46
43
41
41
38
42
45
41
44
38
41
46
40
39
38
38
39
