56
54
55
56
57
53
53
54
55
56
56
56
59
61
57
56
55
53
53
52
55
54
54
54
55
54
53
53
52
51
50
51
53
52
53
53
53
54
53
53
51
52
51
50
50
54
52
53
56
56
57
57
55
55
55
54
51
53
52
54
53
53
53
49
49
49
49
47
46
46
49
48
50
48
49
47
48
48
48
47
47
46
49
48
49
48
47
49
47
46
48
46
44
46
47
47
48
47
46
50
45
47
48
49
49
49
46
48
46
47
48
48
48
49
47
48
48
46
45
45
47
47
46
47
50
46
49
47
48
46
45
45
49
46
47
46
48
46
46
45
45
46
45
43
52
50
48
49
50
49
48
46
49
48
52
47
48
50
49
50
48
50
51
50
50
49
49
48
51
51
50
50
52
53
56
54
53
52
51
52
52
52
52
54
55
54
56
55
59
54
54
52
51
52
53
55
54
55
57
58
60
59
59
57
58
54
57
58
58
58
57
60
58
61
61
60
61
55
55
57
55
57
58
59
60
59
56
57
58
56
56
57
55
56
57
57
59
58
58
59
60
58
55
57
58
54
57
56
55
57
56
56
57
55
54
55
55
57
58
57
56
59
57
56
57
57
55
55
56
53
53
57
54
57
56
56
56
56
54
53
53
55
54
58
57
56
59
56
