59
57
57
56
54
56
59
54
55
54
57
59
59
57
58
55
54
55
58
57
57
54
57
54
59
59
57
57
59
57
56
57
55
56
57
55
55
57
55
60
60
58
58
58
55
56
54
54
54
56
54
56
58
56
54
54
55
56
56
57
53
50
53
51
53
56
54
55
59
54
52
51
52
50
49
48
50
53
51
51
54
53
52
50
50
47
48
49
45
48
48
46
47
52
50
52
52
49
47
49
46
46
47
46
47
50
51
52
51
49
49
49
49
46
47
47
45
50
50
51
53
51
50
49
50
48
48
47
48
49
52
51
51
52
53
51
53
53
47
49
48
47
49
51
53
50
52
53
52
54
54
54
53
52
52
53
52
55
50
51
50
53
53
55
55
55
52
58
63
61
62
62
59
57
61
60
59
61
58
60
63
59
62
60
60
60
60
60
57
58
55
55
56
56
56
55
56
56
56
59
57
58
57
57
56
57
57
56
59
57
61
63
60
60
59
57
58
60
60
59
58
58
57
61
61
59
60
57
57
57
58
55
55
57
58
55
59
61
58
57
57
56
59
56
57
56
55
57
56
58
54
56
56
53
58
65
60
61
62
60
58
61
57
57
56
55
56
59
58
58
56
55
57
63
59
59
60
55
52
57
57
54
55
56
55
56
55
54
