63
61
59
58
61
57
58
57
58
59
57
56
57
54
60
59
62
58
58
57
60
60
55
53
58
57
59
61
57
54
53
59
60
58
59
59
59
58
60
60
56
57
54
56
53
66
64
59
57
58
55
58
57
58
56
57
54
57
59
56
53
52
51
49
51
55
57
52
53
50
57
56
55
53
54
47
46
46
47
48
49
47
52
51
51
50
49
47
54
53
48
50
46
49
50
50
53
51
49
53
48
47
46
51
50
56
53
50
49
48
43
47
52
48
45
44
45
44
44
45
48
53
53
48
54
52
54
51
51
46
46
45
49
46
45
46
47
46
45
45
48
47
44
43
52
53
52
50
48
47
44
47
47
52
51
50
51
54
52
53
51
53
47
48
47
49
51
52
57
54
52
52
51
53
56
54
54
54
57
53
59
55
58
60
55
53
58
55
60
53
54
53
53
54
54
53
53
54
56
57
59
58
54
54
52
53
57
57
54
54
54
58
58
58
55
57
58
55
56
59
56
57
57
57
58
57
58
59
66
62
61
61
57
57
56
59
62
58
60
59
58
56
57
57
60
55
54
53
57
62
57
55
56
55
56
58
58
57
58
56
58
67
63
64
64
59
56
57
54
55
54
54
56
59
57
58
57
57
56
55
56
59
60
62
58
61
63
59
