55
55
54
54
57
52
52
52
52
53
51
54
53
54
54
53
55
52
51
51
51
54
52
54
55
55
54
53
54
56
53
53
51
53
53
51
56
53
53
53
52
56
53
52
53
53
54
50
52
51
52
51
50
52
53
51
50
48
49
49
49
52
49
50
49
49
51
50
48
48
49
48
48
49
48
46
49
47
50
48
45
46
47
46
45
45
47
45
47
46
48
50
48
46
44
47
47
46
50
47
46
46
45
48
48
46
48
45
47
45
45
47
47
47
46
48
48
45
44
45
46
46
46
50
48
47
48
48
52
47
45
45
46
47
46
47
48
47
48
46
50
52
48
49
47
49
49
49
52
49
51
52
51
56
51
47
49
48
50
49
52
51
51
52
52
53
53
49
52
51
53
51
52
57
54
55
55
53
57
54
56
56
55
56
52
56
57
59
57
54
57
57
55
55
53
54
53
54
59
57
58
58
58
59
56
57
55
55
55
54
57
56
58
55
54
57
58
55
56
56
56
57
55
58
57
59
56
58
58
58
57
55
56
55
55
59
56
57
56
54
60
58
54
57
56
55
55
55
57
56
57
55
57
58
55
57
54
55
53
53
58
56
57
55
56
58
57
55
53
53
53
52
55
56
55
58
57
57
56
53
54
53
54
53
53
57
55
55
