2
2
2
2
2
2
2
2
2
6
2
2
2
2
2
2
2
2
2
2
4
44
2
2
2
2
2
2
2
2
5
2
2
27
33
46
5
2
2
5
2
2
5
22
46
41
46
10
3
3
2
2
2
2
2
2
5
5
42
20
5
2
2
2
6
2
2
2
2
2
2
6
2
2
2
2
2
2
2
2
2
2
2
2
3
33
47
22
2
2
5
44
12
2
2
2
2
2
2
2
2
2
2
2
2
2
2
2
2
34
46
2
2
2
2
2
2
2
2
2
2
2
2
2
2
19
3
2
2
2
2
2
2
4
21
7
2
2
2
2
2
2
2
2
2
2
2
2
2
2
2
2
2
12
35
51
4
2
2
5
26
36
4
2
2
2
2
2
2
2
2
11
41
2
2
2
2
2
2
2
2
2
2
2
2
4
2
2
2
2
2
2
2
19
34
2
2
42
24
2
2
2
2
2
2
2
2
2
2
2
2
2
2
2
19
46
24
2
2
2
2
2
2
2
2
2
2
6
2
2
2
2
2
2
2
2
2
2
2
2
2
2
2
2
2
2
2
2
2
30
44
7
2
2
2
2
2
2
18
47
14
2
2
25
41
42
2
5
2
2
2
2
2
2
2
2
2
2
5
2
2
2
2
2
2
2
2
2
