44
44
46
8
3
2
2
2
2
2
2
2
2
2
2
2
2
2
2
10
26
26
16
2
2
2
2
2
2
2
2
2
2
2
2
2
2
2
2
2
2
33
10
2
2
2
2
2
2
2
2
2
2
2
2
2
2
2
2
2
2
5
2
2
2
2
2
10
43
27
14
43
18
2
2
2
2
2
2
1
1
2
4
3
42
42
47
7
2
2
2
2
5
2
5
2
2
2
36
3
2
2
2
1
1
4
1
2
13
42
33
2
2
2
2
3
1
2
1
1
1
1
1
1
1
1
1
1
1
1
1
1
24
44
1
1
1
18
43
20
2
2
8
45
40
36
42
3
2
1
1
4
2
1
1
1
1
1
2
2
2
2
2
2
2
1
2
5
2
2
2
2
2
2
2
1
1
7
45
2
2
1
1
2
2
2
2
2
2
2
2
2
2
2
2
2
2
2
2
2
2
2
2
42
20
2
2
2
2
4
2
4
44
17
2
2
2
2
2
2
2
2
2
2
2
2
2
2
2
2
2
1
1
2
21
40
2
2
1
2
2
2
2
2
11
5
2
2
2
2
2
2
5
3
2
2
43
24
2
2
10
26
2
2
2
2
2
2
2
2
2
2
2
2
2
2
26
42
2
2
2
2
2
26
19
2
1
1
