72
83
80
75
75
65
70
80
86
75
74
87
75
79
90
95
82
84
80
88
86
92
87
102
95
81
83
85
79
84
80
86
87
93
91
98
97
89
95
96
93
92
88
90
88
96
98
98
88
84
70
78
77
80
79
79
80
82
80
77
79
81
83
83
89
90
85
97
96
96
97
98
88
85
81
78
75
59
56
62
61
75
70
79
85
88
92
90
94
94
84
81
67
62
64
61
75
71
95
94
93
90
77
66
65
66
64
75
77
92
83
72
67
66
66
73
75
94
66
69
69
69
82
87
97
86
86
88
84
66
64
63
71
78
89
75
63
65
66
78
88
94
69
65
67
83
81
106
90
83
81
69
65
67
78
85
97
92
97
92
88
106
109
100
99
102
97
89
92
100
92
93
92
89
88
96
80
80
92
82
81
91
74
131
133
96
112
152
83
74
70
69
73
79
83
74
63
79
66
77
80
78
73
72
71
72
71
72
63
61
59
68
69
81
73
66
63
63
64
66
65
70
66
62
67
57
60
73
57
63
61
80
63
62
74
66
68
68
70
71
78
71
69
65
66
73
61
72
89
66
63
77
59
63
64
65
71
80
62
70
75
73
74
84
74
68
59
61
63
57
56
59
63
66
62
67
61
64
66
63
64
64
68
64
67
57
63
61
