27
20
25
25
21
22
15
17
16
24
22
25
35
30
26
19
22
19
17
20
14
14
19
19
21
32
22
20
24
23
21
19
19
27
26
18
15
18
18
26
34
22
18
16
18
27
29
22
15
18
17
18
20
28
16
13
15
18
11
11
15
15
12
12
11
11
12
11
9
18
11
11
10
9
8
11
7
10
10
10
12
9
9
9
9
7
7
8
7
6
6
7
18
10
8
8
7
7
9
7
8
7
8
11
23
24
24
28
25
28
29
24
24
27
28
31
31
32
32
38
38
40
37
35
37
34
35
30
30
27
30
32
31
32
29
30
29
27
30
32
31
30
34
33
30
29
31
34
29
27
25
28
26
25
27
26
26
21
25
31
26
24
27
27
25
23
31
49
29
27
33
23
24
29
28
29
29
31
33
30
35
36
36
45
32
36
40
37
33
31
34
37
40
25
45
38
45
46
42
39
30
36
49
42
33
34
29
31
30
27
23
28
34
45
23
29
26
24
24
19
25
24
23
23
18
20
19
26
26
35
24
20
31
24
24
23
23
19
18
17
19
29
27
19
22
23
20
22
23
24
22
28
24
22
25
29
25
22
26
23
29
23
34
39
32
28
30
28
55
36
25
58
31
33
24
25
21
25
36
25
35
32
33
45
48
38
32
33
