63
63
63
62
65
65
67
66
65
63
63
65
63
63
61
62
62
60
62
64
61
63
63
62
63
62
63
62
60
63
63
63
63
62
60
62
62
62
59
60
59
58
58
58
57
56
55
56
54
54
52
51
52
51
50
51
48
48
47
46
46
46
44
44
45
44
41
42
41
41
40
40
39
39
39
38
37
37
37
37
35
36
38
38
36
34
34
35
37
33
34
33
31
31
31
33
31
31
31
32
31
29
30
32
31
31
29
29
30
29
27
28
28
29
28
28
27
27
26
27
28
27
28
26
26
27
27
27
27
28
27
27
28
27
27
29
30
30
23
0
0
0
0
0
0
0
0
0
0
0
0
0
0
0
0
0
0
0
15
35
36
37
38
37
38
40
39
39
42
39
41
42
43
43
44
44
43
44
45
43
46
44
45
48
47
48
47
48
47
49
47
47
47
47
45
46
47
47
50
48
50
50
50
49
50
48
49
50
49
49
49
51
51
50
52
51
48
50
50
50
52
50
50
50
51
52
50
51
49
51
51
49
49
49
48
48
50
50
49
48
51
50
49
52
51
51
50
51
51
51
52
52
52
51
50
51
49
47
49
50
50
48
49
47
49
48
48
48
49
48
47
46
48
47
49
50
47
49
49
50
51
49
49
52
52
50
50
48
