67
67
64
64
63
62
63
63
65
63
65
64
65
67
67
68
65
66
67
66
66
67
66
65
64
63
64
64
62
62
60
61
61
59
61
61
60
60
60
59
59
60
58
57
55
55
56
54
54
52
52
54
53
52
51
49
47
47
46
46
45
44
46
44
44
44
43
42
41
39
40
40
38
38
39
38
37
38
36
37
36
36
35
35
34
34
34
33
35
33
34
33
32
32
33
32
33
31
30
31
31
31
31
31
32
30
30
30
29
27
27
28
27
30
28
27
27
26
26
28
27
28
28
27
27
27
27
28
26
29
29
28
30
27
28
28
30
29
24
22
24
24
25
23
25
26
26
28
28
29
28
29
30
31
33
34
34
33
34
36
37
37
37
37
38
40
37
42
39
41
40
42
43
41
41
42
44
41
42
43
44
44
44
46
45
46
46
45
46
48
45
46
46
45
46
47
47
47
47
48
50
49
48
47
48
47
48
51
52
50
51
51
53
51
52
49
48
49
51
48
50
48
49
49
50
50
51
50
49
51
51
50
49
47
51
53
51
53
51
51
51
50
52
52
51
52
53
50
54
54
52
51
51
49
48
50
50
50
50
49
50
53
55
55
52
48
48
49
46
48
48
46
48
49
52
50
50
50
52
51
52
49
51
48
50
51
50
49
