64
63
63
65
66
65
63
65
64
64
63
64
63
63
64
0
62
62
64
65
64
65
63
62
62
63
60
62
62
61
62
61
60
62
59
61
62
60
58
61
59
59
58
58
57
56
56
54
56
54
52
52
53
51
50
49
48
48
47
48
46
44
46
44
44
43
42
42
41
39
40
40
39
38
38
38
39
38
38
38
37
35
37
36
34
36
35
34
35
34
35
33
33
34
33
31
32
32
31
30
32
29
30
29
28
28
28
28
29
29
27
29
28
29
29
28
27
25
25
26
28
26
27
27
28
25
27
26
26
26
27
28
27
26
26
27
28
29
25
20
22
23
23
24
24
25
25
25
27
27
28
28
30
30
31
32
30
31
32
34
34
34
37
36
38
38
38
39
40
40
42
40
40
40
42
42
44
44
43
45
44
44
45
45
46
47
47
45
48
46
48
48
47
47
48
48
49
49
46
48
46
50
49
49
47
47
47
49
48
48
50
49
50
49
50
49
47
49
50
47
49
50
49
49
48
49
48
49
49
47
49
50
52
49
50
51
52
50
49
51
50
51
50
51
52
53
51
50
52
52
54
53
51
51
50
49
48
46
49
48
47
50
49
50
47
49
50
48
48
47
49
46
50
48
49
49
49
49
51
50
50
51
51
49
50
48
48
48
