64
64
63
63
65
63
64
62
64
64
64
63
62
62
63
64
63
62
61
63
61
62
62
62
62
61
63
61
61
61
60
60
61
63
61
62
60
59
58
58
58
57
57
55
55
56
54
54
53
52
56
52
53
50
50
49
47
46
47
45
44
45
43
42
44
42
42
42
39
40
40
39
38
39
38
37
37
36
36
36
35
36
35
35
35
34
35
35
33
34
33
31
31
34
35
38
35
31
31
31
30
29
30
30
29
28
31
28
28
28
27
29
28
28
28
26
27
26
26
27
27
27
27
26
27
27
27
27
27
25
27
27
28
27
27
27
28
29
23
20
23
24
23
22
24
25
25
27
27
29
27
28
30
31
31
32
32
32
32
33
34
35
37
36
35
37
37
40
40
39
42
40
41
39
42
42
42
42
43
44
44
43
45
46
44
46
47
45
46
46
47
48
46
47
45
48
47
48
48
46
48
47
48
50
49
48
48
51
53
51
48
49
51
50
50
48
48
48
48
49
50
50
49
50
50
49
50
50
49
50
48
50
48
50
50
50
50
49
49
48
49
48
48
51
51
51
49
48
53
53
54
52
52
51
47
49
48
48
49
48
51
49
48
49
48
47
49
47
46
48
46
45
48
48
49
48
47
49
49
50
50
50
48
48
48
48
48
49
