63
64
67
64
64
63
63
64
64
65
62
65
62
68
63
63
62
62
64
68
64
64
63
65
65
62
63
61
62
60
61
59
61
60
58
59
61
0
61
58
60
59
58
57
58
56
54
53
52
52
51
52
52
51
50
50
47
46
46
45
43
45
42
42
43
41
40
40
40
40
41
39
40
38
37
36
37
36
36
36
34
36
34
33
34
34
33
33
34
33
34
32
31
32
32
33
34
33
33
33
30
30
30
32
32
33
31
30
30
28
28
29
28
29
28
29
27
26
26
26
27
26
26
26
27
27
26
26
28
26
25
25
26
25
26
28
28
28
23
21
21
23
24
24
27
27
26
27
27
27
28
28
29
30
31
32
31
31
34
34
35
38
40
39
38
40
38
39
39
40
42
43
41
42
42
44
45
44
45
44
45
46
46
45
47
48
47
48
47
48
48
45
46
47
47
46
49
48
47
47
48
47
48
45
47
47
47
49
48
48
50
48
50
50
50
52
47
48
49
50
48
49
50
49
49
50
49
49
48
47
48
49
49
50
49
51
52
51
49
51
51
51
50
52
51
51
51
50
53
53
51
52
51
50
50
50
49
48
47
48
49
47
49
46
48
49
48
47
47
45
45
47
47
47
48
48
48
48
48
48
48
49
51
51
49
50
50
49
