62
63
63
63
65
62
64
62
65
64
66
63
64
64
65
61
61
63
64
62
63
61
62
61
61
61
62
60
62
61
61
60
58
59
59
60
61
59
59
58
58
57
57
60
63
62
57
55
53
51
53
51
51
49
48
49
47
45
45
45
43
44
43
43
42
42
41
41
39
38
39
39
38
37
37
36
36
36
36
35
34
37
36
36
33
33
34
33
35
33
33
31
31
32
32
30
30
31
32
30
29
30
30
31
29
30
30
29
29
28
28
30
29
27
26
26
25
25
26
25
27
26
26
25
25
25
26
25
26
27
29
27
27
25
27
25
27
27
23
18
21
22
21
23
22
24
25
27
26
27
27
28
27
30
31
31
31
31
33
33
32
34
34
34
36
39
40
39
42
40
41
40
40
43
42
43
42
42
43
44
44
45
45
45
47
45
46
46
46
46
44
45
45
46
45
46
47
48
47
47
48
50
49
47
49
47
50
51
52
51
50
50
51
50
52
50
50
49
48
51
50
50
47
49
50
50
49
49
48
48
49
48
49
48
50
49
50
49
48
49
50
50
50
51
52
49
50
50
51
53
52
53
52
50
48
50
49
50
49
49
51
49
51
49
50
49
50
49
47
48
47
45
47
48
49
50
49
48
51
49
51
50
50
50
49
49
49
49
