68
65
67
65
66
65
65
64
65
65
65
63
67
64
65
68
65
63
65
64
65
68
66
64
69
66
67
68
69
66
66
64
65
66
66
62
68
62
61
62
62
62
62
61
60
61
62
60
65
61
60
64
63
60
57
59
57
58
55
54
58
55
55
55
53
53
54
52
53
54
54
53
57
56
55
55
55
53
57
55
56
56
59
55
62
61
60
60
61
59
60
58
60
59
57
57
61
57
55
57
62
59
59
58
56
57
57
55
61
60
58
59
61
59
59
58
57
58
58
59
63
61
62
60
62
63
56
55
54
55
54
54
59
56
57
52
53
54
57
59
61
59
59
55
66
65
61
62
64
59
57
53
53
55
55
54
59
58
58
58
57
57
58
57
57
59
58
56
65
58
58
61
62
61
60
59
59
60
59
58
64
66
65
67
65
65
64
61
61
62
63
61
65
63
64
68
67
66
68
66
66
66
64
65
68
68
65
67
66
65
65
64
66
64
63
60
68
63
0
60
62
62
62
58
60
59
58
60
63
61
60
60
60
58
60
58
60
59
59
58
61
59
59
63
65
62
62
59
59
61
60
60
66
62
63
63
62
60
61
60
61
62
62
61
68
62
62
63
64
62
63
60
60
63
60
59
65
60
61
63
60
60
60
61
61
62
61
60
