26
26
26
28
26
25
30
32
28
26
28
27
28
26
27
28
27
27
27
27
27
30
28
29
28
27
26
27
27
25
25
25
26
25
26
27
27
26
27
26
25
25
25
24
23
25
24
24
23
24
23
24
24
23
23
0
0
0
0
0
0
0
0
0
0
0
0
0
0
0
0
0
0
0
0
0
0
0
0
0
0
0
0
0
0
0
0
0
1
0
0
0
0
0
0
0
0
0
0
0
0
0
0
0
0
0
0
0
0
0
0
0
0
0
0
0
0
0
0
0
0
0
0
1
0
0
0
0
0
0
0
0
0
0
0
0
0
0
0
0
0
0
0
0
0
0
0
0
0
0
0
0
0
0
0
0
0
0
0
0
0
0
0
0
0
0
0
0
0
0
0
0
0
0
0
0
0
0
0
0
28
29
33
32
32
33
30
25
25
25
25
25
24
25
25
26
25
26
27
26
24
25
24
23
24
24
24
23
25
24
24
24
24
25
24
24
24
25
23
24
24
23
24
23
23
23
26
25
25
24
24
23
23
22
23
27
25
24
23
24
23
24
23
24
25
24
24
25
26
24
24
24
24
24
24
24
25
24
24
24
24
25
24
25
25
24
25
24
24
26
27
27
27
27
27
26
27
27
26
26
27
27
28
30
30
30
28
27
