65
65
63
60
60
61
64
70
61
62
65
66
66
66
69
68
69
68
65
64
62
63
62
63
64
66
69
65
66
62
59
61
61
60
61
61
59
57
60
65
66
64
65
61
58
60
61
59
63
62
63
66
67
67
64
62
62
62
61
61
61
61
59
58
58
62
64
64
62
55
53
53
46
48
51
52
48
49
47
48
51
53
54
53
41
39
40
41
46
44
41
39
39
39
43
41
41
35
38
37
38
35
36
38
39
38
38
37
37
35
33
30
31
30
25
30
32
31
30
30
30
31
32
29
30
30
28
29
31
30
31
29
29
28
28
27
28
28
26
27
29
30
32
30
25
31
32
31
32
32
20
20
21
21
25
25
24
25
28
28
29
30
30
31
33
35
35
47
50
51
53
54
55
56
47
45
44
45
47
49
51
52
56
59
58
57
59
57
60
58
57
57
58
58
60
59
59
62
60
59
61
60
60
60
60
60
61
61
63
66
69
64
69
66
65
64
63
61
61
62
61
61
61
60
62
67
65
65
68
66
65
63
62
62
62
66
64
62
62
63
62
62
62
62
62
61
62
62
63
64
62
61
61
61
63
65
65
67
64
63
63
68
64
64
63
63
63
62
63
63
63
70
80
80
82
82
82
81
80
72
63
61
62
63
60
60
59
59
