31
31
30
30
30
27
28
27
26
26
25
26
25
24
24
23
22
23
24
23
23
25
25
24
23
23
24
23
23
22
22
21
21
20
21
21
21
21
20
21
22
20
22
20
21
21
20
21
19
19
19
19
19
19
18
19
19
18
20
18
18
19
18
17
18
18
17
17
17
17
16
17
18
17
18
17
18
20
18
19
19
19
20
20
20
19
21
20
21
21
21
22
24
25
25
25
26
27
27
26
27
25
25
27
27
27
29
28
28
28
27
29
31
30
31
31
32
32
33
33
34
35
33
35
35
36
36
36
36
37
37
36
34
36
36
35
35
36
37
36
35
36
37
36
35
38
36
37
35
37
37
37
39
40
41
42
40
40
40
39
41
41
43
42
44
43
44
45
43
45
45
45
45
44
45
46
47
46
46
47
47
47
46
48
47
47
48
50
48
48
49
49
48
50
51
53
50
50
51
51
52
52
53
53
55
52
55
52
54
54
55
55
56
55
56
57
56
56
57
56
59
59
59
60
61
60
61
62
61
64
63
65
66
65
66
66
67
66
67
68
69
69
71
71
72
74
73
74
75
76
77
75
77
74
73
70
67
68
66
66
62
63
63
60
58
56
55
53
53
54
50
47
48
47
44
42
42
41
41
37
38
36
36
34
34
32
33
31
