31
29
31
30
30
28
28
29
28
28
26
27
25
24
25
24
24
25
25
24
24
24
26
24
24
24
24
24
23
23
22
22
21
22
21
22
21
22
21
20
22
22
21
20
21
22
21
21
20
19
19
19
19
18
19
18
19
19
20
19
19
18
18
19
18
18
18
18
17
17
16
17
20
18
19
18
19
19
20
19
18
20
20
19
20
20
21
21
21
21
22
23
24
24
26
26
25
28
28
27
28
26
27
27
29
29
28
29
29
29
29
31
31
31
31
32
32
35
34
34
34
34
36
35
37
36
37
37
37
36
36
37
36
36
37
37
37
37
38
37
37
36
37
37
38
39
37
37
38
39
39
39
40
38
40
42
40
42
40
42
42
42
42
43
44
45
46
44
44
44
47
45
45
44
46
49
48
50
48
47
46
46
49
49
47
50
49
49
50
51
51
50
48
49
54
54
51
52
52
50
53
56
55
53
53
54
54
56
55
55
55
57
58
58
58
58
58
58
60
61
61
61
62
63
62
63
64
66
64
65
67
68
66
66
69
69
70
68
69
72
68
71
72
74
74
75
75
76
76
76
81
78
76
73
73
73
72
69
71
67
65
66
63
63
61
58
56
54
55
53
52
52
47
48
47
46
43
43
41
39
39
38
38
36
35
33
33
32
