48
70
18
2
2
1
1
1
1
1
16
97
77
37
37
26
14
3
2
1
1
2
1
1
17
52
60
42
52
25
2
2
1
1
1
12
2
1
9
79
60
38
33
6
2
1
1
1
5
2
9
48
67
39
31
2
2
1
1
1
1
1
1
1
1
21
59
51
59
35
2
10
1
2
1
1
1
1
1
5
63
59
55
67
3
2
9
1
1
1
1
1
1
6
68
40
60
16
2
2
1
1
1
1
1
5
52
56
35
32
3
2
2
2
1
1
2
1
1
11
45
50
66
20
2
6
2
2
1
1
1
2
8
2
2
1
2
1
1
1
3
9
9
1
1
1
1
1
1
1
1
1
1
1
1
1
13
61
33
18
8
2
1
1
1
1
1
1
1
8
51
46
30
3
2
1
1
1
1
1
1
12
75
54
21
5
3
3
2
1
1
1
1
1
1
1
1
1
1
1
1
1
1
1
1
1
1
6
23
66
15
48
34
17
15
6
4
2
1
1
1
1
1
2
49
56
59
74
54
14
11
9
4
4
2
2
2
2
1
2
1
1
1
1
1
1
1
1
1
1
1
1
1
1
5
51
48
105
66
33
40
47
36
28
37
16
31
2
1
1
1
1
29
25
76
27
33
24
34
18
24
13
8
4
3
2
1
1
