29
41
15
13
16
17
23
13
12
15
16
21
15
30
17
12
13
16
16
17
19
11
10
12
11
11
15
18
16
14
25
13
16
15
15
14
15
14
13
13
16
55
28
12
21
32
17
37
14
31
33
19
34
20
16
17
16
15
26
29
25
14
14
15
40
33
16
19
36
36
18
21
19
20
20
43
13
15
18
15
22
15
15
14
18
20
17
14
13
15
18
14
32
15
14
16
16
10
8
20
28
18
15
15
23
16
20
16
19
20
18
21
22
28
18
21
15
20
17
17
23
18
17
16
26
29
18
18
19
21
28
25
21
31
18
21
20
31
17
15
16
28
18
17
18
24
22
22
20
20
24
19
18
24
20
17
33
19
22
19
27
23
20
19
26
18
20
22
23
22
25
25
31
21
17
23
22
24
21
21
21
22
21
20
23
15
19
29
30
22
22
20
28
23
22
26
17
30
24
27
34
25
20
26
24
27
26
24
28
25
17
24
20
28
40
28
18
29
27
25
23
26
24
21
23
21
25
22
43
28
18
18
24
25
18
29
20
19
19
18
28
19
17
20
23
20
20
23
24
22
17
20
23
21
21
19
20
22
19
18
28
21
18
20
18
23
18
17
21
18
17
15
18
18
16
14
18
18
19
16
20
15
19
15
15
17
17
16
