41
25
14
3
2
2
2
2
2
2
27
36
78
102
70
59
6
3
2
2
2
2
2
2
24
38
66
75
50
19
3
2
2
2
2
2
2
2
9
43
68
49
56
9
3
2
2
2
2
1
11
60
68
56
16
3
2
2
2
1
2
2
2
2
2
28
51
57
38
25
10
2
2
2
2
2
1
1
2
8
50
70
68
25
3
3
2
2
2
2
2
12
2
17
66
65
48
21
12
2
2
2
2
2
2
15
42
68
37
15
3
2
2
2
2
2
2
2
2
20
43
75
39
22
3
2
2
2
2
2
2
2
8
3
2
2
2
1
1
1
5
13
13
1
2
2
1
1
1
1
1
1
1
1
1
1
39
50
41
32
12
2
2
2
2
2
2
1
1
24
55
65
65
4
2
2
1
1
1
1
1
22
80
63
37
6
4
13
2
2
2
2
2
2
2
2
2
1
1
1
1
2
2
1
1
2
2
15
50
36
39
36
37
20
15
11
7
3
2
2
2
2
2
12
55
87
60
56
56
28
10
8
4
3
2
2
2
2
2
2
2
2
2
1
1
1
2
1
2
1
1
1
1
1
17
49
69
63
69
49
43
28
24
18
14
10
7
3
2
2
2
2
36
49
25
26
52
41
24
24
32
13
9
4
3
2
2
2
