103
96
110
74
90
76
106
84
107
82
129
72
118
80
93
67
99
61
98
99
96
61
100
100
187
144
98
102
93
75
113
98
94
94
98
76
104
83
97
76
109
76
121
94
91
67
91
67
113
82
104
113
143
96
99
64
94
75
98
89
124
93
98
61
93
51
67
59
85
61
80
95
100
72
78
91
75
79
78
74
80
87
93
115
75
63
93
96
133
83
84
95
95
68
94
88
78
75
63
90
97
78
81
86
86
75
78
93
111
74
91
85
63
79
82
85
85
88
109
99
73
78
62
84
57
83
74
78
92
67
77
111
83
88
106
75
62
82
67
76
77
72
89
79
74
72
49
93
109
81
103
55
64
56
90
81
65
68
108
57
73
102
103
117
105
73
52
71
72
121
85
72
85
59
73
93
77
109
88
96
66
155
136
109
95
88
108
151
144
105
100
135
74
107
80
133
104
122
116
103
100
91
87
127
108
131
122
107
68
100
115
144
80
101
90
105
60
76
63
61
73
103
91
109
144
114
82
82
119
81
110
86
72
74
70
79
108
141
118
71
99
113
87
93
90
59
93
88
76
108
97
93
82
101
107
92
88
88
104
90
92
136
91
98
101
76
97
80
90
107
125
78
137
70
120
103
83
94
93
71
131
82
55
59
80
90
72
78
