59
73
39
6
2
2
2
6
7
2
33
74
35
59
88
28
4
2
2
2
2
2
2
2
39
45
44
83
46
9
3
2
2
2
2
2
2
2
6
52
53
82
53
8
3
2
2
2
2
2
10
51
50
74
50
3
2
2
2
2
2
2
2
2
2
30
73
70
66
23
3
2
2
12
2
2
2
2
2
4
43
52
93
41
7
2
2
2
5
2
2
3
11
31
54
60
45
33
3
2
2
2
1
1
1
17
71
52
46
26
3
2
2
2
2
2
2
2
2
26
49
61
36
9
3
2
2
2
2
2
2
2
9
3
2
2
2
1
1
1
4
10
13
2
1
1
1
1
1
1
1
1
1
1
1
1
23
46
47
34
14
2
2
1
1
2
1
1
2
11
57
47
60
3
2
2
2
1
1
1
2
5
69
75
29
4
3
3
2
2
2
2
1
2
1
1
1
1
1
1
1
1
1
1
1
2
1
2
32
47
30
51
31
27
15
8
5
2
2
2
2
2
1
2
32
104
65
45
48
15
25
10
4
3
3
2
2
2
2
2
2
2
13
2
2
2
2
2
2
2
1
1
1
2
2
34
41
51
47
69
54
60
28
44
14
17
17
3
2
2
2
2
19
45
54
38
38
35
77
26
33
26
10
5
15
3
2
2
