54
74
30
3
2
2
2
2
2
2
34
40
42
54
74
27
5
3
2
2
2
2
2
2
38
48
56
65
85
40
3
2
2
6
2
2
2
2
30
46
50
73
30
7
2
2
2
2
2
2
21
39
48
43
16
5
2
2
2
2
2
2
2
12
2
32
48
43
33
15
3
2
2
2
2
2
2
2
2
19
43
37
76
40
3
3
2
2
2
2
2
2
2
25
38
47
35
39
3
2
2
2
2
2
2
22
41
41
45
24
3
2
2
2
2
2
2
2
2
30
66
51
32
21
3
3
2
2
2
2
2
2
8
3
3
2
2
2
2
2
3
6
8
2
2
2
2
2
1
2
1
2
1
2
2
2
25
13
40
32
16
3
2
2
2
2
2
2
2
20
22
63
46
4
2
2
2
2
2
2
2
13
47
48
22
5
3
14
7
2
12
2
2
2
1
2
1
2
1
2
2
2
2
2
1
2
2
14
50
17
45
27
49
16
11
9
5
3
2
2
2
2
2
5
28
55
26
30
66
20
11
10
4
3
4
15
2
2
2
2
4
2
2
2
2
2
2
2
2
2
2
2
2
2
15
47
51
40
39
23
48
72
73
39
14
18
17
2
2
2
2
2
32
39
37
57
32
69
48
34
21
14
23
5
4
2
2
2
