45
29
34
7
2
2
2
2
2
2
16
83
96
49
36
17
24
3
2
2
2
2
2
2
17
61
79
37
46
23
4
2
2
2
2
2
2
2
9
70
79
44
82
9
3
2
2
2
2
2
10
62
60
59
22
3
2
2
2
2
2
2
2
2
2
20
69
39
38
23
3
2
2
2
2
2
2
2
2
6
58
44
41
43
3
2
2
2
2
2
2
2
2
16
54
71
39
11
3
2
2
2
2
2
2
11
50
38
42
46
12
2
2
2
2
2
12
2
2
15
78
36
34
14
3
2
2
1
2
2
2
2
7
3
2
2
2
1
2
1
3
6
10
1
2
1
1
1
1
1
1
1
1
1
1
1
11
29
27
20
10
2
2
1
1
1
1
1
1
8
31
41
49
5
2
2
1
1
2
1
2
5
40
36
17
4
3
3
2
2
2
2
2
2
2
1
2
1
1
1
2
2
2
2
2
2
2
2
19
29
30
26
27
15
16
6
5
2
2
2
2
2
2
2
38
60
75
39
69
54
21
24
4
3
3
2
2
2
2
2
2
2
2
2
2
2
2
2
2
2
2
2
2
2
8
21
20
54
53
40
27
33
46
48
16
13
9
3
2
2
2
2
21
22
30
37
60
41
64
36
17
10
7
4
4
2
2
2
