68
97
97
128
129
88
108
150
98
110
63
99
134
106
64
108
75
94
70
118
117
141
70
102
79
136
95
109
131
109
88
107
136
89
131
78
76
121
98
90
98
106
116
97
69
148
122
109
61
125
112
89
63
103
73
78
147
119
98
99
67
122
129
105
78
89
74
107
97
120
90
99
85
109
107
120
114
94
97
105
108
117
85
112
100
91
134
109
86
92
110
87
94
112
101
112
90
86
87
101
85
109
97
135
90
82
97
94
78
108
63
115
63
77
68
75
55
76
67
134
59
118
95
71
123
124
58
76
93
100
79
118
66
81
56
82
56
75
56
75
65
74
77
99
73
119
154
146
130
96
85
117
89
79
118
105
72
82
75
136
108
95
132
102
141
133
78
124
75
73
101
118
135
130
121
165
149
140
83
86
84
77
94
135
102
100
80
87
77
106
108
83
119
100
109
102
120
101
149
89
98
97
90
90
80
82
92
110
133
78
108
91
113
129
144
119
101
75
135
158
157
141
85
94
127
80
83
143
94
119
97
75
110
87
123
124
85
116
109
87
153
88
79
125
93
60
76
66
135
72
125
113
103
75
92
104
86
91
66
92
105
115
90
67
64
69
86
106
85
78
113
94
95
137
92
86
91
83
121
92
156
119
138
79
116
103
77
75
