55
64
89
46
39
58
137
74
45
89
84
90
123
67
82
102
88
141
98
75
83
70
87
93
80
101
87
85
75
135
76
102
99
73
67
67
79
62
137
107
71
83
99
80
77
75
75
75
70
46
68
85
61
112
70
99
83
62
66
59
45
106
150
113
89
84
98
48
88
109
88
81
145
128
69
83
125
30
69
73
60
38
56
106
102
71
70
67
61
73
118
45
56
53
39
49
63
44
64
47
61
90
75
97
121
84
81
85
38
78
34
50
97
33
29
85
24
57
60
54
75
79
70
67
38
53
104
102
74
37
62
96
38
46
90
48
54
47
45
55
66
43
47
58
61
66
54
56
134
89
52
88
44
56
52
125
86
81
70
55
73
91
83
103
93
76
95
80
109
110
112
65
108
85
76
100
86
94
51
84
74
55
101
123
75
54
62
59
79
104
44
63
77
66
82
106
72
56
129
83
117
158
106
47
76
44
118
63
119
90
93
65
93
107
61
68
110
95
125
132
90
84
43
122
119
140
115
89
93
59
77
88
77
79
114
88
62
122
68
121
82
68
104
53
47
72
73
90
140
63
87
101
111
133
50
48
75
95
62
49
63
87
90
124
80
78
64
91
77
62
66
71
55
62
110
79
74
48
73
46
53
93
71
55
76
64
94
83
