65
41
21
3
2
2
2
1
2
2
20
36
54
51
45
27
20
3
2
2
11
2
2
2
20
40
62
58
35
11
3
2
2
2
2
2
2
2
7
55
68
81
32
7
12
5
2
2
2
2
6
43
50
35
19
3
2
2
2
2
2
2
2
2
11
18
70
79
42
32
3
2
2
2
2
2
2
2
2
5
53
82
68
31
3
2
2
2
2
2
2
2
2
11
37
61
33
11
2
2
2
1
2
2
2
10
50
65
40
13
3
2
2
2
2
1
2
2
2
13
35
38
47
15
33
7
9
2
2
2
2
1
7
2
2
1
2
1
1
1
3
5
9
1
2
1
1
1
1
1
1
1
1
1
1
1
21
22
62
17
8
2
7
1
1
1
1
1
1
13
49
44
34
2
2
1
1
1
1
1
1
8
36
73
13
5
3
3
2
2
2
1
1
1
1
1
1
1
1
1
1
1
1
1
1
1
1
13
23
46
57
22
59
15
26
7
7
3
2
1
1
1
1
7
25
42
36
69
63
25
40
24
32
3
2
2
2
2
2
9
4
2
1
1
1
1
1
1
1
1
1
1
1
1
29
70
28
53
24
32
37
70
46
41
10
8
6
2
2
1
1
1
37
33
59
38
41
54
27
54
20
13
9
7
3
2
2
2
