19
21
25
10
13
11
12
12
13
15
11
14
12
11
16
17
13
14
14
15
17
19
27
12
12
20
13
11
10
23
21
14
14
13
29
32
29
30
48
25
28
35
32
33
11
13
12
16
11
12
25
23
15
13
14
30
19
13
12
21
26
25
34
19
12
12
11
13
16
13
14
11
18
18
12
20
21
9
10
17
15
22
34
12
12
14
13
13
17
15
16
11
12
13
15
21
12
6
5
18
19
15
15
16
20
20
20
12
15
23
15
20
16
12
13
19
12
17
14
15
15
12
29
28
16
13
23
14
13
20
14
11
15
17
12
14
14
19
16
19
12
29
15
13
12
14
16
14
20
15
13
14
14
20
18
15
15
14
18
23
25
18
16
14
15
18
19
16
23
19
20
22
17
20
13
16
16
19
18
14
17
24
18
20
21
25
18
19
15
28
18
13
31
15
17
20
15
17
19
19
31
19
24
19
18
27
24
33
22
24
24
25
23
27
25
16
23
22
16
35
21
23
15
21
23
17
20
17
27
24
23
29
20
18
30
19
16
30
23
19
21
15
18
31
24
23
38
15
25
31
25
46
21
33
19
34
26
20
27
22
19
22
50
24
25
26
17
21
30
20
24
13
18
22
18
16
15
22
18
15
40
19
29
25
26
22
18
13
