32
26
12
3
2
2
2
2
2
2
34
55
44
77
36
38
5
3
2
2
2
2
2
2
33
39
46
66
47
8
3
2
2
2
2
2
2
2
12
70
68
40
27
19
3
2
2
2
2
2
15
51
31
45
29
3
2
2
2
2
2
2
2
2
2
35
39
52
61
21
3
2
2
2
2
2
2
2
2
10
68
31
48
21
27
2
2
2
11
2
14
2
2
19
65
31
41
13
3
2
2
3
2
2
2
23
57
47
56
17
3
2
2
2
2
2
2
2
2
42
38
30
39
28
3
3
2
2
2
2
2
2
8
13
2
2
3
2
1
1
4
10
17
2
2
1
1
1
1
1
1
1
1
1
1
1
31
39
48
44
14
3
2
2
1
2
1
1
1
16
55
47
66
18
2
2
1
1
1
1
1
9
51
72
57
7
3
2
13
2
2
2
2
2
2
2
2
2
1
2
2
2
1
1
2
2
1
2
16
26
20
28
87
12
12
11
4
2
2
2
2
2
1
2
17
41
37
33
24
14
21
8
4
16
3
2
2
2
2
2
2
2
2
2
2
2
2
2
2
2
1
1
2
2
8
30
46
67
67
26
28
51
32
31
48
9
6
2
2
2
1
2
15
47
35
43
54
27
28
47
35
13
7
21
3
2
2
2
