10
18
16
32
11
11
11
11
12
11
14
19
31
16
13
14
12
20
20
14
11
15
13
12
31
15
13
14
18
14
15
18
14
15
27
26
19
16
30
37
36
32
17
38
34
12
10
12
16
14
15
13
14
24
13
24
16
13
17
15
12
12
12
19
12
14
15
14
13
14
14
12
12
17
12
12
16
9
14
16
12
13
13
12
12
9
16
14
10
12
10
12
10
12
14
20
22
6
6
19
27
14
11
16
12
11
13
12
12
11
12
11
11
11
14
13
14
12
13
12
15
17
13
11
12
14
13
11
13
11
11
11
12
12
12
11
17
12
13
12
12
11
12
12
13
16
17
12
11
11
13
14
12
15
15
22
21
18
14
16
14
13
16
13
14
12
14
20
13
13
16
16
16
20
13
16
22
24
14
14
17
15
24
16
15
11
17
19
18
16
28
13
16
28
25
17
18
19
13
22
26
16
17
30
15
20
16
16
19
19
15
21
17
18
16
17
14
17
19
20
14
23
19
17
21
20
20
17
17
23
22
27
16
15
16
20
17
20
16
20
18
19
18
21
22
22
17
19
16
22
19
20
20
20
23
21
18
23
19
25
23
19
20
18
19
17
25
20
26
17
16
14
15
16
17
19
16
17
27
21
19
16
17
15
14
22
38
14
