7
8
7
8
17
8
8
7
7
7
7
7
18
10
9
9
8
6
7
7
8
15
7
7
7
7
7
7
9
7
16
7
7
8
7
7
6
6
14
7
7
10
12
8
6
6
13
7
7
7
7
10
19
36
13
7
7
6
7
6
8
7
7
11
8
8
12
30
30
12
7
10
7
7
7
7
7
6
8
12
11
13
11
13
11
10
10
11
16
12
11
11
10
11
13
11
11
16
11
11
11
10
11
11
11
15
12
11
10
10
10
11
11
10
14
11
11
11
11
11
11
12
12
14
11
11
10
10
10
10
11
14
12
10
12
10
10
10
10
14
11
11
11
11
12
12
11
15
11
11
11
11
11
10
11
15
16
12
11
11
12
14
12
15
11
10
11
12
11
11
12
12
17
11
12
12
11
12
13
11
17
12
13
13
12
12
11
11
11
13
13
14
11
11
11
13
11
10
11
16
13
11
12
11
11
10
11
16
12
12
13
13
13
13
12
12
19
12
12
11
16
8
7
7
13
7
7
7
8
7
7
7
7
13
8
7
7
7
7
7
14
7
12
7
8
10
6
9
8
6
12
7
8
7
7
6
7
7
7
13
9
8
6
7
7
6
6
13
7
7
7
7
7
7
7
13
8
7
7
7
8
7
7
15
7
8
7
7
