71
65
62
112
75
59
65
74
69
86
81
86
108
71
103
94
71
68
85
84
81
62
62
70
75
55
62
111
98
90
117
137
106
85
80
79
84
75
114
117
57
64
74
94
45
69
74
107
66
89
56
96
56
49
90
68
56
121
68
112
60
78
63
65
90
67
66
71
76
137
93
78
128
50
84
104
77
57
88
45
102
58
73
54
59
70
84
64
104
70
72
83
86
64
62
96
108
108
65
76
38
57
59
91
94
87
52
58
53
67
107
43
42
52
37
73
61
55
90
91
94
95
83
70
79
86
89
80
87
74
63
92
78
67
50
51
90
65
103
126
99
94
90
92
88
110
71
99
102
82
103
106
147
132
104
68
93
92
61
74
73
120
88
78
104
117
121
98
152
138
124
109
88
65
112
162
166
121
137
65
85
78
121
160
161
101
83
75
101
95
63
128
87
94
91
110
145
140
121
51
50
59
62
57
67
78
52
96
82
85
104
143
135
103
102
76
90
96
114
123
91
130
105
128
106
78
113
110
100
116
98
154
193
146
157
96
113
121
95
138
125
77
115
99
76
56
64
70
79
38
96
89
84
81
98
84
66
107
89
118
83
62
70
70
66
96
139
89
58
55
85
88
79
61
80
81
86
109
94
118
145
85
80
82
92
68
61
70
