44
50
11
3
2
2
2
2
2
2
20
53
51
58
62
20
16
3
2
2
2
2
15
2
17
64
78
78
71
7
6
2
2
2
2
2
2
2
9
59
55
46
47
17
3
2
2
11
2
2
10
50
40
45
45
14
2
2
2
2
2
2
2
2
2
35
80
39
41
20
3
2
15
2
2
2
2
2
10
10
46
39
52
45
10
3
2
2
2
2
2
2
2
17
81
36
42
11
3
2
2
2
2
2
2
18
63
68
41
14
3
2
2
2
2
2
2
2
2
20
58
49
33
13
15
3
2
2
2
2
2
2
9
3
3
2
2
2
2
1
3
5
9
2
2
1
2
1
2
1
1
1
1
1
2
1
15
20
28
21
7
2
2
1
1
1
2
1
2
16
33
35
39
3
2
2
1
1
2
1
2
18
51
70
18
4
3
3
2
2
2
2
2
2
2
2
2
1
2
2
2
1
2
1
2
1
2
11
68
31
25
39
31
16
12
8
6
2
2
2
2
2
2
8
21
45
30
61
66
30
40
8
4
6
12
2
2
2
2
2
16
2
2
2
2
2
2
1
2
2
2
2
2
2
37
7
35
24
61
50
42
76
54
34
23
15
8
3
2
2
2
2
14
46
19
25
32
56
42
60
17
10
22
5
4
2
2
2
