85
55
70
88
70
79
65
51
54
128
52
74
56
43
87
85
106
42
38
79
115
65
54
56
93
101
71
68
67
74
84
87
138
102
104
59
76
47
41
79
63
60
73
43
114
52
57
74
58
84
38
51
49
108
78
92
70
75
56
56
37
49
97
52
116
86
56
65
91
121
53
47
44
69
51
46
61
69
88
79
75
61
81
54
73
43
87
68
49
56
68
95
61
65
47
43
69
48
98
150
112
25
48
51
87
93
56
41
42
34
58
90
67
51
32
28
45
30
35
76
29
29
46
32
48
59
29
46
33
31
40
34
52
54
68
34
50
61
47
88
90
63
35
28
53
82
116
53
45
104
81
45
61
118
79
71
68
121
49
73
70
56
109
99
74
70
121
68
84
61
62
67
97
86
84
118
45
78
53
88
86
99
99
125
163
101
64
53
55
51
127
103
117
95
73
114
73
52
78
43
39
47
50
67
39
43
53
101
60
71
61
61
62
96
65
67
119
109
98
97
159
51
76
105
58
65
74
79
66
65
67
141
91
123
46
78
56
83
64
61
87
77
66
73
127
96
62
62
78
101
113
87
75
77
62
57
97
60
52
81
105
68
55
62
67
64
85
126
65
37
76
58
102
85
64
61
56
55
67
64
67
65
58
58
56
49
64
60
