34
43
60
48
44
61
68
61
81
64
89
77
75
59
45
45
52
96
44
98
88
51
54
75
69
67
94
133
51
79
118
57
51
49
70
45
64
71
81
57
78
66
82
79
132
98
63
87
56
50
92
63
95
72
74
47
70
44
79
105
67
62
79
76
78
68
66
56
72
54
71
64
51
80
90
50
85
64
62
61
68
75
70
66
118
66
59
79
97
67
59
80
98
90
83
94
53
103
52
157
141
45
65
90
118
89
100
56
56
81
78
82
92
49
56
63
59
56
58
85
107
66
58
59
62
76
77
77
98
119
83
125
77
72
105
82
82
102
72
68
66
97
109
147
83
100
68
71
67
61
89
114
129
151
101
127
132
98
68
86
69
63
81
106
72
106
93
112
90
72
74
121
81
127
131
154
120
94
137
126
145
91
119
142
119
73
64
69
82
77
73
73
85
109
77
86
77
107
73
63
76
69
86
79
83
84
64
86
100
99
99
99
131
86
88
92
90
142
76
99
118
65
72
96
112
77
118
127
154
66
98
83
97
45
56
58
59
159
104
92
78
82
100
104
76
75
75
113
135
79
109
133
89
119
99
67
55
56
72
76
99
63
75
62
66
99
81
77
123
75
67
82
69
74
87
65
73
84
66
79
74
76
76
106
74
63
72
115
