40
70
62
65
113
97
130
102
81
95
102
60
71
83
158
63
123
33
53
107
54
49
74
116
57
100
47
81
143
97
111
96
34
59
63
83
72
68
49
69
64
130
43
50
60
105
86
70
126
117
70
53
34
124
113
31
77
50
73
74
113
43
54
94
144
172
104
147
54
97
48
97
83
75
82
102
86
91
59
103
83
63
47
110
62
108
65
34
65
71
62
70
99
117
127
39
41
87
65
69
47
128
83
59
124
90
97
114
76
90
38
68
45
54
67
30
78
59
67
37
33
45
68
108
74
88
57
65
81
43
46
58
51
49
67
78
64
60
41
64
37
88
65
75
69
137
54
82
147
96
134
99
128
102
104
54
107
54
103
60
76
98
68
151
85
86
94
79
121
81
65
66
137
89
72
128
82
65
50
177
122
50
128
87
100
159
67
50
76
76
108
121
83
100
112
59
67
103
108
105
84
94
136
113
101
48
62
74
100
74
87
82
94
83
100
80
120
94
71
113
90
53
64
98
49
51
90
66
83
118
102
176
136
72
79
71
83
84
80
101
93
85
114
46
72
102
88
70
55
92
62
112
110
94
47
136
93
67
80
126
92
116
76
100
100
107
64
77
108
61
45
61
112
89
95
81
106
73
108
38
65
93
96
83
110
40
64
80
