54
41
21
2
2
1
1
2
2
2
28
73
107
68
45
36
4
2
10
2
2
1
1
1
40
60
51
44
53
7
2
2
1
2
1
2
2
2
20
62
78
43
45
9
2
2
2
2
1
2
15
47
57
47
26
3
2
2
2
2
2
1
1
1
2
20
46
46
35
38
2
2
2
2
2
2
2
2
2
15
41
73
68
46
13
2
2
2
2
2
2
2
2
27
55
51
36
14
3
2
2
2
2
2
2
14
61
76
32
18
6
2
2
2
2
2
1
2
1
14
50
54
36
18
3
2
2
1
1
2
2
2
7
2
2
1
2
1
1
3
4
9
7
1
1
1
1
1
1
1
1
1
1
1
1
1
47
18
38
29
9
2
2
1
1
1
1
1
1
26
29
40
57
3
2
1
1
1
1
1
1
17
71
52
15
5
3
3
2
2
2
2
1
2
1
1
1
1
2
1
1
1
1
1
1
1
1
16
79
13
16
23
42
10
9
5
4
2
2
1
1
1
1
4
42
41
34
53
30
13
12
8
4
3
2
2
2
2
2
2
2
2
2
2
2
2
2
2
2
2
2
2
1
1
12
92
34
65
44
33
38
55
57
24
22
23
7
3
2
2
2
2
23
42
64
83
57
38
37
60
29
23
9
4
3
2
2
2
