83
62
90
51
78
73
45
40
76
60
70
122
46
61
46
97
56
47
63
68
70
61
94
99
67
109
44
54
112
88
82
107
76
72
65
76
88
91
95
80
95
109
60
34
69
57
85
97
105
68
66
48
63
49
54
84
81
98
75
93
56
83
53
66
59
157
58
37
57
50
72
128
85
48
70
87
77
60
92
48
78
53
64
144
75
82
51
68
144
56
81
32
58
61
85
82
83
52
42
51
93
86
53
52
69
107
59
107
51
47
46
46
32
77
27
39
36
38
32
74
72
75
77
40
62
97
70
64
47
41
43
56
42
59
43
72
61
45
46
65
44
45
62
69
65
94
88
87
75
81
114
97
64
51
123
81
80
182
175
91
104
83
67
65
110
103
156
136
156
127
94
92
192
101
144
74
85
106
75
101
110
92
122
140
97
60
118
82
76
68
122
107
122
118
94
89
84
64
147
128
101
61
126
84
209
195
77
80
95
138
163
100
88
70
113
76
129
103
133
82
68
102
110
117
135
80
77
70
109
101
74
80
100
111
76
68
161
87
93
84
62
68
75
67
56
84
92
101
97
59
78
72
73
77
105
108
115
69
80
151
56
69
70
74
68
111
63
71
70
77
81
129
52
78
40
69
92
98
47
60
91
97
122
74
91
69
79
119
