110
83
40
55
62
61
78
54
113
105
146
145
133
159
155
163
145
143
154
0
118
94
129
108
107
98
121
107
116
149
145
106
151
139
148
128
95
91
80
86
93
100
122
81
122
92
99
95
79
93
111
122
103
92
119
108
84
82
90
108
84
92
71
154
145
100
110
87
97
142
135
98
85
78
108
78
68
59
59
51
74
41
50
106
89
35
79
86
97
103
65
71
33
28
79
93
43
44
44
69
126
61
36
40
85
84
91
55
20
51
75
21
43
23
81
31
37
47
44
41
32
70
71
22
38
29
36
48
60
19
30
21
52
37
49
46
42
34
39
34
76
84
89
49
88
120
85
80
49
60
67
75
93
85
110
83
48
67
57
49
79
65
94
52
88
78
74
82
74
67
26
48
63
43
49
57
97
86
69
77
76
84
54
90
82
43
54
75
57
64
73
77
41
86
61
34
32
63
83
67
33
62
87
62
60
39
30
35
87
45
52
78
128
152
174
97
79
75
82
106
120
86
23
93
61
54
75
83
50
70
26
28
80
31
38
42
38
37
42
37
45
45
87
34
50
45
71
67
82
73
80
116
121
102
71
59
18
76
56
66
59
23
56
37
43
65
61
25
47
28
25
26
34
38
55
43
42
88
29
46
64
100
74
77
72
88
67
69
