47
57
59
55
68
70
59
109
151
138
76
64
71
96
91
134
126
113
158
111
166
89
139
155
135
151
144
107
89
132
103
57
148
0
94
125
103
86
108
104
101
101
115
101
106
107
105
84
72
98
103
121
105
105
147
121
81
87
101
130
91
115
98
82
177
215
208
149
54
67
84
97
72
71
84
103
73
124
98
63
102
85
32
55
68
48
56
50
45
67
68
57
43
38
63
108
96
77
92
55
65
56
92
96
85
77
70
69
43
62
33
123
33
31
124
98
54
28
58
33
38
60
40
63
43
54
41
49
43
35
47
56
68
97
68
48
45
32
38
62
37
41
61
71
88
89
75
53
61
115
141
81
52
82
96
86
46
90
56
40
59
72
84
72
47
40
47
39
36
40
64
67
81
68
101
86
82
40
43
55
156
86
95
85
89
83
88
91
87
42
31
48
71
56
66
57
39
41
88
95
88
98
67
29
74
41
35
45
32
93
50
67
133
156
67
66
72
74
99
78
65
74
77
85
53
68
69
73
74
51
40
63
52
52
76
95
30
57
41
40
41
68
24
32
44
34
31
23
43
58
38
45
60
41
37
47
28
21
24
31
59
79
89
70
29
72
53
30
40
68
44
57
69
51
39
53
29
30
42
57
60
66
38
74
69
74
90
92
