75
22
56
100
94
35
97
82
121
98
148
130
122
158
148
156
136
164
146
107
114
96
129
133
169
183
207
168
151
163
158
107
148
141
128
154
134
115
88
119
101
102
87
76
82
50
69
59
73
92
73
114
120
94
107
71
92
77
66
74
60
120
134
141
149
137
131
111
139
167
104
84
104
120
75
92
63
90
75
76
58
46
48
87
79
50
84
99
131
151
92
66
22
50
82
45
40
33
104
25
23
39
72
82
75
66
65
14
23
32
26
60
57
39
56
56
37
27
27
28
37
48
24
40
22
42
40
35
53
60
67
73
83
71
77
82
72
52
69
33
19
27
29
25
65
69
54
72
100
41
73
90
98
86
73
80
78
55
39
53
78
48
38
47
54
76
97
65
71
42
36
49
43
34
21
60
25
34
21
19
35
75
57
41
90
99
99
50
90
78
80
73
75
76
81
53
49
64
40
90
103
61
76
78
106
81
78
80
56
44
53
60
72
111
112
115
137
75
46
54
108
42
58
90
76
36
83
61
65
74
61
63
66
11
31
44
39
32
43
62
40
57
79
24
26
26
20
31
35
26
52
70
54
20
16
17
17
29
26
28
23
46
73
53
98
55
43
30
76
64
60
73
65
60
60
30
17
71
81
29
63
87
73
62
60
63
48
70
