34
38
35
34
35
34
37
35
35
37
33
37
34
34
33
34
34
33
33
33
38
44
47
34
33
34
33
33
32
34
46
42
37
39
32
33
41
33
32
32
34
34
34
34
33
32
31
33
31
30
30
49
30
29
28
28
28
31
39
27
28
26
27
39
29
24
32
22
23
24
22
21
23
20
20
20
19
20
20
20
19
32
19
18
18
18
22
18
18
20
18
17
18
18
26
24
17
16
16
17
17
17
17
21
20
26
27
18
24
21
18
16
17
17
17
17
16
16
26
18
18
18
17
35
26
29
18
25
18
18
30
27
28
18
19
18
19
19
19
19
20
20
19
29
20
22
22
21
21
22
21
22
23
24
24
26
21
21
21
22
22
23
28
33
31
32
25
25
27
29
41
27
29
28
30
30
31
32
33
33
31
32
33
34
33
38
37
35
36
35
39
68
39
35
40
33
39
37
41
30
33
33
36
38
45
38
36
36
35
37
36
36
36
36
36
42
34
35
35
37
41
36
37
35
52
38
35
37
46
37
37
40
41
41
45
40
36
36
37
34
38
35
44
34
36
38
48
40
47
45
37
39
42
38
36
37
36
37
38
37
36
57
32
32
35
35
37
55
36
34
34
36
35
55
37
39
35
36
40
35
35
40
39
36
39
37
37
35
