40
39
41
40
46
39
42
46
39
40
41
39
39
37
40
44
43
40
40
40
40
40
37
36
38
39
40
40
41
40
39
48
41
41
38
39
39
38
40
36
38
37
37
34
34
37
40
36
35
34
32
44
33
31
32
35
30
32
35
29
26
27
26
25
25
26
24
24
23
25
26
24
23
22
22
19
18
18
21
19
18
31
22
18
29
19
19
18
19
17
17
17
17
16
17
17
21
16
16
16
15
15
15
18
16
17
20
20
22
24
16
15
17
14
15
14
13
13
14
14
14
16
16
23
22
16
17
16
17
19
23
16
16
16
16
16
17
17
17
17
18
18
18
18
18
30
20
20
22
19
19
21
20
21
22
21
23
23
22
23
24
24
24
25
25
26
27
28
28
31
30
30
32
31
32
33
34
32
35
32
35
34
35
38
36
40
37
37
38
36
39
49
35
51
36
33
66
59
38
31
33
33
34
33
32
33
33
38
30
31
32
33
34
35
47
33
35
34
36
36
37
36
36
41
43
36
37
37
40
38
40
39
39
39
36
39
41
38
40
38
38
36
38
36
37
44
53
37
38
40
38
40
40
39
35
37
36
36
37
36
36
40
40
40
41
39
40
49
39
38
39
39
39
52
40
40
38
40
41
41
40
39
42
44
40
40
41
41
