36
39
64
33
34
32
35
36
34
36
32
35
34
35
34
37
30
29
33
32
30
32
32
32
38
34
45
36
34
32
31
35
48
49
38
47
32
34
38
34
37
36
38
48
41
50
45
47
35
30
40
58
44
29
26
26
26
25
39
26
26
28
24
24
29
25
35
35
22
23
25
22
21
20
20
20
24
21
20
21
21
39
26
20
19
20
18
19
19
17
19
20
36
15
17
16
16
16
15
15
15
15
16
18
16
18
18
22
23
17
16
15
24
14
14
14
14
13
15
15
15
16
14
25
27
18
14
14
16
15
28
17
16
16
18
17
18
17
17
18
19
18
18
17
18
30
18
18
18
19
19
22
20
21
21
21
37
27
23
23
24
24
24
26
24
24
24
23
24
29
26
27
26
26
31
41
26
27
27
24
27
28
34
35
31
28
29
30
28
29
30
62
34
28
29
29
29
33
38
32
29
28
28
28
28
29
34
30
32
30
33
32
31
31
30
30
30
32
30
31
31
31
32
36
47
32
33
33
32
33
32
32
41
30
29
32
29
30
30
32
30
31
32
32
30
33
36
42
38
30
31
31
33
34
30
32
34
32
32
31
30
46
31
29
31
34
32
53
46
32
33
33
34
49
41
36
37
38
38
34
34
33
36
36
35
34
35
36
