39
56
40
37
41
40
41
42
41
39
39
39
38
40
37
37
40
37
36
39
37
38
39
38
38
39
38
39
38
37
37
39
37
39
37
38
38
39
36
39
36
34
36
36
39
38
38
34
36
34
33
33
31
28
30
30
28
28
29
32
27
27
32
27
24
23
23
23
24
25
25
22
21
22
21
20
19
20
22
20
18
22
19
18
18
19
33
22
17
17
17
17
15
16
17
16
16
16
16
15
15
16
18
19
19
19
21
20
19
16
15
14
15
17
15
14
14
14
14
14
14
15
14
19
16
16
16
16
16
16
17
16
16
16
16
17
18
16
18
18
19
19
20
21
21
23
22
23
23
26
23
24
23
24
24
23
24
26
25
25
26
26
26
28
27
27
28
28
29
32
30
32
33
32
32
34
33
35
35
35
35
35
35
36
55
34
34
35
36
36
39
37
34
37
35
37
36
35
36
37
37
34
40
48
35
37
35
35
36
37
40
40
36
37
37
37
37
41
37
41
38
38
40
38
40
39
39
39
39
39
39
38
42
38
40
38
49
38
39
39
39
40
37
38
41
47
54
50
41
41
43
43
43
48
40
42
42
40
40
49
44
41
64
38
43
42
46
45
45
42
45
56
44
50
65
42
41
44
43
44
44
43
45
45
43
43
55
45
