37
38
42
41
43
41
46
45
40
39
41
39
44
42
38
39
40
42
42
38
37
36
38
37
40
43
41
38
39
38
38
38
43
38
39
37
38
36
40
36
37
39
36
36
34
34
35
34
39
33
36
42
39
32
32
30
34
29
33
30
30
26
27
26
26
25
25
32
26
27
29
27
23
22
26
31
27
24
20
21
21
27
23
25
20
20
19
19
19
18
18
19
19
18
35
28
18
17
17
17
16
27
25
18
17
25
19
17
17
17
16
17
18
16
17
17
16
16
17
18
18
18
17
27
19
18
17
23
17
17
25
17
17
17
19
18
19
18
18
19
20
21
20
34
29
23
24
22
22
24
23
24
24
29
25
27
28
30
27
27
32
26
27
31
27
27
28
28
29
34
30
32
32
34
33
37
36
41
46
35
35
34
36
40
36
38
35
37
35
37
50
39
36
38
40
44
39
35
43
38
37
47
51
43
40
37
37
36
37
40
36
38
39
39
42
40
41
39
41
43
38
50
59
39
45
39
37
38
36
40
39
43
39
39
43
39
39
39
45
42
42
44
46
45
51
54
51
42
39
40
42
40
41
44
40
45
38
49
37
37
44
40
39
58
47
48
48
52
45
41
56
42
49
49
42
50
41
44
46
50
46
51
43
46
44
47
50
50
