34
37
34
34
37
35
37
36
37
34
36
34
43
34
36
35
52
35
37
36
34
35
35
36
35
36
34
35
36
37
36
36
37
35
36
37
39
39
33
36
34
34
34
34
32
32
31
30
48
39
32
34
47
29
38
36
30
27
34
28
25
26
25
23
24
24
23
24
22
24
23
21
22
21
20
20
20
19
19
20
19
21
20
19
17
22
17
17
17
16
16
16
15
16
17
15
30
16
22
15
15
15
17
20
19
20
19
18
21
16
15
15
16
15
15
16
15
15
16
16
15
16
17
19
19
16
16
16
16
18
22
17
20
17
17
17
18
16
16
22
16
16
16
17
18
19
20
19
19
19
19
21
19
19
20
20
21
23
22
23
23
22
23
24
23
26
27
25
26
29
27
39
29
27
28
29
28
29
29
31
29
30
30
31
45
35
32
33
35
32
32
40
35
35
31
31
32
33
37
49
37
33
34
32
31
33
31
39
33
31
32
33
34
33
35
35
33
37
33
34
46
33
33
35
38
46
35
35
37
38
36
39
37
35
36
38
41
39
38
40
34
37
36
36
33
35
39
38
41
40
41
36
37
39
35
39
40
37
34
36
35
35
35
35
37
39
38
44
38
36
40
36
36
39
36
37
40
40
37
36
37
37
39
42
35
35
37
40
