48
42
44
41
42
40
43
39
37
42
44
45
45
52
46
45
46
41
41
39
43
48
40
49
43
42
49
43
41
39
39
44
44
45
41
43
44
40
41
42
40
41
42
42
37
44
39
39
42
36
40
42
38
36
35
34
34
34
38
30
31
29
32
27
28
30
28
27
27
27
28
28
27
26
26
24
23
24
26
23
23
32
22
21
20
22
20
19
20
21
19
19
18
18
19
19
20
19
18
19
21
18
19
21
22
25
25
23
23
22
18
19
24
19
19
19
18
18
24
19
23
23
20
20
34
20
20
20
21
19
29
20
19
20
20
32
20
20
20
21
38
20
20
20
21
22
23
26
21
21
21
22
22
23
24
24
30
24
25
27
26
28
28
29
31
27
28
29
31
36
29
31
41
32
31
38
32
39
33
33
37
34
36
39
42
37
36
34
37
34
36
52
35
36
35
40
39
45
39
48
37
38
34
35
34
35
40
35
35
39
33
39
37
39
36
38
37
46
37
35
35
37
35
35
43
47
39
42
53
37
49
41
37
38
35
36
39
37
35
37
51
42
35
37
37
47
47
59
40
43
36
37
37
40
40
39
34
35
35
36
37
41
48
38
38
39
37
43
38
38
47
37
38
46
40
45
43
41
43
39
41
40
43
39
41
41
45
50
