33
33
35
39
40
33
34
36
33
35
35
37
38
33
35
35
37
37
36
38
33
36
34
35
34
35
33
36
32
34
36
33
36
34
36
37
38
32
35
33
32
36
31
32
30
33
29
30
32
29
28
54
31
34
37
26
26
26
41
25
26
27
24
24
27
22
22
25
21
25
23
22
21
20
20
20
22
22
20
20
19
41
29
23
18
19
18
19
19
18
18
19
18
17
26
21
18
17
17
17
18
19
20
24
19
22
19
19
42
20
15
15
15
15
15
18
16
14
16
16
15
16
26
33
24
18
16
16
16
25
30
18
17
16
16
18
17
17
17
17
18
18
18
18
26
20
21
21
20
21
20
22
22
23
22
23
39
35
32
27
26
27
29
28
27
33
25
25
25
25
26
27
27
27
26
28
34
32
33
35
30
31
32
32
38
32
34
38
33
31
40
57
33
33
33
34
37
41
42
37
36
34
36
39
34
35
31
31
32
43
34
32
32
41
35
33
33
47
37
38
34
32
31
49
50
37
33
33
33
34
35
32
35
39
33
30
33
32
34
32
33
42
37
33
37
44
32
34
35
33
38
39
36
34
34
33
37
33
34
35
32
36
38
32
36
36
35
58
42
34
34
36
38
69
40
35
38
36
36
40
35
36
36
37
36
42
37
36
