47
46
45
43
47
45
49
54
45
47
50
48
51
50
52
51
48
47
46
44
46
47
45
45
55
45
48
46
49
43
43
51
50
47
57
50
48
45
48
46
42
42
40
39
40
42
43
40
41
38
37
37
38
36
36
37
35
34
35
32
50
30
29
28
31
32
30
31
32
33
35
31
28
26
25
23
22
23
22
23
24
22
27
27
31
23
21
20
25
23
21
21
21
18
23
18
19
20
18
19
19
18
19
21
22
21
22
24
23
21
17
17
18
17
17
17
16
16
17
16
17
19
19
27
20
20
20
29
19
18
20
21
21
20
19
24
24
20
21
20
26
20
22
20
22
27
24
25
24
23
23
25
25
26
30
27
29
30
30
31
33
30
38
35
30
31
32
33
33
33
32
36
38
37
37
39
40
40
42
39
43
40
42
46
44
43
47
46
48
41
40
39
39
40
40
39
43
41
46
39
44
41
40
39
38
39
47
50
39
39
40
41
45
43
43
42
43
44
44
50
74
41
42
42
43
42
57
46
48
47
45
43
43
43
47
45
45
47
48
67
42
41
42
51
42
39
41
41
45
48
46
47
65
44
42
42
42
40
40
41
39
48
48
68
48
47
45
45
44
46
48
48
50
49
51
52
49
50
49
49
49
49
50
53
54
53
57
51
