66
133
99
79
84
65
51
50
61
58
65
63
61
111
62
50
61
50
61
75
65
50
61
66
95
100
97
80
57
62
56
64
58
62
49
40
42
33
45
47
44
39
33
41
43
41
39
40
44
59
91
62
64
44
50
52
39
61
55
55
52
77
54
60
47
58
48
65
56
42
29
43
48
33
29
34
48
59
51
67
63
33
37
35
32
37
31
34
44
48
49
42
36
45
40
39
53
78
67
63
45
36
67
63
59
61
66
49
52
45
43
30
40
51
44
38
33
25
38
48
61
76
72
47
51
45
50
65
72
50
67
54
54
75
76
67
51
53
46
66
88
51
45
45
57
90
58
56
38
45
50
48
54
41
33
30
34
56
42
55
54
61
53
67
67
59
62
59
72
99
89
62
69
67
60
98
98
59
65
47
52
62
62
54
76
88
93
83
71
83
69
60
70
91
83
69
75
63
76
108
75
82
76
78
74
112
79
63
51
64
101
115
97
80
105
92
109
110
88
63
67
78
93
97
87
65
57
61
58
75
78
50
43
41
43
50
51
47
53
40
47
73
82
61
55
53
50
55
63
51
56
50
68
93
81
49
52
55
68
80
74
64
55
60
76
78
79
63
51
43
56
75
83
46
50
38
52
75
66
48
51
58
62
79
65
75
69
60
