44
41
46
55
45
52
48
54
46
57
48
44
49
46
50
52
47
45
46
43
44
46
46
49
45
46
44
42
43
43
42
45
45
46
48
47
49
44
45
44
42
44
42
41
43
39
41
43
39
37
39
39
39
36
38
36
35
38
37
38
34
35
37
35
34
34
32
32
29
28
27
27
22
24
27
27
27
27
26
27
27
27
25
23
19
19
24
23
27
24
24
22
23
22
23
23
23
20
23
21
22
21
21
19
20
19
20
20
19
19
20
18
19
17
13
17
19
19
18
17
16
17
20
18
18
18
16
16
18
18
18
17
18
19
20
19
19
19
16
16
17
18
19
19
13
17
33
20
20
20
10
11
11
11
13
13
12
12
13
13
13
15
15
15
15
16
17
17
17
17
20
22
20
19
20
21
21
21
22
23
23
23
27
25
24
24
25
25
26
26
30
27
26
25
26
25
26
27
26
26
28
30
30
27
28
26
29
27
30
29
28
32
31
30
30
32
31
28
32
30
31
32
28
40
35
31
32
28
31
31
32
32
29
30
29
31
30
27
28
27
28
30
36
28
30
29
29
30
27
28
30
28
27
28
28
27
27
31
26
22
21
22
24
25
26
27
25
24
25
23
22
25
23
26
26
25
25
24
27
25
25
28
29
29
31
26
25
26
