47
47
64
52
52
46
50
58
48
52
50
48
48
46
47
46
45
48
49
46
45
47
44
48
46
44
71
48
50
45
46
44
48
45
46
45
45
48
44
44
44
43
45
41
39
40
39
41
38
38
51
42
38
34
34
33
32
31
33
30
30
29
28
30
31
32
30
29
28
28
28
28
28
29
26
28
28
27
26
27
44
26
27
24
23
22
22
21
23
22
21
20
19
19
21
18
19
19
20
19
19
18
20
25
24
42
23
20
20
20
20
18
19
19
20
20
19
19
21
20
19
19
18
19
19
18
19
19
18
18
20
19
19
19
19
38
21
21
21
22
23
23
22
20
25
26
23
26
26
24
24
25
26
26
29
28
30
30
30
30
31
32
46
32
31
33
32
33
32
44
44
45
45
48
47
43
34
36
33
31
34
35
33
33
43
34
35
37
55
36
38
37
37
42
37
39
38
38
42
42
45
44
42
41
44
41
42
41
43
41
45
40
44
44
59
43
42
42
41
42
43
45
46
42
42
45
44
43
44
44
47
43
49
46
41
48
44
46
50
55
43
44
45
47
44
43
39
42
40
43
42
45
41
44
39
40
41
40
46
44
45
44
44
61
47
40
40
44
40
39
40
41
42
40
41
40
43
41
42
40
41
40
42
44
44
44
45
64
