39
38
40
37
36
36
36
34
35
35
35
35
37
37
36
37
41
43
43
44
39
35
35
35
36
36
36
36
36
36
36
34
37
36
36
38
37
37
36
38
36
36
38
36
36
36
36
35
35
34
34
35
33
33
33
32
32
32
32
32
32
31
30
31
30
30
31
30
28
30
30
30
31
28
28
30
30
29
30
29
30
29
28
28
29
28
27
27
29
28
28
26
25
25
26
26
28
26
26
26
25
26
27
28
27
30
27
27
26
27
26
26
26
26
27
27
28
28
30
27
29
29
28
28
28
28
28
28
29
28
29
29
29
28
28
28
28
27
29
28
30
29
30
29
31
31
31
31
31
31
31
31
32
32
31
31
32
32
31
31
34
35
35
35
35
36
37
37
38
39
38
40
39
39
39
38
39
39
39
40
41
40
41
42
42
41
40
39
40
40
38
39
38
38
39
39
39
39
40
39
41
41
41
41
41
39
37
38
40
40
41
41
41
42
41
41
42
41
42
41
41
40
42
41
39
36
36
36
37
37
38
38
37
37
37
38
38
37
37
37
37
36
36
36
35
35
36
35
36
36
37
37
37
37
35
38
37
36
39
37
38
39
38
38
39
38
38
39
40
39
39
39
41
38
38
38
39
38
37
36
37
36
37
38
36
37
36
36
