35
35
36
36
38
35
36
37
35
34
36
36
35
36
36
35
34
33
33
34
34
33
34
33
34
33
33
33
33
34
35
35
34
33
33
34
34
33
33
34
33
34
34
34
33
32
31
30
32
31
30
30
29
30
30
30
30
30
29
28
28
28
29
27
27
27
28
27
26
26
26
26
26
24
24
25
26
28
26
24
23
24
25
24
24
24
24
25
25
24
25
24
23
24
23
24
24
24
23
23
22
22
24
26
24
24
23
25
23
22
22
22
22
22
23
31
31
32
32
32
31
23
22
22
24
22
22
23
23
23
23
22
22
23
22
23
22
23
23
23
23
23
22
22
23
24
23
24
24
27
24
24
25
27
28
26
26
25
27
26
27
28
29
29
31
30
31
32
33
33
34
34
33
33
35
34
35
34
35
36
37
36
36
38
38
38
39
39
39
38
38
38
38
38
39
38
37
38
38
38
37
38
39
40
39
39
37
37
38
38
38
41
40
39
39
39
39
39
39
39
38
39
39
39
39
37
37
37
37
36
37
37
38
37
38
36
38
39
37
37
37
36
36
37
37
37
35
35
35
36
37
39
40
39
40
39
39
39
39
38
37
38
37
37
39
39
39
40
39
38
39
37
38
40
38
37
37
36
36
37
38
37
37
38
37
38
38
38
