32
32
32
35
33
32
33
33
35
32
32
32
33
33
35
33
31
32
32
34
31
31
31
31
33
31
31
31
33
31
34
30
29
30
30
33
32
31
32
31
31
33
32
31
30
30
30
34
32
31
31
31
30
33
31
29
29
29
29
32
29
29
28
27
28
30
27
27
26
25
27
28
27
25
25
25
26
25
27
24
23
25
24
24
25
25
26
23
24
24
24
23
23
26
24
25
25
25
25
25
27
24
23
24
25
24
25
25
26
25
26
25
24
23
25
27
25
25
25
24
25
27
26
28
24
24
24
23
24
24
24
27
23
24
24
23
24
25
28
24
24
25
25
25
25
26
27
25
25
26
26
26
28
26
26
26
29
29
28
31
29
28
29
28
30
32
30
30
31
31
34
31
32
33
33
32
35
33
33
33
35
36
36
36
36
35
38
37
37
37
40
37
38
37
37
39
37
36
37
40
37
37
37
37
40
36
37
37
39
36
38
37
38
40
37
36
38
42
39
37
36
37
40
37
38
37
39
37
38
39
40
36
37
37
38
40
37
36
35
39
38
37
36
37
38
35
37
36
38
35
35
37
38
36
36
36
36
40
36
37
36
39
37
37
38
38
40
39
38
36
36
39
37
37
36
38
37
37
36
39
36
36
37
37
38
36
35
36
