42
41
40
40
40
39
40
40
39
40
39
39
40
39
40
41
39
39
39
39
39
39
39
40
41
41
42
41
41
39
40
41
40
39
39
40
40
38
38
38
39
40
39
39
38
39
40
39
39
39
38
38
37
37
37
36
36
37
37
38
37
36
37
37
37
36
36
35
36
35
35
35
36
35
36
35
35
34
35
34
35
35
34
34
35
34
34
34
34
33
33
33
33
32
32
32
33
32
32
32
32
31
32
32
34
33
32
33
32
31
31
32
32
31
32
31
31
32
32
32
33
32
32
32
33
32
32
32
34
32
33
32
33
32
33
32
33
32
32
33
34
33
32
32
34
34
34
35
35
34
34
35
34
33
34
34
36
37
36
36
36
36
36
36
37
39
38
40
40
40
39
39
40
40
40
42
39
39
39
41
44
42
43
43
41
43
43
43
43
42
44
44
43
44
43
44
43
42
43
43
44
45
44
44
44
44
42
43
42
44
43
43
46
46
45
45
45
45
45
47
45
46
46
45
45
45
44
45
46
46
46
46
45
44
45
45
45
44
45
44
45
46
44
44
42
42
41
41
41
43
44
44
45
44
42
41
41
41
42
41
41
42
42
43
45
45
46
46
45
43
44
43
45
44
45
44
44
45
44
44
44
45
45
43
45
45
44
44
