47
46
46
47
38
37
40
43
39
38
37
38
37
36
37
38
36
35
36
36
36
38
37
36
38
37
36
36
37
37
37
36
37
37
38
37
37
37
36
36
36
36
36
34
34
34
34
34
36
36
35
34
37
34
37
34
36
32
33
32
33
31
31
31
29
29
29
27
26
27
27
27
27
26
26
26
26
27
26
26
26
26
25
24
24
26
26
26
26
26
26
26
24
24
25
25
25
24
24
25
24
25
25
29
28
26
28
26
26
25
25
25
25
24
26
26
27
27
26
27
26
26
26
26
26
26
26
26
26
26
25
26
26
27
26
29
33
35
29
26
27
26
27
28
30
29
27
28
28
28
28
29
29
30
30
29
29
30
29
29
29
29
30
30
30
32
32
31
32
32
33
34
34
34
35
34
37
39
37
37
37
38
37
37
37
37
38
39
38
37
38
39
38
37
38
43
38
37
36
37
38
37
37
37
37
40
37
37
37
36
37
37
38
37
37
38
38
39
39
38
38
39
38
38
37
38
39
39
40
39
37
38
38
37
37
39
38
37
36
37
36
35
35
36
35
36
39
36
37
37
38
38
37
37
36
36
36
36
37
37
37
35
35
35
37
37
37
38
38
37
37
36
38
37
36
38
37
36
38
36
37
38
39
38
37
37
35
37
