248
249
250
251
246
253
248
241
249
242
248
240
237
239
251
244
242
232
248
246
245
244
237
232
241
249
262
261
240
238
236
255
254
244
262
245
249
234
244
239
247
242
257
251
239
249
250
258
240
227
245
238
252
231
237
242
260
238
236
243
256
235
235
241
245
252
248
234
233
236
247
248
243
245
246
237
233
233
241
234
236
252
244
247
251
252
239
244
241
243
236
241
242
244
236
247
240
255
244
245
251
242
240
247
244
246
251
246
247
236
236
254
262
236
241
242
248
246
244
242
242
243
255
239
236
245
245
251
241
241
233
242
251
253
238
242
231
241
234
231
245
238
231
246
230
243
250
247
237
229
238
238
233
233
240
233
245
244
243
238
242
242
232
234
235
238
236
231
240
244
240
235
238
233
239
232
231
233
243
236
241
237
245
243
242
232
232
238
237
239
231
233
234
230
231
251
241
217
234
235
244
224
227
223
229
226
235
233
225
229
236
228
230
233
240
233
232
239
237
236
228
227
232
226
229
222
229
219
241
248
232
229
222
228
227
229
242
232
229
236
237
243
245
252
249
244
249
232
233
228
225
225
240
242
236
227
238
233
226
235
231
222
227
229
233
222
231
224
229
233
225
235
225
219
232
231
231
227
241
221
227
221
228
228
228
231
233
236
