21
25
31
27
27
26
27
27
29
26
27
29
26
31
27
25
26
27
27
27
27
27
27
25
26
25
27
25
29
30
31
25
27
32
30
28
21
26
25
27
28
26
29
34
27
25
27
29
28
30
30
26
31
29
29
28
29
27
28
26
22
25
28
28
28
25
22
28
24
28
24
28
28
26
29
31
29
29
27
26
30
27
24
26
30
28
18
27
29
24
27
25
23
25
26
23
28
24
30
25
28
27
31
30
32
27
26
28
30
27
26
30
23
27
32
27
30
30
28
27
29
27
23
29
25
25
25
24
26
24
28
27
26
29
29
26
28
30
29
27
30
27
29
27
30
27
25
30
28
27
27
26
29
25
28
25
26
25
27
25
26
23
26
29
31
29
31
28
26
28
28
28
29
28
26
24
26
24
24
27
26
23
26
22
25
28
28
28
25
28
28
24
28
24
28
28
28
27
28
29
25
28
27
29
28
25
27
26
24
28
25
27
27
27
26
28
29
27
32
28
27
28
28
30
27
26
27
28
23
27
25
29
27
29
27
29
25
27
28
26
27
31
27
27
28
29
29
28
27
26
26
27
27
28
30
25
26
24
28
25
17
22
23
25
25
24
29
26
28
27
29
28
28
26
29
27
26
26
27
28
28
26
28
29
27
23
26
24
