66
64
66
67
65
67
67
65
66
65
65
67
67
67
65
66
65
65
69
67
65
67
65
69
67
67
65
69
67
65
68
71
71
66
67
65
65
67
67
65
67
67
63
70
65
67
67
65
67
65
65
67
68
67
67
65
65
67
65
67
67
65
67
67
64
66
67
67
65
67
74
69
66
66
65
67
66
67
65
67
65
65
66
67
67
67
66
67
65
65
68
70
73
65
67
66
67
65
64
67
66
65
69
67
67
66
63
66
67
67
67
67
67
67
63
66
67
65
67
66
66
66
64
68
66
67
67
65
67
67
66
67
70
66
69
67
67
69
68
70
66
68
65
67
65
67
67
67
66
65
69
65
65
66
67
67
65
67
69
67
67
66
67
70
70
74
66
66
67
67
66
67
65
67
67
66
66
66
65
69
67
68
66
65
67
65
67
67
66
66
66
67
66
65
67
66
65
65
67
66
68
67
65
66
66
66
66
66
67
67
66
64
66
67
65
67
67
67
66
63
67
67
67
65
67
66
64
66
67
65
67
67
66
66
65
66
65
67
67
65
67
66
64
67
69
67
65
67
67
63
68
68
66
68
70
66
66
66
67
69
65
67
67
66
63
70
69
65
70
65
65
67
65
67
67
66
66
65
67
65
67
67
65
67
65
65
69
67
