79
84
84
77
81
82
83
79
79
80
82
83
83
83
80
80
79
78
76
78
79
78
78
81
72
77
84
82
77
79
75
81
82
77
74
83
80
78
70
73
74
73
77
69
63
72
71
65
74
67
61
58
64
60
59
58
49
54
51
50
48
49
43
40
47
42
39
34
37
32
31
33
33
27
25
30
25
27
25
24
25
21
23
22
21
18
19
17
16
14
16
15
17
13
14
14
13
11
11
10
8
10
11
9
9
8
8
12
14
15
9
10
9
9
8
7
8
7
7
7
7
8
7
7
8
7
8
8
7
8
8
8
8
9
10
13
11
11
12
12
14
12
13
15
16
17
17
20
20
21
18
24
24
26
30
25
28
30
31
31
36
37
36
37
38
44
46
50
51
51
52
53
64
57
55
62
63
65
67
69
71
66
73
64
68
72
73
79
74
75
72
75
76
70
82
78
71
76
78
71
79
75
73
79
77
73
75
83
78
74
81
77
82
72
79
78
79
79
78
79
80
77
83
79
85
81
76
80
78
76
77
82
83
82
79
79
82
76
77
73
74
73
75
76
74
71
73
77
77
73
81
86
84
81
73
78
75
74
76
85
89
78
80
80
91
96
93
86
87
86
86
85
82
82
79
85
85
85
86
95
86
90
83
84
78
95
91
80
