20
19
21
21
19
20
21
21
19
21
18
21
18
20
19
20
18
20
21
19
20
19
18
20
19
20
19
18
18
17
19
20
18
19
17
19
17
19
18
18
17
18
17
18
18
17
18
17
16
17
15
17
15
15
16
14
15
13
12
13
12
12
14
12
11
11
11
0
0
0
0
0
0
0
0
0
0
0
0
0
0
0
0
0
0
0
0
0
0
0
0
0
0
0
0
0
0
0
0
0
0
0
0
0
0
0
0
0
0
0
0
0
0
0
0
0
0
0
0
0
0
0
0
0
0
0
0
0
0
0
0
0
0
0
0
0
0
0
0
0
0
0
0
0
0
0
0
0
0
0
0
0
0
0
0
0
0
0
0
0
0
0
0
6
27
17
16
15
16
16
15
17
16
16
16
18
18
16
18
16
16
18
16
19
16
19
19
18
20
19
17
19
18
19
18
17
17
16
18
19
19
17
18
17
19
18
19
20
19
17
18
17
19
19
18
19
20
17
19
19
16
18
19
17
20
19
20
17
21
21
19
18
20
19
19
18
21
20
18
20
19
18
19
19
18
19
17
20
19
20
20
21
20
21
20
19
20
18
19
20
18
22
18
20
21
23
22
21
20
22
22
21
23
21
21
21
21
22
24
21
22
23
23
22
22
23
23
21
