22
20
22
21
23
23
23
22
23
23
21
24
24
22
21
20
20
21
21
21
20
20
21
21
20
22
21
20
18
20
20
21
21
19
21
19
22
19
21
21
19
21
19
20
21
18
20
17
20
18
16
19
16
18
16
16
17
14
14
15
13
15
14
14
15
13
13
12
11
11
12
11
11
10
10
10
9
9
8
8
8
8
7
7
9
7
7
7
8
6
6
5
6
8
6
6
6
7
6
5
7
6
5
6
6
5
5
5
5
6
7
5
5
6
5
5
6
5
4
4
5
7
5
5
4
7
5
5
7
6
5
5
8
6
8
6
7
8
7
7
9
7
10
8
9
9
9
10
9
11
10
12
12
11
13
12
13
12
13
12
13
13
16
15
16
15
16
17
16
17
19
18
18
18
21
16
20
20
20
18
22
21
21
19
20
22
21
21
25
22
20
20
21
22
21
20
19
20
22
21
20
22
21
21
22
23
20
21
21
22
22
22
22
21
23
23
23
25
20
21
21
20
21
21
21
22
21
24
22
22
22
22
21
21
21
22
24
22
24
21
21
24
21
23
21
22
21
24
25
23
23
24
24
24
24
24
23
21
22
21
23
23
22
23
24
25
26
25
24
23
27
25
26
24
22
23
23
25
25
24
24
25
24
26
27
26
22
24
