23
21
21
21
19
21
20
21
22
19
20
20
20
20
21
19
22
20
21
20
18
19
19
20
20
20
19
18
19
19
22
20
20
17
20
17
20
20
19
19
18
19
19
20
18
19
16
18
17
18
17
18
16
17
16
15
13
15
13
12
13
13
13
12
12
13
12
11
10
11
10
9
9
10
9
8
10
9
0
0
0
0
0
0
0
0
0
0
0
0
0
0
0
0
0
0
0
0
0
0
0
0
0
0
0
0
0
0
0
0
0
0
0
0
0
0
0
0
0
0
0
0
0
0
0
0
0
0
0
0
0
0
0
0
0
0
0
0
0
0
0
0
0
0
0
0
0
0
0
0
0
0
0
0
0
0
0
27
16
15
13
16
14
14
15
15
15
16
16
16
16
15
17
17
18
17
18
18
16
18
18
20
20
18
19
18
20
17
20
18
21
19
19
20
20
17
20
19
20
18
19
18
21
18
19
20
19
19
20
18
20
20
20
20
19
21
19
21
20
20
18
21
21
18
22
21
19
21
20
21
19
23
21
21
21
17
21
20
19
18
20
21
19
22
21
19
21
21
20
18
21
24
23
25
20
22
23
19
20
21
20
19
20
19
23
23
24
22
22
23
24
23
24
22
22
22
21
22
23
22
22
24
21
23
22
23
20
23
