13
12
14
13
14
14
13
14
17
21
20
23
24
22
21
22
24
23
23
22
22
25
25
24
24
24
34
24
23
25
23
24
28
23
24
23
26
23
23
25
28
30
31
24
22
24
23
23
25
23
23
24
23
22
23
22
22
24
22
21
22
22
22
23
21
22
22
21
21
22
24
24
24
24
24
25
27
25
24
27
24
24
25
26
24
25
27
24
25
25
25
30
26
27
27
27
22
12
14
15
17
21
22
22
24
23
27
28
31
35
31
27
28
27
27
28
29
27
27
26
26
26
28
28
28
25
25
21
19
18
16
17
18
15
13
12
11
12
13
14
16
15
16
15
17
22
21
21
21
20
21
20
20
19
19
20
22
22
25
25
24
25
24
28
25
22
23
31
27
28
31
31
31
32
33
31
33
33
33
33
35
34
34
34
37
36
35
35
36
38
40
34
35
34
34
45
32
32
33
33
29
30
30
29
28
27
35
27
28
27
22
21
21
21
19
20
21
23
25
33
27
30
30
30
31
33
35
32
26
27
29
28
34
33
35
40
42
42
41
45
45
39
40
38
38
37
36
35
37
37
39
34
36
34
34
33
33
32
32
31
31
32
34
34
45
31
40
30
30
28
27
29
31
29
29
27
42
28
26
28
27
26
27
29
29
28
27
28
