6
146
50
146
34
153
13
130
82
159
9
90
113
161
6
69
143
147
6
52
181
116
7
22
216
119
9
4
165
174
44
6
102
162
112
7
111
97
148
9
119
38
153
50
137
24
114
85
153
8
87
115
156
8
54
165
133
8
27
206
121
9
25
197
134
8
6
97
187
66
6
103
155
89
7
124
115
107
7
145
75
126
6
151
43
154
24
135
42
153
50
120
7
159
97
104
8
123
164
72
7
83
219
67
8
5
159
161
35
6
147
143
58
30
123
121
75
67
89
110
87
93
71
81
122
103
57
43
153
125
36
6
162
165
18
6
139
201
8
6
64
205
85
6
37
165
145
20
47
109
149
53
64
94
115
86
84
78
92
110
119
41
64
136
149
17
53
147
151
8
40
185
129
9
7
188
175
17
6
60
177
131
7
71
128
154
26
83
85
154
56
96
76
127
94
110
61
89
123
124
42
46
156
146
15
15
165
180
9
6
133
203
20
7
35
195
149
9
60
107
167
44
69
95
139
72
88
73
120
88
110
52
97
105
136
23
74
122
153
7
74
153
132
8
60
189
112
8
5
187
164
9
6
101
171
85
7
114
126
113
6
144
68
148
7
155
21
161
54
132
6
145
102
108
7
125
142
90
6
99
185
75
7
47
227
95
8
4
