5
26
5
5
5
5
5
5
5
5
5
5
5
28
5
5
5
5
5
5
5
5
5
5
5
26
5
5
5
5
5
5
5
5
5
5
5
28
5
5
5
5
5
5
5
5
5
5
5
25
5
5
5
5
5
5
5
5
5
5
5
27
5
5
5
5
5
5
5
5
5
5
5
29
5
5
5
5
5
5
5
5
5
5
5
36
5
5
5
5
5
5
5
5
5
5
5
26
5
5
5
5
5
5
5
5
5
5
5
27
5
5
5
5
5
5
5
5
5
5
5
34
5
5
5
5
5
5
5
5
5
5
5
57
5
5
5
5
5
5
5
5
5
5
5
30
5
5
5
5
4
4
5
5
5
5
5
30
5
5
5
5
5
5
5
5
5
5
5
26
5
5
5
5
5
5
5
5
5
5
5
27
5
5
6
5
5
5
5
5
5
5
5
30
5
6
5
5
5
6
5
5
6
5
5
27
5
5
5
6
6
5
5
5
5
5
5
39
5
5
5
5
5
5
5
5
5
5
5
30
5
5
5
5
5
5
5
5
5
5
5
28
5
5
5
5
5
5
5
5
5
5
5
29
5
5
5
5
5
5
5
5
5
5
5
27
5
5
5
5
5
5
5
5
5
5
5
26
5
5
5
5
5
5
5
5
5
5
