203
201
203
211
209
203
205
205
204
210
212
203
203
201
201
207
208
200
202
202
203
208
208
203
202
201
202
208
205
203
204
203
202
206
206
200
203
200
200
207
207
200
202
196
197
202
204
196
198
196
195
203
202
197
196
198
196
205
202
198
197
195
196
203
202
197
194
197
197
204
203
197
197
198
197
208
208
201
200
201
200
211
208
201
201
198
201
212
209
199
198
198
200
211
206
199
200
197
200
211
207
200
199
199
199
210
208
197
199
198
198
210
209
199
198
199
199
211
210
201
200
199
202
209
211
201
199
200
201
212
209
202
203
202
203
214
211
205
202
203
203
212
214
203
202
200
202
212
211
204
201
199
201
210
209
202
198
208
202
211
211
202
203
203
203
212
210
206
207
206
206
211
215
203
205
203
201
214
213
206
205
204
203
211
214
207
203
205
203
212
209
200
201
200
202
211
207
202
200
203
203
210
212
204
204
200
202
211
211
204
205
207
207
218
216
208
209
207
205
218
218
209
207
209
210
217
214
205
202
205
206
213
214
204
203
204
206
212
214
204
205
205
205
211
215
205
201
202
202
214
212
207
205
203
204
212
213
205
204
202
204
212
216
210
206
207
208
215
217
208
207
209
208
217
215
206
206
204
207
216
215
208
206
206
206
216
216
207
