24
25
25
25
25
18
21
23
19
25
23
24
23
23
25
25
24
21
24
24
24
26
22
24
24
26
26
26
23
24
23
25
24
23
26
26
24
24
25
25
24
23
23
23
23
23
22
25
24
22
22
22
23
22
21
22
22
21
21
20
19
18
18
19
19
21
20
20
19
18
19
21
18
19
20
19
19
19
18
19
19
18
19
19
17
19
17
17
20
20
18
18
15
16
17
18
20
20
21
20
18
18
18
20
20
21
20
18
18
19
18
18
19
18
16
17
17
17
17
17
17
20
21
19
19
20
18
18
19
17
15
15
15
14
14
14
14
15
14
14
16
16
15
15
14
16
17
17
16
17
14
15
15
16
17
17
16
17
17
18
18
19
19
20
18
19
20
22
20
21
22
22
22
23
23
23
23
22
23
23
25
25
23
26
23
17
19
21
24
23
23
23
22
24
24
24
24
24
24
24
25
25
24
23
24
24
25
25
26
25
24
25
26
25
23
27
25
25
26
27
27
26
26
24
24
24
25
26
26
26
26
25
25
25
25
25
25
25
25
26
24
25
24
26
25
26
24
25
24
26
24
23
23
23
23
23
23
23
22
23
23
24
24
23
24
23
22
23
23
23
22
21
21
22
21
22
23
23
22
22
22
22
21
21
21
21
21
21
