30
28
30
30
29
31
29
32
30
31
29
29
29
28
28
31
29
29
28
28
27
30
30
28
30
29
29
31
27
26
26
27
27
27
28
27
28
26
26
25
27
24
23
26
27
28
26
27
27
26
25
26
25
25
24
25
24
24
24
23
23
23
23
22
23
23
23
23
22
22
23
23
20
22
23
22
23
22
21
24
24
23
23
22
20
20
21
22
22
24
21
18
6
6
6
6
6
6
6
13
19
19
20
19
20
20
21
21
19
20
22
19
18
19
8
6
6
6
6
6
6
6
6
6
6
6
6
6
11
19
9
14
16
17
17
16
15
7
5
7
18
17
15
16
16
17
17
18
18
19
17
17
16
18
18
19
17
17
18
18
19
19
18
19
20
21
21
21
21
21
21
23
21
23
22
23
22
24
25
22
26
24
24
25
24
24
23
23
25
24
26
25
25
26
26
25
25
27
25
25
25
24
25
24
23
24
25
25
27
25
23
24
25
28
29
29
26
25
25
26
28
26
25
27
28
28
26
28
28
26
27
27
25
27
26
30
26
25
27
29
27
26
29
28
27
26
25
26
26
27
25
28
27
28
28
27
26
24
24
24
24
24
25
26
24
25
23
23
25
25
23
23
23
23
22
22
22
22
23
24
23
24
22
21
23
20
24
23
