210
212
214
209
210
205
200
198
197
206
212
209
209
204
200
199
197
200
204
205
210
194
197
200
196
200
198
200
203
203
205
209
217
216
214
219
217
211
208
217
216
212
210
213
213
214
214
214
212
210
210
204
199
204
197
203
208
206
206
202
198
201
197
194
196
203
204
207
196
203
210
208
210
208
210
181
178
184
180
177
170
188
168
188
170
162
166
173
169
178
170
169
172
169
177
167
172
160
161
162
170
168
165
160
168
182
183
162
164
169
184
174
176
180
173
170
183
177
164
157
156
161
167
163
168
185
192
187
181
175
178
181
171
173
173
163
158
170
164
160
168
159
162
158
159
171
182
159
164
189
185
181
166
169
175
166
173
174
170
163
167
163
158
159
158
164
160
173
190
190
203
194
194
184
192
190
179
179
166
164
168
178
176
184
205
205
196
207
191
193
201
197
199
190
195
187
184
190
194
200
197
192
188
194
192
197
178
190
196
185
190
193
190
204
199
188
183
194
185
191
177
196
189
192
200
190
184
192
191
177
191
186
182
183
188
182
192
187
194
186
193
190
180
189
188
184
186
183
188
189
189
181
185
182
186
179
191
188
184
185
189
202
186
188
191
190
198
194
192
192
196
183
193
184
185
192
187
189
194
192
194
188
190
189
195
169
174
167
