35
35
34
33
32
32
32
35
32
32
31
31
30
30
32
31
29
28
29
29
29
29
28
27
27
28
28
28
27
26
27
27
28
27
27
27
27
27
26
26
25
26
26
28
27
26
26
26
27
26
26
26
27
27
26
21
17
27
27
26
26
26
25
26
25
26
26
26
26
27
29
29
27
27
27
28
28
29
30
28
30
29
30
30
32
31
32
32
33
34
34
34
33
32
33
33
33
34
35
34
34
35
35
35
36
38
35
36
36
37
35
35
35
35
35
34
34
34
34
34
36
34
34
34
35
35
34
34
34
33
35
34
33
34
33
33
33
34
33
35
33
34
34
33
33
33
32
33
33
33
33
34
33
33
33
32
32
31
32
33
32
31
31
31
32
32
32
32
33
33
32
33
34
33
34
34
35
34
35
34
35
35
34
34
35
35
34
34
35
34
34
34
35
35
35
34
34
35
36
35
35
35
35
34
35
36
36
34
34
34
34
34
35
33
34
34
34
33
34
34
33
33
34
33
34
33
34
34
33
34
34
34
34
34
34
33
34
34
34
34
33
34
34
35
33
34
33
34
33
33
33
33
33
34
35
34
34
34
34
34
34
34
34
34
34
35
34
34
35
35
35
35
36
36
36
35
35
36
35
35
35
34
34
35
33
33
31
30
