31
30
30
29
30
30
29
29
29
30
29
28
27
27
27
28
26
26
26
27
27
27
27
26
27
27
26
26
26
25
25
25
25
25
24
25
24
25
25
25
23
24
23
24
23
23
22
22
24
24
24
29
24
24
24
24
24
22
22
22
22
23
22
24
22
22
22
22
23
25
26
25
25
24
24
26
25
26
27
27
26
25
28
27
27
27
28
30
31
29
31
31
28
27
27
29
28
29
29
29
30
31
32
34
36
35
34
33
33
32
32
33
34
33
32
32
32
32
32
32
32
33
33
33
32
32
33
33
33
32
32
31
31
30
31
31
30
30
29
30
29
30
30
30
34
32
29
31
30
28
29
30
31
29
30
30
29
30
31
30
29
29
30
30
30
30
30
29
31
32
32
31
32
32
32
33
33
33
33
33
33
34
35
34
35
34
36
35
35
36
35
36
35
35
36
34
35
36
36
37
35
35
36
33
34
35
32
32
31
31
31
31
31
30
31
32
32
32
32
31
31
31
32
30
31
31
32
32
32
31
32
32
34
32
31
33
33
32
32
31
32
32
32
32
31
32
31
31
30
31
30
31
31
31
32
31
31
32
32
32
32
32
32
32
32
32
32
33
32
32
32
33
33
33
33
33
33
34
33
33
33
32
31
31
32
31
29
29
