24
24
23
23
23
23
23
23
23
22
22
22
22
22
22
23
21
21
21
22
22
21
21
20
21
21
20
20
20
20
20
19
20
20
20
20
20
19
19
20
19
19
19
20
20
19
18
19
19
19
19
19
19
18
18
19
19
18
18
18
18
18
18
18
18
18
18
18
18
19
20
20
19
19
19
20
21
21
21
19
19
19
20
19
20
20
21
20
23
21
21
22
20
22
22
22
22
23
23
23
24
24
23
24
24
24
25
24
24
25
24
23
24
24
23
24
24
24
24
24
24
24
24
24
23
23
23
23
22
23
23
23
22
22
23
20
22
22
21
19
19
20
20
19
19
19
19
20
19
19
19
19
19
20
21
20
20
20
20
20
19
20
19
19
20
19
20
19
20
20
23
22
22
23
23
23
24
23
24
23
23
24
23
23
24
25
23
24
24
23
23
23
24
23
24
24
26
27
25
25
25
25
26
25
25
25
24
25
25
24
24
24
24
24
24
24
24
24
24
24
24
24
24
24
25
24
24
24
24
24
23
22
24
23
23
22
23
23
24
23
23
23
23
23
23
24
23
23
23
22
24
25
25
25
25
25
25
24
25
25
25
25
24
25
25
24
25
24
25
25
26
26
26
26
26
25
25
26
25
26
24
25
25
26
25
24
23
21
