60
62
50
52
82
36
42
48
42
52
18
54
62
74
40
62
24
60
60
48
66
46
58
52
38
76
78
48
56
52
82
52
58
40
52
98
72
56
56
42
38
60
48
54
80
62
72
60
54
52
60
46
44
54
56
40
42
60
52
28
36
44
30
32
44
52
44
92
40
84
42
56
56
32
58
66
54
40
56
54
60
48
34
48
58
42
108
32
46
38
38
68
46
56
96
44
114
82
68
60
58
52
52
40
46
56
60
48
24
52
74
50
36
38
48
58
42
40
38
48
80
58
56
42
80
64
60
58
60
68
70
78
40
42
66
52
44
44
44
66
96
56
52
44
72
100
50
38
38
32
42
70
60
58
42
26
64
44
56
50
58
70
76
48
30
60
32
34
106
46
60
78
70
52
58
70
60
74
70
42
42
52
56
90
50
52
46
60
46
52
60
56
64
78
58
46
64
64
60
56
62
42
66
36
68
62
50
70
30
66
82
50
22
54
28
76
70
68
50
54
40
56
60
74
52
54
62
82
38
72
66
72
54
44
58
66
58
98
40
52
50
66
60
40
74
50
52
48
56
62
34
50
46
90
36
40
92
88
40
8
40
58
64
66
66
50
58
36
46
50
44
54
52
40
56
42
42
28
48
64
44
26
24
48
44
46
40
48
