46
66
64
34
34
38
50
46
86
42
38
40
32
46
34
36
54
30
64
54
46
54
60
56
48
42
50
38
66
56
58
54
46
54
58
64
50
34
34
46
82
88
22
54
28
38
44
76
48
32
52
46
50
64
62
36
40
50
48
38
64
78
56
76
52
36
62
62
68
52
56
124
108
70
60
60
42
68
56
44
56
28
64
26
56
60
56
62
54
54
66
76
86
68
68
36
70
70
62
80
90
92
60
60
40
84
118
62
116
52
72
54
32
36
60
48
48
68
102
50
68
58
66
44
54
60
54
76
38
124
102
60
18
50
40
90
80
58
50
54
44
62
66
46
54
70
54
52
48
34
50
34
42
50
48
60
32
44
78
56
28
46
54
48
50
70
62
48
26
58
54
30
58
40
54
74
62
48
54
58
68
46
42
42
62
46
54
46
38
60
48
46
62
70
56
52
50
86
54
76
62
56
60
56
46
34
66
64
56
76
66
56
60
70
76
38
60
66
52
62
70
62
60
44
56
76
60
58
48
88
86
28
58
38
36
40
52
66
50
44
36
62
36
40
48
42
34
30
38
46
48
46
42
42
46
46
38
32
60
40
40
66
48
28
54
62
118
26
96
90
134
54
50
46
44
58
46
52
44
52
40
28
32
30
32
38
26
36
