54
52
48
48
56
42
46
54
54
52
46
50
48
50
50
54
58
56
54
54
54
54
52
54
48
50
54
52
54
56
58
46
50
52
48
40
48
36
54
36
32
42
50
36
58
46
20
34
54
36
40
50
4
50
54
50
58
50
26
38
48
56
50
54
62
46
54
62
50
54
46
46
56
48
54
54
56
54
46
52
56
46
46
50
50
50
50
40
52
48
52
48
56
58
48
46
50
58
46
46
48
46
54
54
54
50
42
50
58
46
50
44
50
46
50
50
50
46
46
54
50
52
54
58
44
44
48
54
50
50
56
50
44
50
48
54
50
62
54
54
46
54
54
50
54
40
58
48
54
50
50
58
54
50
58
50
54
54
54
54
54
58
50
46
48
54
58
46
62
46
58
54
48
58
48
52
50
50
52
50
54
48
54
50
58
50
54
48
50
50
46
46
46
54
54
46
52
54
54
54
56
54
50
50
50
48
54
54
48
50
50
54
46
46
56
50
46
50
46
46
54
46
50
46
58
52
48
54
46
50
50
54
56
50
54
44
54
58
52
50
50
52
58
46
54
54
48
54
54
50
58
50
50
26
46
34
46
40
48
50
48
40
62
38
46
62
44
50
58
46
50
52
46
40
40
48
54
54
50
50
50
54
50
46
54
50
50
46
