80
104
96
118
80
90
138
94
90
72
48
96
98
98
88
98
60
96
112
132
88
114
100
112
104
58
80
74
128
118
122
92
60
36
110
92
60
100
116
112
110
114
86
68
104
124
114
74
88
86
118
126
120
78
50
42
70
74
100
124
102
82
50
76
48
126
84
40
112
72
102
100
64
102
76
68
80
70
104
96
48
104
62
66
96
96
96
76
52
124
68
84
68
98
50
108
112
60
56
84
80
80
82
48
96
100
118
28
84
100
132
78
60
42
110
38
60
104
114
80
58
130
48
60
66
112
96
104
70
118
60
68
28
92
96
108
92
114
54
58
48
90
114
114
104
100
116
132
114
100
134
114
92
106
56
66
94
130
70
56
48
84
116
110
38
98
94
76
84
88
96
78
84
96
82
46
84
100
94
118
94
56
84
60
54
94
82
86
78
56
56
88
94
118
74
96
72
84
128
112
120
112
114
106
90
132
52
60
58
118
92
106
140
104
56
74
104
124
98
86
122
70
72
92
94
72
78
44
42
60
84
104
122
90
58
74
62
54
104
78
66
82
78
34
80
118
58
92
84
68
78
72
78
38
78
64
58
34
138
66
84
126
118
80
80
38
62
70
82
78
100
94
106
120
92
54
34
44
82
80
96
126
110
64
128
42
110
74
