12
0
8
8
8
8
4
4
0
8
12
8
8
8
16
8
16
4
4
0
4
0
16
8
8
0
16
12
4
4
12
8
142
4
24
4
8
0
8
20
12
4
8
12
8
12
4
20
0
4
12
8
4
8
16
8
8
8
0
12
8
4
16
4
0
4
8
16
12
8
16
4
12
8
0
8
4
8
8
12
16
12
4
20
4
8
6
12
4
16
0
0
0
4
8
8
4
12
16
16
8
8
12
4
12
8
4
24
4
8
16
20
12
0
0
4
0
0
8
12
4
0
0
0
16
12
8
8
4
0
0
20
0
4
0
0
0
8
4
4
8
20
0
8
0
4
4
4
16
8
4
12
10
12
16
0
0
0
24
0
4
8
8
24
4
0
28
8
4
8
0
4
16
12
12
0
0
4
24
20
4
4
12
8
4
30
20
12
8
8
16
4
8
4
8
8
4
16
0
0
0
8
0
8
16
20
4
4
12
8
8
0
4
4
20
16
64
4
4
20
20
16
32
0
8
12
12
12
8
0
0
16
0
4
8
8
0
12
12
4
4
0
4
4
8
16
8
20
12
12
8
8
4
0
4
12
4
12
4
0
4
0
4
16
20
16
8
0
4
12
12
8
4
4
0
0
4
12
12
0
20
12
8
8
0
0
4
20
