2
2
4
2
2
2
0
2
0
2
0
0
2
6
0
2
4
4
0
2
4
4
2
6
2
0
0
0
0
2
2
0
2
2
2
2
2
2
2
6
2
0
4
2
2
2
2
2
2
2
2
2
2
4
0
0
0
2
0
0
0
42
0
2
48
0
2
2
4
2
8
4
4
4
4
2
4
2
6
4
4
0
2
0
4
2
0
0
2
2
4
4
2
0
0
4
2
0
4
2
2
0
0
0
2
0
0
6
2
4
0
4
4
2
2
2
6
0
2
10
0
2
2
0
0
6
8
2
6
2
2
2
6
0
0
2
2
40
6
0
38
2
4
0
2
6
4
2
2
2
2
2
0
2
0
6
2
4
2
2
0
2
2
6
0
2
2
0
4
2
0
0
6
6
2
2
2
2
2
0
2
2
2
2
0
2
0
2
2
4
6
2
2
0
2
2
2
2
4
74
6
4
2
2
4
2
2
0
2
2
0
2
6
4
2
0
4
2
0
2
0
2
2
2
2
0
0
2
2
2
0
0
0
2
0
0
2
2
2
0
0
2
2
2
2
4
0
0
0
0
2
6
0
2
0
0
2
2
2
0
0
2
2
18
0
4
0
0
0
0
2
2
6
2
2
4
2
2
0
0
6
0
2
2
2
40
6
2
