70
44
62
30
6
56
50
46
32
50
0
32
62
100
14
66
90
44
56
28
46
10
58
2
70
64
64
94
90
114
6
42
36
54
64
40
60
100
0
0
128
0
62
50
34
2
42
36
68
6
58
110
104
32
44
74
52
58
58
72
0
86
2
102
82
52
68
62
64
76
88
64
60
4
64
86
50
88
0
36
46
90
74
8
50
70
46
6
84
2
22
26
76
84
70
70
56
86
60
90
108
44
56
70
54
44
76
34
98
48
76
50
0
52
66
82
8
112
2
2
120
14
0
42
10
104
58
126
8
126
114
16
2
120
108
2
0
68
110
64
62
114
86
4
88
14
48
84
2
2
20
80
2
86
102
6
2
38
72
2
60
100
2
2
94
10
40
14
36
28
96
60
0
2
16
70
2
2
96
0
0
84
0
96
4
118
24
136
12
76
6
54
76
2
114
78
100
120
60
8
112
58
50
12
102
150
4
22
6
98
68
136
84
100
48
90
2
134
100
12
98
82
36
8
52
38
62
0
8
128
12
138
100
12
6
90
8
18
68
0
2
46
94
2
10
44
8
56
120
90
2
96
50
108
0
34
90
2
114
12
36
66
6
58
96
60
42
42
40
84
34
62
0
6
38
88
12
30
58
106
0
76
114
16
2
76
6
4
