4
0
0
4
8
0
0
4
4
4
4
0
4
4
4
8
8
4
8
8
8
4
12
4
12
4
0
4
8
8
8
8
12
4
4
0
4
8
4
8
8
4
0
4
8
4
8
0
4
4
4
0
4
0
4
8
8
8
12
0
0
4
8
4
4
8
4
4
12
4
4
4
8
4
8
8
0
0
4
0
4
4
16
180
4
4
4
8
8
4
16
4
12
8
4
32
0
8
16
4
16
8
8
0
8
4
8
16
0
12
0
8
4
4
8
8
12
8
4
8
4
12
4
4
12
4
4
4
4
4
12
12
8
0
38
4
8
4
12
4
12
8
12
8
4
4
8
12
20
4
20
4
4
8
12
4
4
4
28
12
16
26
8
8
8
4
8
24
8
8
8
4
16
8
8
12
8
12
8
8
8
4
4
8
16
8
4
8
16
8
4
4
8
4
20
4
12
8
4
8
20
20
12
8
18
4
8
16
8
4
0
16
12
20
8
16
8
8
12
4
8
4
8
8
8
8
12
4
12
8
8
12
8
4
12
16
8
4
4
4
12
4
12
4
4
12
18
8
8
4
4
4
4
12
8
16
4
16
8
4
8
4
8
16
8
4
16
12
4
4
12
16
8
4
4
8
4
4
4
4
4
0
4
12
4
12
12
4
