68
58
76
74
74
68
66
74
74
72
72
72
64
72
70
76
74
66
68
72
70
70
44
54
64
70
76
72
74
54
74
70
76
72
64
54
70
64
74
74
58
56
72
66
72
74
72
62
68
74
74
72
58
68
64
72
64
60
70
70
72
74
72
74
64
68
62
58
70
64
70
70
68
74
72
66
62
70
70
68
70
70
48
56
70
58
72
52
46
70
58
68
58
72
56
64
70
72
58
56
58
52
74
74
72
74
64
72
72
68
76
70
60
68
72
74
70
72
58
72
72
48
70
66
54
70
52
70
72
72
72
72
70
70
66
70
48
68
66
72
68
68
52
68
70
54
62
60
52
70
54
72
72
60
58
60
68
74
72
58
50
68
74
54
72
58
68
62
70
72
60
56
52
66
70
72
54
60
62
62
74
74
72
64
52
58
60
70
62
70
72
62
68
50
62
68
50
68
74
72
66
70
72
74
62
68
64
48
60
64
68
70
54
62
72
70
74
70
52
72
52
70
68
60
56
72
70
56
70
66
50
72
48
66
62
70
64
66
70
74
70
68
66
62
52
66
62
66
66
62
44
68
72
70
62
66
54
60
70
62
60
70
74
72
68
64
64
64
66
70
74
60
72
56
74
64
74
42
70
74
72
68
72
56
72
76
64
72
