14
14
14
18
18
18
14
12
14
18
14
12
14
14
10
14
10
14
14
14
14
14
14
14
10
12
14
12
14
12
14
18
14
22
12
16
12
14
20
16
12
14
20
14
12
10
16
12
10
18
18
12
18
14
14
10
14
16
10
14
16
16
12
12
10
22
14
14
14
12
12
14
14
14
14
12
16
16
12
16
14
18
14
14
14
18
14
16
14
10
14
12
14
10
14
18
14
14
14
26
14
14
16
18
18
14
14
12
14
10
14
12
12
12
14
14
14
14
14
14
16
18
14
20
14
16
18
18
14
18
14
12
14
14
14
14
18
14
12
14
20
18
22
12
14
14
12
14
16
10
14
14
18
12
14
12
10
14
22
14
18
16
12
14
12
14
18
12
14
12
16
18
12
14
12
20
14
18
18
14
18
14
20
12
12
14
6
14
18
14
14
14
10
14
14
14
10
14
14
14
14
14
14
10
18
10
14
14
14
14
14
14
10
8
18
14
14
14
14
12
20
22
14
14
8
10
16
14
14
14
14
8
18
16
16
14
18
20
14
14
14
14
16
16
20
14
14
14
12
12
10
16
10
14
8
14
14
18
12
14
14
10
14
12
18
10
14
12
14
12
14
14
10
14
14
14
14
16
16
14
14
14
12
14
14
8
10
14
