72
76
70
68
78
66
64
64
68
76
70
62
70
74
68
76
66
68
74
76
62
76
70
78
74
74
70
78
78
78
76
78
70
78
70
76
76
74
72
76
72
76
76
74
80
74
76
74
74
74
76
74
42
76
74
72
74
76
72
76
74
64
74
78
78
76
76
70
76
72
74
74
74
70
74
76
76
70
68
68
78
72
62
70
74
66
76
76
74
74
70
56
70
76
76
62
72
66
74
62
76
78
78
66
74
72
74
78
70
66
74
76
76
68
76
76
78
72
76
60
74
68
66
78
76
74
76
68
76
78
68
72
72
66
74
78
72
70
48
64
76
74
76
76
60
58
72
72
76
70
60
72
74
78
76
76
64
76
74
74
72
68
66
76
74
76
76
74
62
66
78
70
74
72
64
62
74
66
68
74
62
78
72
76
78
66
76
68
74
74
72
76
64
70
76
74
74
74
66
74
78
72
76
74
68
76
58
58
74
74
70
80
68
74
74
72
64
66
76
70
74
70
74
66
66
74
76
70
74
76
76
78
76
66
72
72
66
74
74
66
68
76
76
76
70
68
76
72
78
74
70
64
76
76
68
68
56
66
76
60
74
76
78
64
66
74
74
78
74
66
64
74
76
74
72
76
68
68
64
76
76
76
74
70
66
74
78
68
