26
0
16
16
16
20
16
20
8
16
24
20
12
16
8
26
24
20
4
20
8
8
16
8
20
24
24
16
12
12
16
16
20
4
16
8
16
20
30
16
24
12
16
46
16
24
24
0
12
20
20
12
12
20
16
36
16
28
12
20
16
8
20
16
16
22
12
20
24
32
16
20
28
20
20
20
12
20
18
26
20
32
28
12
12
8
12
38
20
12
20
36
8
16
34
24
62
20
24
20
20
24
8
4
24
4
22
12
24
8
20
12
16
12
16
20
12
16
24
16
22
24
24
16
24
38
28
24
20
12
12
16
26
24
24
20
28
12
20
4
24
16
24
24
8
22
12
16
26
28
12
18
24
24
22
12
36
24
20
12
20
30
16
26
26
30
30
38
20
32
34
20
16
28
20
24
28
8
20
12
8
16
20
24
22
20
16
20
24
26
12
16
34
42
16
28
16
8
12
20
32
38
20
0
8
20
88
28
38
24
16
8
16
16
20
32
12
16
12
12
12
20
24
24
12
32
8
16
16
8
20
20
16
20
8
4
12
4
24
24
16
8
0
8
20
16
12
20
20
12
4
34
24
4
20
16
12
12
26
16
12
4
38
20
20
20
20
16
12
8
4
0
4
8
16
20
16
12
12
8
20
20
16
12
8
16
12
8
