4
4
0
4
4
4
0
0
8
4
0
8
0
8
12
4
8
8
16
8
4
4
8
4
0
0
8
12
4
12
4
16
8
4
4
16
4
4
4
4
0
12
4
4
4
4
8
4
4
4
0
8
4
4
4
4
4
4
12
4
12
4
8
20
4
4
4
4
4
8
0
4
4
0
4
4
0
4
4
0
4
4
4
4
4
4
8
4
8
12
4
4
0
4
4
4
4
16
0
20
4
8
4
8
8
4
4
0
12
8
12
154
4
0
8
8
4
4
26
4
8
4
4
12
0
4
8
12
24
8
4
24
4
4
4
0
4
4
4
8
12
16
4
0
8
0
4
4
4
0
8
8
0
12
4
4
4
8
8
4
4
4
12
4
8
4
4
8
4
4
8
8
8
4
4
12
8
4
0
0
4
4
0
0
12
4
8
8
20
8
4
4
4
12
4
4
4
4
4
4
4
8
8
8
20
12
4
4
18
12
12
22
30
16
12
12
146
30
12
20
4
4
8
4
24
4
20
8
4
4
8
4
4
4
8
4
4
8
8
8
16
4
4
8
8
4
4
8
8
8
4
4
4
0
4
0
4
4
4
4
4
4
4
8
4
4
4
4
0
8
8
4
12
4
4
4
4
0
0
4
0
4
4
0
4
4
4
4
