6
0
2
2
2
2
2
2
2
2
2
14
2
2
2
6
10
0
0
6
0
0
0
2
2
6
2
0
0
0
2
2
2
2
2
2
2
2
2
6
6
0
0
0
0
28
0
2
2
0
18
2
2
10
14
10
2
2
0
2
0
2
6
2
2
2
0
0
2
2
0
0
0
6
0
2
2
0
2
2
0
0
2
2
2
2
0
14
2
2
2
0
0
2
2
2
2
0
2
0
10
2
2
2
2
66
10
2
2
0
0
0
10
0
0
6
0
6
6
6
0
0
0
0
6
2
2
0
0
0
0
0
2
10
6
2
0
2
0
0
0
2
0
0
0
6
10
2
0
2
2
0
10
10
2
2
6
0
2
2
6
2
0
0
6
2
0
2
2
8
2
10
2
0
6
0
0
0
2
2
14
6
2
6
2
24
0
2
0
0
0
0
2
6
2
0
2
2
0
6
2
0
24
14
0
6
6
2
2
0
0
2
6
2
0
2
2
2
0
2
0
0
2
2
0
0
2
2
6
2
0
6
2
0
0
0
6
0
0
0
2
0
6
2
0
6
6
14
2
6
14
0
14
0
2
6
6
2
0
0
0
0
10
6
2
6
2
2
0
2
2
2
2
6
0
2
6
0
12
2
0
2
6
10
2
2
2
2
