16
4
42
34
10
48
16
34
8
16
34
62
50
40
32
32
10
26
4
56
44
32
18
28
20
0
24
52
8
26
38
74
40
36
4
8
4
0
28
52
34
42
38
20
28
20
8
36
10
46
12
6
46
48
20
16
42
40
2
60
32
34
4
32
16
0
70
44
56
4
44
16
12
4
44
20
16
4
20
34
14
4
66
46
36
46
26
30
50
10
20
32
18
16
64
10
10
28
8
50
32
8
24
36
30
0
40
40
62
4
34
10
0
4
34
10
40
10
56
46
10
6
36
40
36
4
60
38
30
4
26
26
48
8
60
44
10
20
16
32
56
44
42
14
4
58
12
0
12
54
38
8
12
22
34
36
8
38
20
6
16
28
10
16
50
20
28
4
66
18
4
0
56
48
4
46
26
56
0
68
34
8
10
48
34
4
16
4
30
0
4
26
48
46
10
44
32
26
22
44
12
16
0
20
14
34
6
50
30
30
22
24
6
32
32
32
4
48
20
32
8
44
30
0
8
60
40
8
4
52
14
0
4
28
8
52
22
70
20
22
38
42
14
0
24
28
32
60
10
40
22
56
38
26
42
40
22
34
2
60
32
50
4
66
14
6
24
12
10
44
10
14
30
64
4
54
20
4
12
58
14
20
50
28
66
0
30
14
