4
0
0
8
16
0
20
12
16
16
0
12
0
20
0
8
0
4
0
24
8
0
0
4
8
8
12
0
0
16
12
28
0
24
16
20
0
0
12
12
0
0
24
8
0
24
8
32
16
28
0
32
12
0
20
8
32
0
12
0
12
0
0
0
0
0
0
0
4
0
24
0
4
0
0
4
8
20
4
16
24
4
0
14
8
0
24
4
22
4
4
16
0
0
0
24
8
0
12
20
0
0
6
4
0
4
16
26
0
16
24
4
16
0
4
20
24
0
28
0
16
20
8
30
28
0
0
0
4
0
8
0
24
16
4
0
16
28
20
4
12
0
0
0
32
0
8
0
0
0
16
0
4
0
16
24
0
24
8
10
0
36
24
8
0
0
0
0
20
4
8
12
4
4
0
24
16
0
8
4
0
20
4
4
0
0
0
36
12
8
4
0
4
8
0
0
24
4
0
8
0
20
0
4
8
0
4
8
4
12
20
4
16
4
0
0
0
12
20
0
4
40
0
0
0
4
32
24
4
32
8
0
4
8
8
12
4
0
16
8
0
8
20
4
12
32
0
12
4
0
0
0
22
36
4
0
0
4
0
12
4
4
36
0
8
0
0
0
0
28
0
4
0
28
24
12
0
12
0
20
0
8
16
4
4
36
0
16
