0
0
0
4
4
4
4
4
0
4
0
0
0
4
12
4
0
16
16
0
0
4
0
12
12
8
12
4
4
4
12
8
4
0
0
0
16
8
4
4
4
12
4
4
4
4
0
4
8
0
4
20
4
24
20
0
4
4
0
4
0
12
0
4
4
0
24
14
16
8
12
4
32
40
12
0
4
8
4
12
16
0
12
4
8
12
0
0
34
0
8
8
4
4
0
4
0
4
16
36
24
8
20
0
8
0
8
0
4
8
0
4
8
4
0
8
4
8
4
4
4
8
0
8
0
4
4
0
8
0
0
4
4
0
4
0
0
4
0
0
4
0
4
0
0
4
0
4
0
4
4
0
0
4
0
0
0
0
8
0
0
4
0
8
4
4
0
0
0
0
0
0
4
0
4
4
0
4
0
0
4
20
4
0
4
0
4
0
0
4
0
4
0
4
4
4
0
0
4
0
0
0
4
0
0
4
0
0
0
4
0
0
0
0
4
0
0
0
0
0
0
0
0
4
0
4
4
0
0
4
4
0
0
4
0
0
4
4
0
0
0
0
0
4
4
4
4
4
0
4
4
4
4
0
0
0
4
0
0
0
0
4
0
4
0
0
8
0
0
4
4
0
4
0
4
4
0
4
0
0
0
4
0
4
0
0
0
4
