4
12
4
0
4
4
4
4
0
0
8
8
0
8
4
0
4
0
8
8
10
0
10
8
0
0
0
4
4
8
0
0
0
4
8
8
0
4
4
12
4
4
4
4
12
0
8
8
8
8
4
4
4
12
4
4
8
0
0
4
16
4
4
4
4
4
4
0
0
4
0
0
4
4
4
12
0
4
8
0
4
12
4
8
4
0
0
4
4
8
0
0
12
4
0
4
4
8
0
0
8
12
0
4
4
0
8
8
8
4
8
0
4
4
8
4
4
4
4
0
4
4
0
4
0
16
4
4
12
4
0
4
8
2
4
0
0
4
8
4
8
0
8
0
0
4
10
4
0
4
10
0
16
0
8
0
14
16
4
0
4
8
0
4
0
4
4
0
8
0
0
4
8
4
4
22
0
4
8
12
8
8
8
12
12
16
4
4
8
4
4
4
4
4
12
0
8
4
0
8
12
0
4
4
0
4
8
0
4
0
6
8
0
4
0
12
0
4
4
0
8
4
4
4
0
4
4
4
8
8
8
4
4
0
4
4
0
0
0
4
0
0
4
4
4
8
4
8
8
8
8
4
4
0
4
0
4
4
0
4
0
0
4
4
0
6
4
4
4
8
0
8
0
4
4
8
0
0
0
4
4
8
0
0
12
26
4
0
