12
0
16
12
12
8
8
4
8
8
12
4
8
12
4
12
12
4
16
12
8
4
4
8
8
8
8
12
24
16
4
12
4
16
8
16
8
12
8
12
4
4
8
8
12
12
4
4
12
4
12
8
24
8
4
4
8
4
8
12
12
12
12
8
8
20
4
12
4
4
32
4
4
8
4
4
8
8
4
8
16
8
8
4
16
4
8
12
8
4
8
12
4
4
20
12
12
0
8
8
20
16
16
8
4
4
16
4
8
8
16
4
8
12
8
12
12
4
12
4
12
20
20
8
8
16
4
12
30
16
16
8
4
8
8
8
8
16
16
8
12
8
8
4
12
20
8
8
4
8
12
8
4
20
12
4
12
8
8
8
28
4
0
8
4
16
0
16
28
16
12
8
24
20
16
150
16
12
8
12
8
4
16
12
16
8
8
4
12
4
16
16
22
4
16
16
20
4
8
12
16
16
8
4
4
8
4
8
8
30
12
8
8
12
20
12
12
8
8
24
4
8
4
12
12
20
16
8
12
16
16
12
8
16
12
8
20
8
4
4
12
4
16
8
8
12
12
4
12
20
12
0
8
12
8
12
8
4
12
16
8
16
16
4
4
4
8
4
8
8
0
4
4
12
12
8
12
12
16
12
12
8
12
12
20
4
4
12
