24
20
4
24
12
8
20
8
12
20
16
28
28
12
12
28
32
28
28
16
20
20
20
12
40
0
0
0
16
20
12
20
12
24
24
24
12
20
16
16
12
24
20
74
32
16
20
32
12
20
28
8
12
12
16
4
28
70
24
24
4
20
28
24
24
20
40
24
20
16
32
24
24
20
24
16
32
20
44
12
20
28
16
32
20
12
12
32
20
70
8
16
12
20
42
24
16
12
20
24
20
24
24
28
32
24
36
16
24
36
24
24
24
28
12
16
24
44
28
12
20
16
36
16
16
16
24
24
20
16
36
20
32
38
20
20
48
28
24
28
32
20
12
16
28
24
20
24
28
24
28
8
12
8
28
28
28
24
20
44
24
8
20
12
16
16
8
20
28
16
24
36
28
28
36
24
12
28
12
32
12
16
16
12
32
32
16
16
20
20
28
20
16
16
16
36
40
16
20
40
20
16
12
16
16
12
24
20
32
16
20
36
20
44
16
12
20
24
28
20
24
20
16
16
16
12
36
20
16
12
20
12
12
20
12
36
40
16
24
12
12
20
16
12
28
32
16
32
4
4
8
20
20
20
12
8
20
12
24
20
16
16
12
8
12
20
8
24
4
16
20
8
24
20
20
20
20
20
12
20
12
24
12
8
16
8
16
12
