66
82
56
42
76
48
110
78
30
38
66
48
58
122
50
58
12
40
76
60
88
60
26
134
60
56
96
160
54
52
48
80
96
52
80
88
34
52
70
42
72
66
68
78
26
30
48
92
64
86
64
114
30
56
50
42
56
74
54
74
88
166
80
104
98
90
72
78
70
92
88
78
92
48
112
42
64
48
108
58
64
0
64
64
114
150
76
64
86
28
76
92
80
60
84
78
86
62
76
64
92
78
36
0
34
26
64
104
100
70
100
66
90
66
26
114
60
72
88
50
92
70
72
58
74
76
38
68
4
68
68
60
74
70
162
64
92
92
76
56
30
26
92
52
112
90
62
44
106
56
36
94
90
40
40
56
106
70
142
62
50
54
82
102
88
114
4
60
82
100
68
72
60
88
84
54
60
54
52
64
106
58
74
124
100
92
52
44
42
68
106
58
72
128
128
84
52
70
68
78
0
76
94
122
120
56
114
114
130
74
130
52
82
130
104
48
86
132
138
58
78
100
56
40
30
94
48
92
84
70
26
30
98
78
58
30
48
48
38
64
52
56
68
78
62
108
58
42
42
62
68
44
56
72
44
38
70
56
44
34
72
30
82
30
0
42
56
52
52
36
30
50
26
46
38
38
62
56
40
30
36
42
74
74
0
30
42
60
