2
6
10
0
2
2
0
6
0
14
10
10
10
10
16
2
2
4
2
6
2
0
6
6
6
0
2
2
0
0
6
40
50
6
0
10
4
0
2
6
0
2
6
0
2
0
102
0
10
2
6
0
0
2
2
2
0
0
6
0
2
164
0
10
0
2
2
2
10
6
150
0
0
0
26
0
10
2
2
60
10
24
0
0
0
0
6
6
0
2
0
10
2
130
6
6
6
0
2
2
20
0
0
6
2
6
0
2
0
18
2
2
0
0
0
2
0
6
2
6
0
2
0
2
6
6
6
0
0
2
2
0
8
120
0
2
2
2
4
14
2
2
30
156
0
2
0
0
0
0
0
6
0
6
10
2
2
0
6
2
2
6
6
10
0
6
6
2
6
0
2
0
6
0
6
0
2
8
0
2
2
0
6
0
2
6
12
6
0
0
18
2
10
0
0
6
6
2
6
10
2
2
6
10
0
0
10
32
10
2
6
0
0
0
0
0
10
6
0
2
14
14
2
2
0
2
0
0
0
2
0
0
0
2
2
2
2
0
0
10
2
62
0
14
0
6
6
2
0
2
6
2
2
0
6
0
6
10
6
6
28
2
2
2
2
2
2
0
2
2
2
0
6
6
10
6
12
22
0
6
0
0
6
6
0
2
2
10
