0
0
0
0
0
0
0
0
0
0
0
0
4
4
0
0
18
4
4
20
4
4
12
4
16
8
4
8
4
0
0
4
4
40
4
8
4
4
4
16
32
4
8
4
0
4
4
8
4
4
4
4
4
4
4
4
0
8
8
8
34
38
0
0
16
4
8
4
4
4
4
22
0
4
32
8
4
8
4
4
12
4
8
0
12
0
4
4
4
4
0
0
4
8
8
8
56
8
4
12
8
4
4
4
4
0
4
8
8
4
4
4
4
0
0
4
4
4
12
4
0
8
4
0
4
0
8
0
4
4
8
8
0
8
4
0
0
0
4
4
4
0
4
8
4
0
4
0
4
4
0
0
0
0
12
0
4
4
0
0
4
0
4
4
0
4
4
0
4
0
4
4
4
0
8
4
4
4
4
0
4
4
4
0
4
0
4
0
4
0
4
4
0
4
4
4
4
4
4
0
4
0
4
4
0
0
0
4
4
0
4
0
4
4
0
0
4
4
4
0
4
4
4
0
4
0
0
4
0
0
0
4
8
4
0
4
4
4
0
0
0
4
4
4
4
0
4
4
4
4
4
0
4
0
0
4
4
4
4
0
4
0
4
4
4
4
0
4
8
0
4
4
0
4
4
0
4
0
4
4
0
0
4
0
0
4
4
4
