78
68
80
60
84
54
68
86
82
92
72
58
88
90
86
90
82
80
90
66
78
76
90
58
78
92
80
64
82
92
64
82
86
62
80
52
66
68
56
54
58
70
60
56
64
76
58
60
74
46
54
48
62
54
78
82
88
84
48
66
66
90
78
72
60
74
58
64
64
78
72
82
82
52
74
66
66
92
88
90
70
80
90
58
54
68
56
64
58
56
80
60
74
60
84
70
64
68
54
54
70
70
76
44
72
58
46
46
58
46
56
72
56
66
70
56
94
84
86
86
92
86
62
62
82
84
80
68
92
84
80
56
50
64
74
76
80
92
88
70
76
78
86
92
64
74
88
54
76
82
86
82
80
88
76
58
58
78
78
78
76
82
84
58
78
78
72
76
80
74
80
34
78
90
60
80
84
84
78
56
92
80
70
70
54
90
74
78
76
84
58
64
74
74
58
72
84
84
76
56
56
70
56
56
88
62
62
56
70
52
70
62
50
58
78
78
88
72
82
60
70
78
84
90
76
54
50
40
64
88
76
72
84
84
86
50
66
90
84
80
86
72
88
72
94
82
78
54
74
66
56
58
64
56
58
62
60
62
58
86
60
60
88
82
84
82
62
56
76
84
80
86
88
60
50
78
60
80
66
80
92
90
84
54
90
62
88
70
