0
2
0
6
2
0
6
0
2
0
0
2
0
0
2
6
6
6
2
0
0
6
6
2
2
2
2
2
0
6
2
0
6
2
2
2
2
2
2
2
0
0
2
2
2
10
0
0
2
2
0
0
2
2
6
6
6
6
2
6
2
2
6
0
6
6
2
0
2
0
2
6
2
6
2
10
2
2
0
2
6
2
0
0
14
0
0
2
2
0
2
0
2
2
2
2
0
6
2
2
0
2
2
2
2
0
2
6
10
0
0
6
2
0
6
2
2
6
0
2
2
6
2
2
2
2
2
0
6
2
2
2
2
2
10
0
6
10
2
2
2
0
0
2
6
2
6
0
2
2
6
0
2
2
2
10
2
2
2
2
2
6
2
2
2
2
2
0
4
6
2
2
0
0
0
0
0
8
2
2
0
2
2
6
0
2
2
2
0
2
0
2
34
2
10
0
2
6
2
0
0
0
0
2
6
0
2
10
2
2
2
6
2
0
2
2
0
2
0
0
2
2
2
2
2
0
0
2
2
0
2
2
18
2
2
0
0
2
0
6
2
2
0
2
2
2
6
2
0
0
6
10
0
6
2
10
2
2
0
0
0
0
0
0
2
2
0
0
2
0
0
2
0
18
2
2
0
6
2
0
2
2
10
2
2
70
2
0
