18
12
22
34
34
14
18
26
40
12
10
8
18
22
30
32
16
36
14
32
18
22
18
22
22
18
30
14
26
14
52
18
26
34
22
34
18
28
12
26
26
22
10
12
18
8
4
14
14
18
36
12
10
14
14
8
22
22
18
14
8
14
36
30
26
26
18
22
26
36
12
30
26
22
22
26
32
32
18
14
32
22
36
24
18
34
14
14
22
14
26
48
26
18
28
14
22
34
14
14
18
42
22
20
18
26
22
20
36
32
18
44
30
44
20
26
12
16
26
40
24
36
38
26
26
18
18
42
26
28
16
32
44
18
20
22
22
14
32
44
16
22
26
10
24
18
32
18
26
10
24
8
22
14
14
50
36
22
16
30
14
8
22
18
34
26
32
12
30
18
30
38
22
14
12
10
50
24
22
26
16
30
26
32
20
44
32
34
22
10
56
24
32
18
52
36
14
22
18
48
36
30
44
26
10
38
56
18
12
22
38
16
38
40
26
36
18
28
14
36
30
26
34
40
26
34
14
24
14
18
18
10
22
16
34
30
18
14
26
8
18
8
14
12
18
4
16
18
18
4
8
12
20
10
18
12
14
10
22
22
14
4
14
8
34
22
26
12
26
26
8
8
20
28
14
26
26
8
40
10
8
10
10
22
10
18
10
18
