2
0
46
184
64
4
42
2
0
34
0
18
8
80
0
4
8
24
0
122
0
0
0
0
0
0
0
76
174
184
0
0
0
0
0
0
0
0
184
134
144
0
0
0
0
0
0
0
0
0
154
156
172
0
4
0
0
0
0
0
0
0
0
26
62
14
54
4
4
64
32
8
74
60
4
0
0
38
138
124
0
70
110
0
146
0
4
0
0
162
120
4
0
30
172
0
0
0
12
88
80
4
12
168
82
0
0
0
0
0
0
138
60
28
172
160
134
130
4
0
0
0
0
10
0
0
8
140
76
0
0
16
4
4
0
0
0
0
0
8
0
4
0
14
42
0
4
4
0
42
4
72
0
82
0
0
66
18
0
0
0
80
54
102
4
4
4
0
4
4
0
130
0
76
0
0
0
188
116
22
0
86
0
0
0
50
60
180
0
68
84
0
56
172
0
114
0
92
4
108
14
4
4
6
4
4
72
34
150
0
4
22
86
22
158
0
142
0
0
4
190
66
104
80
4
152
0
0
0
0
4
20
0
56
168
156
0
0
0
0
0
0
192
154
98
0
0
0
0
0
0
0
0
0
8
142
162
0
0
4
0
0
0
0
0
0
0
104
92
0
0
0
0
0
0
0
0
0
120
188
126
0
0
0
0
0
0
0
