4
8
20
18
8
4
20
28
42
18
16
12
12
12
38
20
16
8
20
30
4
12
22
12
12
34
24
34
38
34
24
28
30
38
30
28
16
8
8
18
12
38
30
22
22
30
20
8
38
88
28
26
26
46
28
16
34
22
28
12
20
24
16
18
42
28
42
24
12
30
26
34
30
20
46
24
20
46
42
12
20
20
16
24
8
12
12
38
20
26
30
24
16
50
16
30
38
24
28
22
16
24
46
14
34
22
16
16
30
16
50
20
24
30
24
34
18
46
16
42
16
12
30
34
34
24
20
20
16
26
16
16
24
18
30
34
22
22
30
12
12
24
16
30
16
34
30
20
30
22
26
12
24
100
30
20
24
12
28
30
16
42
38
26
16
54
42
20
26
30
22
16
42
20
20
16
22
24
42
12
16
34
42
30
20
34
38
26
26
24
24
30
46
26
22
32
30
20
38
16
42
58
16
20
12
24
12
24
24
42
22
42
42
34
30
26
24
24
30
34
24
30
28
34
34
20
12
8
22
12
20
24
30
26
18
8
20
20
30
24
16
12
16
24
38
24
8
24
16
12
24
16
34
30
30
30
34
26
8
24
12
8
78
30
16
12
8
8
30
20
12
4
16
20
20
8
12
12
4
4
12
12
12
12
14
24
16
20
