4
8
8
0
0
8
16
4
8
12
4
4
0
0
8
8
0
0
8
4
22
8
8
8
0
0
0
0
0
8
0
4
0
4
12
8
4
0
0
4
12
0
0
8
0
8
8
0
0
0
8
8
4
4
4
8
8
8
0
4
12
0
4
8
4
8
0
0
4
0
12
12
0
4
8
8
8
4
0
8
4
4
0
4
8
12
4
4
0
0
4
4
0
8
0
12
8
4
4
0
0
0
4
8
4
4
0
16
4
4
4
4
0
0
0
0
4
8
0
0
4
0
0
4
0
0
0
0
4
4
0
0
4
0
0
4
0
0
0
0
8
0
0
8
4
0
0
4
0
4
0
0
4
8
0
0
0
4
0
0
4
4
8
0
4
0
8
0
4
4
4
8
4
4
0
0
4
0
0
0
8
0
0
0
0
0
4
0
8
0
0
0
0
0
4
4
0
0
0
0
4
4
4
4
4
4
4
0
4
4
4
4
0
4
0
0
4
0
4
8
4
4
4
4
4
0
8
8
4
4
4
0
4
4
8
0
4
0
0
0
8
4
4
0
0
0
0
2
4
0
12
8
4
4
0
0
0
4
0
0
0
12
4
0
0
0
0
0
0
0
8
0
0
4
0
4
0
4
0
8
0
4
8
0
0
4
6
0
