128
0
0
124
194
0
132
128
132
0
104
120
128
124
0
136
0
0
116
4
0
0
0
0
116
112
0
0
8
4
4
4
0
0
0
0
0
4
4
0
0
4
4
120
0
0
0
128
0
4
8
4
4
124
4
4
140
0
0
116
0
116
0
4
0
110
128
0
0
0
0
114
0
110
0
0
0
110
4
0
4
8
20
128
0
12
4
4
0
144
4
0
124
4
0
112
4
4
4
4
4
120
4
4
0
0
0
136
4
0
0
0
4
8
4
4
4
0
4
0
112
0
0
0
118
4
8
0
0
8
0
112
0
140
0
0
132
4
0
112
4
0
112
0
4
110
8
0
128
4
4
4
0
0
128
4
0
136
4
0
124
4
4
128
0
0
120
4
58
140
0
0
120
0
4
0
4
144
136
0
4
4
0
0
136
140
4
0
16
4
144
0
0
132
102
16
144
4
8
0
116
0
4
4
132
0
0
0
104
124
4
0
0
0
124
136
0
8
0
0
128
0
0
4
0
4
128
4
112
0
0
0
132
4
4
118
0
4
124
0
0
116
4
0
132
148
0
0
0
0
0
8
0
0
0
4
4
148
16
4
0
184
24
0
0
0
0
124
128
104
124
4
16
128
0
0
0
0
0
128
116
0
0
4
4
124
120
4
