112
74
48
82
80
104
58
68
90
40
60
98
88
58
28
98
64
54
34
86
62
66
68
78
108
74
42
62
86
92
102
130
62
56
84
54
100
72
40
66
90
126
134
48
90
58
84
78
74
60
70
84
32
66
138
100
114
130
122
62
72
82
108
82
86
102
104
42
98
88
150
86
112
146
100
128
134
90
82
106
128
130
114
140
100
70
44
48
118
114
118
110
90
108
152
70
100
138
54
86
100
130
90
104
100
44
70
44
54
50
140
118
84
74
74
68
88
54
66
80
88
82
80
118
98
112
116
180
82
116
88
84
150
90
122
88
112
136
66
108
128
78
104
88
136
88
128
42
94
120
92
100
114
108
108
162
138
142
146
102
92
106
80
102
112
108
156
140
116
132
108
170
60
148
152
118
128
128
70
92
124
56
120
116
76
136
108
106
106
74
100
118
62
36
108
76
74
104
94
114
86
58
38
78
84
104
56
102
104
132
64
68
70
86
54
92
58
90
74
48
88
78
26
50
120
36
86
98
44
104
62
40
92
62
36
66
26
118
40
58
50
16
26
14
14
50
66
30
62
62
46
26
36
18
18
18
52
74
58
8
90
58
44
44
74
50
70
78
74
72
30
30
62
60
34
22
20
44
32
26
70
58
16
20
22
78
36
46
