18
16
0
18
28
14
6
22
18
20
38
68
56
16
14
0
18
0
0
6
14
32
66
18
24
46
20
16
20
18
20
18
20
18
14
20
12
16
20
14
22
18
0
28
20
18
20
42
0
16
66
28
36
12
4
34
20
10
20
28
10
18
42
34
16
18
16
20
0
18
18
56
18
16
18
52
20
64
20
18
98
26
28
60
16
20
16
16
18
68
18
20
54
16
18
18
18
16
20
18
86
18
42
16
18
14
20
18
28
18
38
16
20
16
20
18
0
20
16
18
14
6
18
4
18
44
20
20
0
50
16
16
32
20
50
18
20
18
14
16
14
20
18
18
62
16
76
18
20
18
18
0
30
16
18
20
32
54
20
0
0
14
16
86
18
16
14
16
16
14
18
0
24
36
18
20
16
18
20
68
0
20
18
20
20
0
18
10
22
38
18
34
20
0
22
20
28
18
20
20
16
0
20
12
4
44
16
0
32
16
20
18
18
18
20
0
18
18
18
18
16
48
18
20
4
14
20
18
76
32
18
12
32
20
48
18
20
72
18
20
14
18
28
6
18
28
48
6
0
14
16
14
20
20
62
20
34
18
0
34
20
16
0
20
16
34
18
34
18
18
16
38
20
14
14
18
50
18
72
16
18
18
0
16
16
68
20
16
