34
42
26
30
10
34
22
24
22
30
26
14
22
6
14
22
22
50
18
48
46
44
104
32
34
38
46
44
38
42
26
18
44
46
48
54
68
28
28
76
64
46
32
40
48
26
30
36
60
34
38
50
56
64
36
30
68
26
44
42
18
38
42
64
38
40
30
38
34
28
32
36
28
40
24
26
30
34
30
18
42
34
34
20
24
14
24
44
36
38
42
68
62
18
52
26
90
28
44
54
44
22
66
50
50
44
46
72
76
26
26
34
18
24
26
26
20
22
40
14
22
32
20
24
22
34
60
40
38
30
32
38
10
56
34
14
6
38
42
30
14
16
22
24
30
54
14
34
18
18
34
44
6
18
18
22
28
18
18
32
24
22
48
38
166
38
76
64
30
42
24
46
52
44
14
10
18
10
24
10
22
40
32
24
40
26
14
26
52
30
18
46
26
34
14
38
24
18
44
50
10
24
22
30
26
28
26
26
34
30
30
26
34
22
24
32
22
14
24
30
34
18
10
22
22
30
34
18
28
24
112
36
26
42
52
38
48
26
22
42
28
22
26
30
22
10
22
18
22
18
10
26
26
30
22
26
36
32
18
36
36
36
34
60
32
62
40
56
58
46
18
18
18
40
10
34
18
20
14
32
16
18
18
18
6
36
34
60
