126
148
166
164
58
154
152
168
108
168
142
172
156
158
170
166
158
148
80
130
116
166
170
158
130
168
98
146
114
156
110
140
154
146
114
138
134
128
154
114
118
150
64
86
148
146
132
122
158
122
160
68
84
154
80
144
130
146
72
156
118
162
132
156
88
146
120
138
162
144
160
116
112
100
84
152
140
128
142
154
94
120
142
142
136
128
96
144
120
82
130
116
104
158
160
124
144
122
74
154
148
142
108
146
158
132
108
158
156
148
130
156
138
84
70
132
114
128
150
158
132
140
158
146
148
130
114
96
154
94
116
154
140
112
142
118
176
122
142
136
152
128
126
148
150
64
122
152
108
136
128
152
148
160
92
152
144
144
136
150
150
172
78
146
144
142
144
158
142
86
112
160
114
134
148
172
152
160
156
114
130
144
160
154
124
156
136
130
142
102
126
70
162
110
78
92
80
88
78
72
144
158
86
92
166
92
88
78
134
38
82
82
78
98
100
114
94
64
92
100
112
66
106
106
80
88
140
152
170
140
170
164
158
158
158
146
154
144
80
142
116
176
170
150
160
154
96
100
164
106
140
158
132
150
174
150
168
166
170
120
150
172
168
166
146
146
162
168
176
174
112
158
126
170
166
142
174
166
120
170
142
148
90
176
158
172
154
164
