24
12
8
16
8
8
20
4
24
16
16
12
12
12
0
16
24
12
12
24
8
12
20
24
18
8
4
4
12
46
16
24
12
16
4
12
8
12
16
8
16
8
12
16
12
8
12
8
16
8
16
12
8
12
16
16
16
16
20
16
4
8
4
12
8
8
8
8
16
4
4
4
12
16
8
12
16
8
8
4
12
16
12
18
16
16
8
12
16
4
16
16
4
8
8
8
20
8
12
8
16
16
8
16
12
8
4
8
8
14
12
12
20
12
22
16
4
16
20
26
16
16
16
4
8
16
24
12
20
12
12
8
12
12
8
16
18
12
16
16
12
8
12
12
12
8
8
12
8
4
12
12
12
8
22
4
12
12
12
8
16
20
16
22
20
12
8
12
16
20
16
20
8
12
8
20
8
24
8
8
8
8
16
16
12
20
16
8
24
8
8
8
16
16
20
16
16
8
16
42
20
24
28
12
8
16
16
20
18
16
20
16
8
12
12
4
12
16
30
20
18
20
16
12
12
16
8
8
8
8
16
8
8
12
12
8
8
4
12
12
16
12
12
12
8
20
8
20
8
8
12
16
12
16
8
8
4
12
8
4
4
0
8
4
122
12
8
12
4
8
8
4
24
12
16
8
8
4
8
4
4
4
8
8
8
4
20
4
