54
38
36
28
24
8
36
50
108
106
42
20
54
42
82
62
20
20
42
40
30
124
28
66
42
46
30
62
40
54
46
62
16
38
16
42
20
20
42
30
34
38
54
20
42
20
32
24
42
14
22
20
32
28
88
50
50
36
58
50
16
32
46
62
46
42
54
20
34
46
32
74
32
32
20
42
28
50
42
54
16
46
42
42
66
36
58
28
46
58
54
46
36
28
28
58
74
58
50
50
80
74
30
32
38
20
28
38
86
24
86
70
42
82
58
70
32
46
58
82
42
28
50
74
38
50
58
38
66
54
38
42
66
62
54
36
50
46
36
82
74
54
46
38
70
108
120
58
58
74
60
84
54
50
38
54
36
58
46
110
32
88
82
34
38
50
58
62
96
90
40
54
58
74
38
54
70
88
42
90
42
106
90
74
20
24
32
102
58
96
54
20
46
66
110
86
96
26
16
66
46
102
62
128
24
36
114
82
34
78
46
100
46
20
74
46
20
34
54
28
20
12
46
28
58
82
98
38
42
28
58
24
20
24
24
16
42
42
20
34
12
54
58
50
34
24
16
38
16
20
12
24
28
20
62
12
34
24
66
8
50
28
16
20
38
54
24
24
62
24
54
12
58
86
38
28
38
34
12
30
16
24
36
8
50
24
16
30
