16
12
16
16
12
16
20
24
12
12
16
12
16
16
12
12
12
16
20
20
12
16
20
12
20
8
20
20
12
20
16
12
12
30
16
34
20
16
16
20
12
30
24
20
12
20
20
16
26
16
20
12
24
20
26
20
24
20
22
24
24
20
24
20
24
20
20
20
12
20
20
30
26
30
24
34
24
12
24
20
28
24
20
22
24
38
16
28
20
16
24
16
16
22
24
26
14
22
20
30
134
16
22
16
20
30
28
20
20
12
12
26
24
38
28
22
26
20
20
24
30
24
16
16
20
16
26
16
16
20
24
24
42
20
28
30
26
38
18
20
24
16
22
20
22
18
26
28
20
28
20
24
24
20
28
22
16
12
20
24
22
34
20
26
24
24
12
20
28
24
20
24
24
28
18
30
24
24
20
26
24
26
20
20
20
20
16
196
24
16
38
28
16
30
34
30
30
24
30
28
28
26
26
24
24
38
34
26
38
30
34
30
30
24
38
30
28
24
18
26
28
26
30
20
20
28
38
24
38
30
30
30
24
20
20
28
26
32
28
30
24
28
16
26
26
34
20
24
24
30
30
20
28
22
28
20
30
28
20
20
20
20
20
24
16
28
46
20
38
28
20
30
24
28
20
24
20
16
22
20
22
26
26
24
18
22
160
26
