30
58
44
60
52
38
54
86
58
40
34
62
114
116
56
38
60
14
18
92
34
66
50
38
70
74
108
78
72
64
86
78
88
40
60
22
44
36
48
26
30
22
44
52
26
42
66
78
42
60
46
124
46
72
100
104
52
92
52
80
112
42
44
32
56
72
22
38
58
74
50
50
54
72
58
54
64
88
64
54
52
66
74
68
36
60
38
80
60
84
100
98
86
94
126
52
92
52
64
52
80
78
62
62
94
76
94
74
96
98
86
112
96
98
76
44
68
48
124
96
122
88
116
64
120
106
94
98
52
86
88
36
72
62
78
62
22
114
88
132
124
94
76
96
104
100
94
132
80
30
128
118
122
98
138
136
96
116
108
146
114
104
118
92
64
46
148
96
132
130
70
78
50
118
80
22
72
110
38
38
122
66
64
70
96
64
80
40
72
94
62
84
92
50
98
38
62
58
60
62
36
124
22
44
26
36
42
72
72
32
62
42
78
48
52
84
42
64
46
48
126
98
84
34
26
60
34
100
68
26
8
82
36
26
18
68
28
54
96
82
32
38
30
22
66
56
46
102
38
34
30
38
114
22
34
22
60
14
110
30
54
34
74
76
56
84
20
26
60
92
28
52
110
36
156
56
40
40
56
22
22
14
34
56
48
18
48
22
