64
68
82
136
0
128
110
4
66
144
30
154
54
4
84
0
70
148
58
58
68
110
70
120
66
90
12
178
144
136
80
104
8
8
122
78
112
8
102
76
170
142
70
72
4
4
0
122
140
76
70
152
72
148
82
62
4
4
142
72
68
82
142
150
142
144
70
76
4
8
134
140
88
74
8
146
164
64
70
86
8
4
110
126
58
0
16
4
132
92
72
142
96
142
150
54
4
146
0
4
136
70
66
0
46
4
56
64
64
72
8
146
140
132
74
120
4
4
66
70
70
72
8
114
4
64
118
4
4
8
66
66
140
8
8
4
128
74
70
68
4
126
118
74
76
144
132
64
136
70
80
12
138
180
58
58
4
4
86
160
76
76
84
66
140
146
84
70
8
76
142
22
76
60
8
4
158
72
66
0
4
20
4
80
46
54
4
76
170
124
94
92
70
138
48
54
78
4
66
150
174
122
72
82
8
166
156
4
98
86
8
12
76
162
72
44
90
4
140
94
70
8
150
136
154
138
60
84
8
4
150
52
82
62
78
146
152
74
74
90
4
12
154
68
64
8
12
4
138
124
8
74
140
88
70
82
64
150
8
168
138
134
58
142
4
154
76
102
82
68
140
168
136
112
78
70
4
138
74
16
80
4
154
156
76
68
88
70
