36
70
24
72
14
56
78
22
62
56
70
60
70
52
24
42
44
78
74
40
70
44
62
26
50
48
42
82
64
148
22
38
42
32
40
48
22
40
52
40
42
24
18
52
44
30
34
34
88
40
22
26
48
64
56
80
60
118
26
34
44
82
60
44
72
64
68
44
44
88
58
194
66
52
56
66
70
78
92
82
84
86
66
116
70
66
48
64
110
154
128
80
104
86
96
84
82
40
80
58
126
76
116
84
44
92
90
92
84
120
96
100
154
44
84
78
144
114
74
58
110
104
104
68
58
42
90
42
128
92
74
82
62
82
70
40
84
124
18
94
30
74
96
70
66
74
116
112
90
40
82
62
50
82
70
84
60
44
46
66
104
68
70
68
124
150
82
82
52
60
56
80
40
104
56
94
106
96
72
50
76
40
114
44
98
20
62
144
118
78
74
120
110
90
52
126
92
68
108
86
74
80
72
86
78
74
90
100
88
148
74
66
142
92
54
36
88
60
112
70
78
92
68
48
76
78
80
122
96
58
82
128
82
104
54
64
144
78
134
56
56
42
70
70
36
48
38
56
56
142
62
88
154
64
30
64
70
54
32
44
64
46
36
40
48
62
36
40
88
38
82
52
44
44
40
50
40
20
48
42
50
46
46
62
54
86
46
28
