4
56
4
4
4
4
0
4
0
4
38
4
0
0
4
4
0
0
4
0
4
4
4
4
0
0
4
4
4
4
8
4
4
0
4
4
4
4
8
4
4
0
4
0
0
4
26
4
0
4
4
4
0
4
4
4
4
8
0
4
0
0
4
4
0
4
4
4
4
0
0
4
4
4
4
0
8
42
0
8
0
0
8
0
0
4
0
4
4
4
4
0
0
0
42
4
8
8
0
4
0
4
0
8
4
4
4
0
4
4
4
4
4
0
4
4
0
4
0
4
8
8
8
34
4
8
8
4
0
0
8
4
0
0
8
8
4
4
4
4
8
0
4
4
8
4
8
4
0
4
0
0
4
0
0
34
4
4
0
4
4
4
4
4
8
4
0
8
8
4
4
4
4
0
8
0
4
4
4
4
4
4
4
4
4
8
0
0
0
4
4
4
4
4
4
4
4
0
8
0
4
4
30
4
4
4
0
4
0
8
4
4
0
4
8
0
0
8
4
4
4
4
4
4
4
20
0
0
0
4
4
0
4
4
4
8
4
34
4
4
0
4
8
0
4
4
0
4
0
4
4
4
4
0
4
4
4
0
8
4
4
4
0
4
0
8
4
0
4
0
0
4
4
4
4
8
4
4
0
8
4
8
12
8
4
4
4
4
