100
96
98
98
98
100
100
100
98
100
100
100
100
100
100
100
100
100
100
100
100
100
100
100
100
100
98
98
96
96
96
100
100
100
100
96
100
100
100
100
100
98
96
96
98
96
94
94
98
100
98
96
96
96
96
92
94
92
92
90
92
94
96
94
90
90
92
88
90
94
92
90
90
90
88
88
88
88
88
88
86
86
90
88
90
90
96
98
100
96
94
94
92
94
98
94
96
92
90
94
96
96
90
90
92
90
90
96
98
96
94
90
92
94
98
92
92
92
90
92
96
94
94
96
92
92
100
98
90
96
90
90
94
88
94
94
92
92
90
92
92
98
90
88
90
98
92
94
92
92
94
98
100
100
98
100
98
100
100
100
100
100
100
100
100
100
100
100
100
100
100
100
100
100
100
100
100
100
100
100
100
100
100
100
100
100
100
100
100
100
100
96
96
100
100
100
100
100
100
100
100
100
100
100
100
100
100
98
100
100
100
100
100
100
100
100
100
100
100
100
100
100
100
100
100
100
100
100
100
100
100
100
100
100
100
100
100
100
100
100
100
100
100
100
100
100
100
100
100
100
100
100
100
100
100
100
100
100
100
100
100
100
100
100
100
100
100
100
100
100
100
100
100
100
100
100
100
100
100
100
100
98
100
100
98
100
98
100
