8
42
26
28
6
26
6
6
20
24
10
6
12
12
10
8
6
8
12
4
8
32
14
6
14
12
10
8
8
8
6
6
6
6
6
38
12
8
12
12
12
12
8
8
12
6
8
6
12
8
8
12
6
6
10
4
10
12
4
4
14
12
42
14
6
6
8
6
8
12
10
18
16
10
32
12
10
4
6
4
6
8
8
6
6
6
6
44
6
6
4
6
4
6
6
4
10
12
22
12
4
6
4
6
4
6
8
4
14
8
8
14
10
8
6
8
4
10
4
4
22
10
6
10
8
6
8
6
8
28
6
6
10
8
8
16
12
14
10
10
6
10
6
12
16
12
50
12
12
8
24
8
10
10
10
10
10
8
6
8
8
8
26
6
8
8
6
4
8
8
10
10
16
10
20
8
6
8
4
4
12
4
6
8
4
8
6
4
6
6
6
10
10
6
6
10
10
8
6
6
6
6
6
6
6
8
8
22
8
6
4
4
4
6
8
8
12
10
6
14
6
6
40
14
20
22
16
4
10
12
8
12
6
6
6
4
6
8
6
8
24
14
16
68
6
6
6
4
10
8
12
6
8
18
10
14
8
6
4
4
4
6
8
6
10
6
10
8
6
8
10
4
6
8
12
8
8
0
12
8
12
10
8
10
22
10
6
6
