100
100
98
98
100
98
100
100
98
94
96
98
96
96
96
98
96
100
100
100
100
100
100
100
100
100
100
100
100
100
100
100
98
98
96
96
98
98
98
96
92
96
92
94
92
90
86
88
86
92
92
88
86
84
80
74
84
82
82
90
90
78
80
74
80
70
66
64
60
56
62
64
64
56
54
54
50
50
50
48
50
46
42
42
40
40
38
36
36
34
36
36
34
32
32
30
30
30
30
28
30
28
26
26
26
26
26
24
22
24
24
24
24
24
24
24
24
22
24
24
26
24
24
24
26
26
28
28
32
32
32
32
32
34
34
38
40
40
40
46
44
46
48
50
50
54
54
54
56
60
60
62
64
62
66
68
68
70
72
74
82
78
82
82
84
82
86
88
90
86
90
88
90
90
88
90
94
92
96
90
94
94
96
98
100
96
96
94
92
92
94
94
94
96
98
98
100
100
100
100
100
100
98
98
98
100
100
100
100
100
100
100
100
100
100
100
100
100
100
100
100
100
100
100
100
100
100
100
100
100
100
100
100
100
100
100
100
100
100
100
100
100
100
100
100
100
100
100
100
100
100
100
100
100
100
100
100
100
100
100
100
100
100
100
100
100
100
100
100
100
100
100
100
100
100
100
100
100
100
100
100
100
100
98
100
98
100
100
