74
76
76
76
74
72
72
74
72
72
74
74
76
72
74
74
76
76
78
80
80
76
82
78
82
80
78
78
76
78
78
76
74
74
72
74
74
72
70
70
68
68
68
66
68
68
68
66
66
64
66
62
64
62
60
56
56
58
64
58
58
56
54
52
52
52
50
52
50
50
52
48
48
48
48
46
46
46
46
44
44
44
44
42
46
42
42
46
44
44
40
40
40
44
48
40
42
40
40
40
38
42
38
38
40
38
36
40
36
40
38
36
38
38
36
38
40
38
38
40
38
40
38
40
42
42
42
40
40
46
50
42
44
42
44
44
44
46
46
46
48
50
50
50
52
50
52
54
56
54
56
56
58
58
58
58
62
60
64
66
64
64
66
68
70
76
84
72
78
76
74
78
76
80
80
80
82
82
82
82
84
82
84
84
86
84
86
86
88
90
88
90
86
88
88
88
88
86
86
88
84
88
88
86
88
90
90
90
94
92
92
90
90
88
88
90
88
92
88
90
92
86
86
88
90
88
88
86
88
86
92
92
90
88
90
94
92
94
90
92
90
88
90
88
90
90
90
92
90
92
96
92
92
96
96
98
96
94
90
88
90
90
88
88
86
86
86
88
86
84
86
84
82
84
84
82
82
80
82
84
84
86
82
78
82
82
80
82
