58
48
54
52
46
52
48
50
50
52
50
46
46
48
46
52
56
50
54
54
56
52
54
50
54
56
48
56
62
56
64
66
64
64
54
62
62
62
64
84
68
56
58
58
58
58
50
50
58
60
60
56
58
54
48
54
54
38
34
40
52
52
52
56
46
48
50
50
48
44
46
52
46
48
50
50
52
46
42
48
48
44
44
40
44
48
46
46
48
50
52
52
50
62
48
58
50
50
50
46
50
48
50
54
54
56
62
68
68
56
54
60
52
44
46
48
48
54
54
58
60
56
52
56
64
56
62
64
56
64
60
52
54
66
60
60
50
56
52
50
52
56
64
56
60
58
56
58
58
58
50
52
60
58
62
58
58
66
58
58
60
64
64
60
70
72
64
62
60
60
66
64
58
66
68
62
68
68
66
68
64
72
78
72
68
72
70
68
78
74
84
84
76
84
76
80
80
74
78
84
76
76
86
80
76
78
78
84
72
70
80
82
68
82
74
72
66
68
70
78
78
72
70
84
84
76
80
80
82
74
78
84
84
84
86
92
100
88
100
92
92
82
80
76
80
80
84
86
80
84
74
86
84
82
88
90
86
86
78
78
84
72
72
72
60
68
66
60
60
56
54
58
56
50
52
50
54
54
54
54
54
46
44
50
48
42
48
42
