12
26
16
12
14
14
12
16
8
14
10
10
22
10
10
14
10
10
10
10
10
14
10
12
8
10
10
8
10
12
8
14
10
10
10
12
10
10
10
10
8
8
8
8
8
8
8
8
6
6
10
6
6
6
6
8
6
6
6
6
6
4
6
6
6
4
6
8
8
6
6
4
4
6
6
6
6
4
4
4
6
4
4
4
4
4
6
6
6
6
6
6
6
6
10
10
8
8
10
8
10
10
10
10
10
10
10
10
12
8
10
10
26
12
12
14
10
12
14
12
12
10
10
12
12
12
12
12
12
10
12
10
10
10
12
16
10
12
10
12
12
10
14
14
14
14
12
14
12
12
12
14
14
14
16
16
14
14
16
16
16
20
16
18
18
16
16
16
18
16
18
16
14
14
14
18
14
20
20
20
20
16
18
20
20
22
18
18
16
16
18
18
16
16
16
18
18
20
18
18
18
18
16
16
16
16
18
16
16
20
24
18
22
22
20
22
28
16
16
16
18
18
14
16
16
16
16
18
18
16
16
18
16
16
20
16
14
20
16
18
22
14
16
14
14
14
16
14
22
16
18
16
14
14
16
16
14
14
16
16
16
20
16
16
14
16
16
16
34
18
20
16
16
16
16
14
24
12
12
14
16
18
16
16
24
14
16
18
