36
34
34
36
36
36
36
34
34
34
34
32
34
34
34
34
34
34
34
34
34
34
34
32
32
32
34
34
32
32
32
32
30
32
32
30
30
30
28
30
28
28
28
26
26
26
26
26
24
24
24
24
24
22
22
22
20
22
22
20
20
20
20
20
20
20
18
20
18
20
20
18
18
18
18
18
18
18
18
18
20
18
20
18
20
20
20
20
20
22
22
24
22
24
26
24
26
26
28
28
30
30
30
30
32
32
32
32
32
32
32
34
34
34
36
36
36
38
38
36
36
38
38
36
38
40
38
38
36
38
42
40
40
36
38
38
36
38
38
38
42
40
40
40
38
38
40
40
40
42
42
42
42
42
44
44
44
44
46
46
46
48
48
48
50
50
50
50
50
54
54
52
54
52
52
54
52
52
54
54
54
54
56
56
56
58
56
60
58
58
58
60
56
56
58
60
58
60
58
58
58
58
58
58
54
56
56
54
56
56
56
56
56
56
58
60
58
58
58
58
58
58
56
58
58
58
58
56
58
58
56
56
58
58
58
58
60
56
58
56
56
56
56
58
56
58
56
56
56
56
56
56
56
54
58
58
56
54
54
58
58
58
54
52
54
54
54
54
52
52
52
52
50
48
48
46
44
44
42
44
46
46
48
44
44
44
46
44
