36
38
36
34
32
40
34
32
36
36
36
34
32
32
38
36
32
34
34
42
40
40
42
38
34
36
38
38
36
36
36
40
38
40
36
34
38
36
36
36
34
36
32
36
38
38
36
40
38
38
36
32
36
30
30
36
40
36
36
40
38
36
38
34
32
32
32
36
36
34
38
40
46
42
38
36
32
34
34
36
40
38
38
38
40
40
38
34
32
32
34
34
36
36
36
38
40
42
40
36
34
34
38
36
36
38
40
40
38
40
38
32
30
30
36
36
36
36
40
40
38
36
36
36
32
30
38
38
36
34
36
36
40
38
36
34
30
28
32
32
34
34
34
38
36
36
36
34
32
28
34
36
40
34
38
36
38
36
38
34
36
32
30
32
36
36
34
36
40
42
42
40
40
38
34
36
34
32
32
38
40
38
40
40
36
40
36
36
32
36
40
34
36
34
36
38
34
36
38
36
34
36
34
36
38
36
40
38
34
36
38
40
38
34
34
34
38
36
38
38
36
34
34
34
36
40
34
38
34
40
38
38
36
38
38
38
36
34
38
40
38
40
38
38
38
36
38
32
32
30
30
34
34
36
36
36
30
42
34
34
40
38
42
38
40
34
34
34
34
32
38
40
42
42
40
38
36
34
34
38
36
38
38
36
34
38
38
36
