100
100
76
54
100
64
70
96
100
100
98
98
96
100
96
100
100
100
100
100
100
100
100
100
100
100
100
100
100
100
100
100
100
100
100
88
100
92
100
100
100
100
100
100
100
100
100
100
100
100
100
100
100
100
92
92
100
100
88
100
100
98
92
98
100
100
100
94
92
100
100
100
100
100
92
100
100
100
100
100
100
100
100
100
100
100
100
100
100
100
100
100
100
100
100
100
100
100
100
100
100
100
100
100
92
94
96
100
100
100
100
100
100
100
100
100
100
100
100
100
100
100
94
100
100
100
100
100
100
100
100
100
100
100
100
100
100
100
100
100
100
100
100
100
100
100
100
100
100
100
100
100
100
100
100
100
100
100
100
100
100
100
100
100
100
100
100
100
100
100
100
100
100
100
100
100
100
100
100
100
100
100
100
100
100
100
100
100
100
100
100
100
100
100
100
100
100
100
100
100
100
100
100
100
100
100
100
100
100
100
100
100
100
100
100
100
100
100
100
100
100
100
100
100
100
100
100
100
100
100
100
100
100
100
100
100
100
100
100
100
100
100
100
100
100
100
100
100
100
100
100
100
100
100
100
100
100
100
100
100
100
100
100
100
100
100
100
100
100
100
100
100
100
100
100
100
100
100
100
100
100
100
100
100
100
100
88
100
