6
4
2
2
2
2
2
8
92
88
100
100
100
100
28
4
2
2
2
2
2
44
68
80
88
86
40
4
4
2
2
2
2
2
2
16
96
100
100
100
100
74
18
14
4
2
2
2
2
4
60
100
86
100
58
24
4
4
2
2
2
2
2
4
30
92
100
100
86
48
4
4
2
4
2
4
2
2
2
2
2
14
54
94
100
98
52
6
4
4
2
4
20
86
100
88
100
40
6
4
4
4
4
4
4
4
14
86
100
98
100
100
20
4
4
4
4
22
4
22
62
100
100
100
10
4
4
4
4
4
4
4
4
14
4
4
4
4
4
4
2
2
4
4
8
2
2
2
2
2
2
2
2
2
2
2
2
2
2
2
2
2
2
26
72
46
30
28
86
58
4
4
2
2
2
2
4
100
100
100
100
50
4
24
4
2
2
2
2
2
2
42
96
76
64
58
26
6
4
2
2
2
2
4
2
2
64
100
72
100
54
28
8
4
2
2
2
2
2
2
20
100
100
100
100
100
92
10
4
4
2
2
2
2
2
2
2
36
88
100
96
72
100
74
60
12
40
4
4
4
4
4
4
4
4
4
48
100
100
100
70
100
100
48
54
6
4
4
4
4
4
4
4
70
88
100
86
82
84
100
76
54
56
6
4
4
4
4
