100
100
100
100
100
92
84
92
100
90
88
82
100
100
100
80
100
92
98
96
100
100
100
100
100
100
100
100
100
100
100
100
100
100
100
100
100
96
100
100
100
100
100
100
100
100
100
100
100
100
88
100
100
100
100
100
100
100
100
100
100
100
100
98
100
100
100
100
100
100
88
100
100
100
100
100
100
100
100
100
100
100
100
100
100
100
100
100
100
100
100
98
100
100
100
100
100
100
100
100
100
100
100
100
80
58
86
66
78
80
68
72
100
78
100
100
86
100
90
88
100
100
100
100
100
100
100
100
100
100
100
100
100
100
100
100
100
100
100
100
100
100
100
100
100
100
100
100
100
100
100
100
100
100
100
100
100
100
100
100
100
100
100
100
100
100
100
100
100
100
100
100
100
100
100
100
100
100
100
100
100
100
90
72
78
100
92
100
100
100
88
100
100
100
100
100
100
100
100
100
100
100
100
100
100
100
100
100
100
100
100
100
100
100
100
100
100
100
100
100
100
100
100
100
100
100
100
100
100
100
84
88
100
100
100
100
100
100
100
100
100
100
100
100
100
100
100
100
100
100
100
100
100
100
100
100
100
100
100
100
100
100
100
100
92
100
100
100
90
100
100
100
100
100
100
100
100
100
100
100
100
100
90
100
100
100
76
100
