20
18
18
14
18
14
14
14
12
14
14
14
14
12
12
16
12
14
14
12
14
12
18
12
12
12
52
26
48
16
12
18
12
14
10
10
16
12
10
16
12
12
14
14
12
14
14
16
10
32
16
12
10
10
18
12
12
18
12
12
14
12
12
26
36
12
10
14
12
12
14
14
12
20
12
14
10
10
10
18
24
10
10
12
12
12
14
12
12
12
18
66
68
74
98
42
66
38
30
54
42
34
48
46
38
64
28
32
80
30
62
58
34
42
80
26
44
62
26
50
40
34
40
48
38
48
68
48
46
46
26
44
38
26
32
40
26
60
36
24
48
24
24
60
22
20
40
66
26
54
30
30
66
24
42
28
20
44
34
20
38
26
28
38
36
20
26
42
24
22
60
24
24
40
22
24
62
32
28
74
32
24
28
26
22
30
24
26
40
24
32
38
30
38
70
26
42
46
28
40
50
30
30
98
26
26
54
28
52
50
46
50
36
34
42
34
30
56
44
28
50
30
30
58
40
32
38
28
32
42
46
56
32
22
46
24
22
42
32
42
52
32
38
38
50
48
54
26
40
72
26
34
40
24
44
48
28
38
62
30
42
38
34
36
48
28
46
40
30
48
52
32
30
36
22
66
54
30
34
56
26
36
48
28
42
38
34
42
