70
72
100
100
76
84
84
94
100
82
100
100
100
100
92
82
96
76
86
60
94
100
70
100
100
100
100
100
100
100
100
84
100
86
84
56
66
92
84
86
100
68
94
96
100
76
60
80
84
90
76
62
100
94
84
56
56
78
100
96
86
76
72
60
100
50
64
100
100
96
66
60
100
54
44
74
100
100
88
100
100
96
72
100
80
92
86
90
86
60
66
70
100
56
72
100
64
100
58
100
100
94
42
78
76
100
58
100
84
68
100
74
100
98
100
100
100
90
64
96
100
70
100
100
100
100
100
100
100
100
100
100
100
100
100
100
100
100
100
100
100
100
100
100
100
100
100
100
74
100
100
100
100
100
100
100
100
100
100
100
100
100
100
100
100
100
100
100
100
100
100
100
100
100
100
100
100
100
100
100
100
100
100
100
94
100
100
100
100
100
100
100
100
100
100
100
100
100
100
100
100
88
100
100
76
100
100
100
100
100
100
96
100
100
100
100
100
100
94
100
100
100
100
100
100
100
100
100
100
100
94
100
100
100
100
100
100
100
100
88
100
100
100
100
100
100
100
100
100
100
84
88
100
100
82
78
100
100
100
100
86
100
100
88
92
100
100
96
100
100
100
100
100
100
100
100
100
100
96
100
100
100
100
94
82
98
100
100
