6
4
4
2
4
4
2
32
60
84
100
100
62
40
6
4
4
2
4
4
4
38
92
100
100
86
78
26
4
4
4
4
4
4
4
22
72
100
100
66
26
6
4
4
4
4
4
4
4
4
82
92
100
100
90
8
4
4
4
4
4
4
4
4
38
86
96
100
62
66
4
4
4
4
4
4
20
12
4
4
4
20
52
92
90
100
66
6
6
4
4
4
24
80
100
100
100
36
6
4
4
4
4
4
4
4
22
62
100
100
100
64
14
4
4
4
4
4
4
22
74
76
50
68
34
6
4
4
4
26
4
4
4
14
6
4
4
2
4
4
2
2
4
2
8
4
4
4
4
4
4
4
4
2
4
4
4
2
2
2
4
4
4
4
40
24
22
28
84
38
4
4
4
4
4
4
4
36
100
90
88
14
4
4
4
4
4
2
4
4
4
6
46
34
100
74
68
8
4
4
4
4
14
6
4
4
12
60
58
100
92
42
10
4
4
4
4
4
4
2
4
52
100
96
100
100
100
14
6
4
4
4
4
4
4
4
4
28
100
56
100
100
100
100
58
16
14
4
4
4
4
4
4
4
4
4
58
100
58
98
100
100
100
100
60
8
4
4
4
4
4
4
4
52
100
86
56
100
98
100
100
100
40
14
12
4
4
4
