8
4
30
4
4
4
4
14
96
100
100
58
78
64
18
6
4
4
4
4
4
64
100
100
100
62
40
54
4
4
4
4
4
10
4
16
100
98
100
70
80
32
6
4
4
4
4
4
4
62
100
100
100
62
92
14
6
4
4
4
4
4
4
4
80
100
100
94
100
20
6
4
4
4
4
4
4
4
4
4
4
12
100
92
100
92
58
8
6
4
4
4
38
100
100
100
100
30
8
6
4
4
4
4
4
4
20
100
74
86
100
48
6
6
4
4
4
4
4
28
100
100
54
100
50
6
6
6
6
6
6
6
6
18
6
6
6
4
4
6
4
4
4
4
14
4
4
4
4
4
4
4
4
4
4
4
4
4
4
4
4
4
4
32
54
28
38
58
100
38
6
6
4
4
4
4
14
100
100
100
100
20
6
4
4
4
4
4
4
4
4
34
60
64
84
64
46
8
6
4
4
4
4
4
4
4
48
76
80
100
78
20
8
6
4
4
4
4
4
4
22
76
100
100
100
96
52
12
6
6
4
4
4
4
4
4
4
42
100
94
94
100
100
94
44
14
16
6
6
4
4
4
4
4
4
4
64
100
82
66
100
100
88
84
42
8
4
4
4
4
4
4
4
50
100
96
92
100
66
62
66
92
44
8
6
4
4
4
