34
4
4
4
4
4
4
10
66
100
100
100
64
44
6
4
4
4
2
4
4
32
76
94
56
94
100
16
4
4
4
4
4
4
4
22
78
100
86
98
46
6
4
4
4
4
4
4
4
4
74
56
82
98
90
10
4
4
4
4
4
4
4
4
38
86
60
100
100
24
4
4
4
4
2
4
4
4
4
4
4
18
90
100
100
100
64
6
4
4
4
4
20
90
100
100
72
84
6
4
4
20
4
4
4
4
10
66
98
100
100
42
6
4
4
4
4
4
4
16
72
100
100
58
10
4
4
4
4
4
30
4
4
14
4
4
4
4
4
4
4
2
4
2
6
2
2
2
2
2
2
4
4
2
2
2
2
2
2
2
2
2
2
4
22
40
22
30
42
36
4
4
4
4
4
4
4
100
98
100
100
56
4
4
4
4
4
2
4
2
2
32
82
64
42
90
50
6
4
2
2
2
4
4
2
2
50
82
86
64
98
34
10
4
4
2
2
2
2
4
6
100
100
74
100
100
100
90
30
4
4
4
4
4
4
4
4
54
92
100
100
100
100
44
20
14
16
6
4
4
4
4
4
4
4
4
68
100
88
100
100
84
86
62
30
6
4
4
4
4
4
4
30
60
100
72
100
100
88
100
100
72
62
20
6
4
4
4
