4
4
2
4
2
34
4
22
100
100
98
92
86
42
6
4
4
4
4
4
28
62
100
100
76
60
40
4
26
2
4
2
4
4
24
28
80
98
100
74
36
6
4
4
4
4
4
4
2
8
100
88
84
100
100
32
4
4
2
2
2
4
2
2
76
84
100
66
100
20
4
4
4
4
4
4
2
30
4
4
4
20
92
100
82
80
58
4
4
4
2
2
28
100
100
84
100
76
6
4
4
4
4
2
2
4
22
92
100
100
100
52
6
4
4
4
4
4
4
24
100
100
50
48
12
4
4
4
4
4
4
4
4
14
4
4
2
2
2
4
4
4
2
4
8
4
4
4
4
4
4
4
4
4
4
4
4
4
4
4
4
4
2
16
54
18
36
48
48
56
4
4
2
4
2
2
4
94
62
100
84
16
4
4
2
2
2
2
2
2
2
34
48
92
62
78
30
26
4
4
2
2
2
2
2
2
72
72
100
36
62
56
8
4
2
2
2
2
2
2
4
78
100
78
100
72
92
14
6
4
2
2
2
2
2
2
2
42
100
100
100
92
100
100
88
12
16
4
4
4
4
14
16
4
4
4
40
100
100
100
100
88
100
64
54
6
4
4
4
4
4
26
4
48
100
100
100
78
74
64
66
44
86
8
4
4
4
4
