6
4
2
2
2
2
2
8
62
68
100
100
90
34
6
4
2
2
2
2
2
48
70
100
80
100
44
6
4
4
2
2
2
4
4
26
54
100
100
94
70
16
4
4
2
2
2
2
2
4
80
100
100
100
100
18
12
4
2
8
2
10
18
4
62
94
100
100
100
36
4
4
2
2
2
2
4
2
2
2
2
30
68
82
88
72
60
4
4
28
4
4
26
76
100
84
84
18
8
4
2
2
4
2
4
2
8
98
100
100
100
52
4
4
4
2
2
4
4
18
56
96
100
100
76
4
4
2
4
4
2
2
22
22
4
4
4
18
4
4
2
2
2
2
14
2
2
2
2
2
2
2
2
2
2
2
2
2
2
2
2
2
2
30
74
76
64
100
88
32
4
4
2
2
2
2
4
100
100
100
100
24
4
4
2
2
2
2
2
2
2
56
100
92
54
84
72
8
4
2
2
2
2
2
2
2
88
68
90
50
90
62
10
4
24
2
2
2
2
2
4
84
80
100
100
100
84
22
6
4
4
2
2
18
8
2
2
22
94
100
100
92
100
100
64
62
42
34
12
28
6
4
4
4
4
4
50
100
100
78
100
98
100
100
36
6
4
4
2
4
2
4
4
78
80
100
100
88
64
60
100
100
26
6
4
4
4
4
