6
4
4
4
4
4
4
44
82
88
96
100
88
64
6
4
4
4
4
4
4
70
72
100
100
32
46
4
4
4
4
2
2
4
4
52
72
60
74
86
96
8
6
4
4
4
4
4
4
16
90
84
100
48
74
14
4
4
4
4
4
4
4
4
70
84
100
100
80
76
6
6
4
4
4
4
4
4
4
4
4
26
70
78
88
100
38
6
4
4
4
4
26
86
100
100
100
56
6
4
4
4
4
4
4
4
26
60
74
76
96
54
6
4
4
4
4
4
4
22
70
100
48
90
34
6
4
4
4
4
4
4
4
14
6
4
4
4
4
4
2
4
4
4
10
4
4
4
2
2
2
4
2
2
2
4
2
4
4
4
4
4
4
6
24
38
46
50
52
14
4
4
4
4
4
4
4
48
100
100
70
16
4
4
24
4
2
4
4
4
4
14
50
74
56
28
22
6
4
4
2
4
4
4
4
4
20
66
96
100
100
40
8
4
4
4
4
4
4
4
4
34
70
100
100
100
36
8
6
4
4
4
4
4
4
4
4
8
42
90
100
100
66
74
50
10
14
4
4
4
4
4
4
4
4
4
12
86
100
98
100
78
76
58
34
6
4
4
4
4
4
4
4
18
100
100
100
68
100
86
100
86
44
6
4
4
4
4
