58
4
4
4
4
4
4
14
96
100
72
100
94
100
16
4
4
4
4
4
4
62
100
100
80
66
32
4
14
4
4
4
4
4
4
20
100
70
98
60
84
8
12
4
4
4
4
4
4
10
76
100
74
56
70
36
4
4
4
4
4
4
4
4
70
100
96
80
62
40
6
4
4
4
4
4
4
4
4
4
4
18
100
100
88
92
32
6
4
2
2
4
28
100
72
92
90
100
6
4
4
4
4
4
4
4
20
100
100
100
54
70
6
4
4
4
4
4
4
22
100
100
78
64
12
6
4
4
4
4
4
4
4
14
6
4
4
4
4
4
4
2
4
2
8
2
4
2
4
2
4
2
2
2
4
4
2
2
2
2
2
2
2
28
64
8
14
50
94
18
4
4
4
4
4
4
4
100
86
100
100
14
4
4
4
2
4
4
4
2
2
50
46
100
100
48
28
6
4
4
4
4
4
4
4
4
78
64
88
100
74
20
8
4
4
4
4
4
4
4
6
100
100
100
100
90
48
8
4
4
4
4
4
4
4
2
2
50
58
100
100
82
64
80
22
8
12
4
4
4
4
4
4
4
4
4
62
38
56
100
100
100
64
70
26
6
4
4
4
4
4
4
4
56
68
100
66
96
100
78
78
92
46
28
12
4
4
4
