8
4
4
2
2
4
4
18
72
100
88
100
100
98
6
4
2
4
4
4
4
40
100
100
100
100
66
16
4
4
4
4
4
4
2
22
82
76
100
92
60
6
4
4
4
4
4
4
4
4
68
100
100
100
38
16
4
4
4
4
4
26
4
4
32
94
72
100
80
40
6
4
2
4
2
4
4
4
4
28
4
10
74
82
74
100
82
6
4
4
4
4
12
100
100
80
96
20
6
4
4
4
4
4
4
4
12
100
94
88
80
28
6
4
4
4
4
4
4
14
96
68
70
100
14
6
4
4
4
4
4
4
4
14
6
28
4
30
4
6
4
4
4
4
14
2
2
2
2
2
2
2
2
2
2
2
2
2
2
2
2
2
2
28
36
32
52
66
100
18
4
2
2
2
2
2
10
100
100
100
76
14
4
4
2
2
2
2
2
2
2
48
62
100
90
64
84
8
4
4
4
4
2
26
16
4
16
64
100
100
100
22
8
4
2
2
2
2
2
2
10
52
74
100
100
100
100
12
20
12
2
2
2
4
2
4
2
28
100
60
72
100
88
100
26
46
26
4
4
4
4
22
6
4
4
4
16
84
94
100
100
100
100
100
86
6
4
2
2
2
2
2
2
26
84
72
56
92
100
100
100
96
42
6
4
4
4
4
