24
24
24
24
22
24
26
24
24
24
22
24
24
22
24
24
22
24
24
24
22
24
24
22
22
22
22
22
22
22
22
22
22
22
22
22
22
20
20
20
20
20
20
18
20
20
20
18
18
18
18
18
16
18
18
18
16
16
18
16
18
16
16
16
16
16
16
16
14
16
16
16
16
14
14
16
14
16
16
16
16
16
16
16
16
16
14
16
16
16
20
20
18
18
20
18
20
18
20
20
20
22
24
24
26
24
24
24
24
22
24
24
26
24
26
26
26
28
26
26
24
26
24
24
24
26
26
28
28
28
28
26
26
26
26
26
24
24
26
24
26
26
26
26
26
26
28
28
24
26
28
28
28
30
30
30
30
30
28
28
30
30
32
30
30
32
32
32
30
30
32
30
32
32
34
34
34
32
34
34
32
34
34
34
34
36
34
36
36
36
36
34
36
36
34
34
32
34
36
36
36
34
34
34
34
32
36
34
34
34
32
34
34
34
32
36
34
34
34
36
36
36
34
34
34
36
34
32
32
34
34
34
34
34
32
34
36
34
34
34
34
34
32
32
32
32
32
32
32
34
36
34
34
34
32
34
30
32
30
32
34
34
30
32
34
30
32
32
32
34
32
32
30
30
28
28
28
28
28
28
30
28
30
26
30
30
30
28
