90
94
100
100
100
100
94
100
100
100
98
98
100
90
100
100
100
100
100
100
100
98
98
88
100
92
96
100
100
100
98
94
100
92
94
100
100
86
98
80
78
74
74
74
78
80
78
84
86
78
68
78
70
100
60
60
64
60
60
88
60
56
62
52
58
58
68
52
78
58
50
72
44
44
46
42
38
38
40
40
54
58
66
54
42
56
40
38
36
34
32
42
36
36
36
34
36
36
36
36
70
42
38
38
42
40
66
40
88
60
42
50
38
36
34
36
54
38
38
38
62
38
36
36
38
36
38
38
64
46
44
42
44
44
44
46
48
52
50
50
60
66
54
50
72
48
56
48
54
52
50
52
52
54
54
58
58
64
58
58
80
92
92
88
90
92
100
94
100
100
100
100
100
100
100
100
100
100
100
100
100
100
100
100
100
100
100
100
100
100
100
100
100
100
100
100
100
100
100
100
100
100
100
100
100
100
100
100
100
100
100
100
100
100
100
100
100
100
100
100
100
100
100
100
100
100
100
100
100
100
100
100
100
100
100
100
100
100
100
100
100
100
100
100
100
100
100
100
100
100
100
100
100
100
100
100
100
100
100
100
100
100
100
100
100
100
100
100
100
100
100
100
100
100
100
100
100
100
100
100
100
100
100
100
100
100
100
100
