88
96
96
96
100
94
96
98
100
98
100
100
90
94
100
100
100
100
100
100
90
98
94
94
96
88
86
90
96
92
88
86
80
88
96
70
70
66
64
70
68
68
68
66
66
68
66
62
68
64
58
58
84
88
58
52
50
46
46
64
50
42
42
38
38
42
34
34
38
36
34
36
36
34
30
32
36
32
28
28
30
28
50
40
32
30
32
32
30
30
30
34
26
28
26
26
28
32
26
26
82
26
32
28
30
46
36
32
72
34
32
24
22
28
24
50
28
28
24
28
28
28
30
30
30
28
30
32
32
36
32
34
34
34
30
32
30
30
32
32
32
60
34
36
42
42
42
42
44
44
44
46
46
52
52
48
50
72
50
50
66
78
76
80
78
80
78
80
92
86
84
86
92
92
92
98
100
100
100
100
100
100
100
100
100
100
100
100
100
100
100
100
100
100
100
100
100
100
100
100
100
100
100
100
100
100
100
100
100
100
100
100
100
100
100
100
100
100
100
100
100
100
100
100
100
100
100
100
100
100
100
100
100
100
100
100
100
100
100
100
100
100
100
100
100
100
100
100
100
100
100
100
100
100
100
100
100
100
100
100
100
100
100
100
100
100
100
100
100
100
100
100
100
100
100
100
100
100
100
100
100
100
100
100
100
100
100
100
