90
96
92
96
94
92
100
88
88
92
86
92
94
82
86
90
86
88
92
100
98
98
94
90
84
90
90
92
86
88
82
92
78
72
74
68
64
64
66
68
70
66
68
64
62
60
62
56
60
72
74
54
62
72
52
76
66
46
46
50
42
42
40
38
42
42
42
40
40
46
38
38
60
36
58
38
40
30
30
30
32
30
36
32
30
32
30
28
28
26
28
28
30
30
28
30
28
30
30
30
44
30
68
32
30
36
30
36
40
36
36
30
30
24
24
26
32
28
26
30
32
28
28
28
32
32
42
36
34
34
36
32
32
46
30
30
30
30
32
34
36
36
36
36
38
42
44
44
44
42
40
40
44
44
50
42
48
48
46
50
66
88
82
84
84
84
82
84
86
100
90
100
100
100
100
94
98
100
100
96
100
100
100
100
100
100
100
100
100
100
100
100
100
100
100
100
100
100
100
100
100
100
100
100
100
100
100
100
100
100
100
100
100
100
100
100
100
100
100
100
100
100
100
100
100
100
100
100
100
100
100
100
100
100
100
100
100
100
100
100
100
100
100
100
100
100
100
100
100
100
100
100
100
100
100
100
100
100
100
100
100
100
100
100
100
100
100
100
100
100
100
100
100
100
100
100
100
100
100
100
100
100
100
100
100
100
100
100
