94
100
92
100
98
94
96
100
100
96
96
96
92
100
94
100
96
92
100
96
100
100
96
94
92
88
100
100
90
86
88
88
80
90
80
80
74
80
74
70
74
68
68
64
70
72
66
66
68
68
58
66
66
66
54
56
50
58
50
58
68
46
44
42
70
36
36
36
40
34
28
30
36
30
28
30
30
28
28
28
30
30
54
38
30
26
26
28
24
24
26
26
24
34
32
32
32
32
44
30
38
28
32
38
42
40
28
28
46
28
28
32
32
30
30
28
28
30
28
30
32
30
48
30
34
34
34
32
30
34
32
34
34
60
44
36
32
34
40
38
40
38
38
38
66
48
40
42
42
46
42
42
50
44
46
46
48
50
48
50
76
82
100
94
84
84
82
90
92
100
94
100
100
100
98
100
100
100
100
100
100
100
100
100
100
100
100
100
100
100
100
100
100
100
100
100
100
100
100
100
100
100
100
100
100
100
100
100
100
100
100
100
100
100
100
100
100
100
100
100
100
100
100
100
100
100
100
100
100
100
100
100
100
100
100
100
100
100
100
100
100
100
100
100
100
100
100
100
100
100
100
100
100
100
100
100
100
100
100
100
100
100
100
100
100
100
100
100
100
100
100
100
100
100
100
100
100
100
100
100
100
100
100
100
100
100
100
100
