88
84
86
96
98
100
100
90
98
100
100
96
100
98
100
88
90
90
84
88
98
100
100
100
84
82
84
100
100
94
82
82
78
76
80
78
72
64
74
70
78
70
68
70
68
68
64
66
74
68
60
62
62
64
58
56
60
54
82
54
54
42
100
100
44
42
38
38
38
36
38
38
40
36
36
38
40
36
34
34
34
34
42
32
34
32
30
30
32
32
34
32
30
32
30
30
32
30
30
32
36
68
48
56
34
30
30
30
38
30
30
32
32
32
32
32
36
40
32
32
34
34
34
34
34
34
38
38
38
42
42
40
44
90
34
36
36
44
42
40
40
88
42
54
40
38
58
42
42
46
46
44
48
50
50
50
52
56
56
60
76
86
90
86
88
78
100
78
90
100
82
92
90
90
98
100
100
100
100
100
100
100
100
100
100
96
100
98
100
100
100
100
100
100
100
100
100
100
100
100
100
100
100
100
100
100
100
100
100
100
100
100
100
100
100
100
100
100
100
100
100
100
100
100
100
100
100
100
100
100
100
100
100
100
100
100
100
100
100
100
100
100
100
100
100
100
100
100
100
100
100
100
100
100
100
100
100
100
100
100
100
100
100
100
100
100
100
100
100
100
100
100
100
100
100
100
100
100
100
100
100
100
100
100
100
100
100
100
