88
80
78
80
80
90
84
90
80
82
100
88
82
84
82
82
84
92
78
86
86
84
92
76
88
76
80
82
86
92
76
80
72
74
100
66
74
72
70
66
64
62
62
58
60
62
66
56
74
64
56
64
62
66
50
50
46
50
46
68
46
58
40
40
38
38
38
36
38
38
42
38
36
36
38
34
34
34
32
34
34
34
48
34
36
32
34
34
34
32
36
32
34
34
32
32
32
42
46
46
48
34
42
36
40
42
36
28
46
30
30
32
30
30
32
32
30
34
34
34
34
32
42
46
34
34
36
36
34
36
42
36
40
38
38
40
58
40
40
48
36
38
38
44
38
52
48
50
58
50
52
50
54
56
54
54
58
58
58
66
78
100
94
94
96
100
96
100
100
100
100
100
100
100
100
100
100
100
100
100
100
100
100
100
100
100
100
100
100
100
100
100
100
100
100
100
100
100
100
100
100
100
100
100
100
100
100
100
100
100
100
100
100
100
100
100
100
100
100
100
100
100
100
100
100
100
100
100
100
100
100
100
100
100
100
100
100
100
100
100
100
100
100
100
100
100
100
100
100
100
100
100
100
100
100
100
100
100
100
100
100
100
100
100
100
100
100
100
100
100
100
100
100
100
100
100
100
100
100
100
100
100
100
100
100
100
100
100
