86
84
84
86
88
86
92
86
86
96
86
88
86
84
84
98
80
76
76
82
88
96
80
80
80
74
86
76
76
72
72
74
76
78
66
66
68
68
62
68
72
66
60
64
56
56
58
54
60
64
54
54
68
70
52
46
46
46
46
62
44
44
40
40
42
40
44
36
34
32
30
32
32
66
28
30
30
30
30
30
30
28
42
28
28
28
26
26
26
26
26
26
26
28
28
32
48
48
24
26
46
28
26
28
28
26
28
36
56
34
32
26
26
26
28
28
30
28
26
28
28
30
30
32
28
46
30
30
30
34
32
32
32
32
32
34
32
32
34
34
32
40
34
36
38
38
38
42
42
48
46
44
46
52
44
44
46
48
48
48
64
74
76
80
100
76
80
82
88
84
88
82
86
94
86
88
92
100
100
94
96
92
92
92
96
98
88
98
96
96
100
98
100
100
100
100
100
100
100
100
100
100
100
100
100
100
100
100
100
100
100
100
100
100
100
100
100
100
100
100
100
100
100
100
100
100
100
100
100
100
100
100
100
100
100
100
100
100
100
100
100
100
100
100
100
100
100
100
100
100
100
100
100
100
100
100
100
100
100
100
100
100
100
100
100
100
100
100
100
100
100
100
100
100
100
100
100
100
100
100
100
100
100
100
100
100
100
100
