78
80
76
84
84
78
78
92
86
82
84
80
82
74
80
88
82
74
100
76
76
78
80
78
84
92
74
76
72
88
98
70
70
76
68
64
62
60
64
64
64
58
66
58
54
56
58
56
62
54
50
54
66
92
80
46
46
48
46
68
48
50
44
40
40
40
40
40
40
40
38
42
40
42
40
40
38
42
38
40
38
36
66
32
32
32
30
32
30
30
30
32
32
32
30
32
30
30
30
30
82
44
32
62
34
34
38
36
76
44
30
30
28
30
28
30
30
30
30
44
30
42
30
30
30
28
30
32
32
34
32
34
32
32
34
36
32
36
36
44
36
36
46
36
38
40
58
44
44
44
44
44
48
48
48
50
50
52
52
58
58
66
66
70
72
72
72
80
78
78
78
78
100
86
82
84
82
88
90
100
84
84
82
86
84
86
88
90
98
92
92
88
100
100
100
98
96
98
98
98
100
100
100
100
100
100
100
100
100
100
100
100
100
100
100
100
100
100
100
100
100
100
100
100
100
100
100
100
100
100
100
100
100
100
100
98
100
98
98
100
100
100
100
100
100
100
100
100
100
100
100
100
100
100
100
100
100
100
100
100
100
100
100
100
100
100
100
100
100
100
100
100
100
100
100
100
100
100
100
100
100
100
100
100
100
100
100
100
