80
90
100
96
82
96
94
90
100
82
82
76
90
84
94
90
88
94
84
88
90
90
90
86
86
84
88
86
90
88
100
84
82
74
68
66
64
62
62
62
62
62
58
62
60
58
68
56
60
56
48
50
46
54
42
42
44
44
44
48
40
40
76
38
58
52
60
34
32
34
30
68
42
28
28
28
30
28
28
28
32
28
36
28
28
26
26
62
26
26
24
26
26
30
36
24
24
26
52
28
34
28
28
26
28
30
38
68
40
34
38
26
26
26
28
28
28
30
28
30
28
28
28
30
30
30
30
30
30
32
34
30
32
32
30
36
36
36
38
44
34
36
36
38
40
40
46
44
44
42
52
44
44
48
46
46
56
50
50
74
78
100
80
80
84
80
80
92
96
96
96
86
90
88
92
94
100
100
100
100
100
100
100
100
100
100
100
100
100
100
100
100
100
100
100
100
100
100
100
100
100
100
100
100
100
100
100
100
100
100
100
100
100
100
100
100
100
100
100
100
100
100
100
100
100
100
100
100
100
100
100
100
100
100
100
100
100
100
100
100
100
100
100
100
100
100
100
100
100
100
100
100
100
100
100
100
100
100
100
100
100
100
100
100
100
100
100
100
100
100
100
100
100
100
100
100
100
100
100
100
100
100
100
100
100
100
100
100
