76
78
78
82
78
82
92
86
80
84
88
88
84
86
84
86
90
82
84
80
82
84
82
80
78
74
78
80
76
78
72
76
70
80
68
64
62
60
76
76
74
62
62
60
56
56
54
52
62
56
48
50
58
64
46
46
42
44
42
78
52
44
42
38
38
36
36
36
38
36
34
36
34
32
44
30
30
36
32
32
30
40
48
36
34
34
34
38
30
30
30
52
40
34
30
28
28
26
28
32
56
30
32
38
32
34
40
32
66
76
28
28
26
26
28
26
34
36
28
28
28
28
30
30
28
28
32
32
32
32
34
32
32
48
34
34
32
34
38
34
50
34
32
34
36
36
36
36
36
40
38
42
46
44
48
46
48
48
56
50
62
74
78
82
82
82
84
86
88
90
88
86
88
86
84
86
88
96
100
94
92
90
88
92
90
92
92
100
100
96
94
96
100
100
100
100
100
100
100
100
100
100
100
100
100
100
100
100
100
100
100
100
100
100
100
100
100
100
100
100
100
100
100
100
100
100
100
100
100
100
100
100
100
100
100
100
100
100
100
100
100
100
100
100
100
100
100
100
100
100
100
100
100
100
100
100
100
100
100
100
100
100
100
100
100
100
100
100
100
100
100
100
100
100
100
100
100
100
100
100
100
100
100
100
100
100
100
100
