100
92
92
96
86
92
100
94
100
100
92
92
98
92
100
92
92
90
92
96
94
94
90
88
94
90
94
96
88
90
88
90
100
90
86
80
78
72
72
80
74
76
80
70
72
76
74
58
62
58
54
52
58
58
46
46
46
50
48
52
44
44
44
42
42
40
40
36
42
38
36
38
52
36
36
44
34
34
36
64
34
34
36
34
34
32
32
32
30
28
32
30
32
32
30
30
32
32
30
30
40
30
40
42
48
34
32
30
36
30
30
30
30
30
30
28
28
30
30
32
36
34
32
34
34
34
34
36
36
38
38
38
44
36
36
36
36
38
40
38
40
48
44
44
46
46
52
46
46
46
52
46
56
48
60
68
52
56
72
68
68
72
72
74
74
100
84
76
78
80
82
88
90
92
96
98
94
96
96
88
90
94
94
100
94
96
96
100
100
100
98
100
100
100
100
100
100
100
100
100
100
100
100
100
100
100
100
100
100
100
100
100
100
100
100
100
100
100
100
100
100
100
100
100
100
100
100
100
100
100
100
100
100
100
100
100
100
100
100
100
100
100
100
100
100
100
100
100
100
100
100
100
100
100
100
100
100
100
100
100
100
100
100
100
100
100
100
100
100
100
100
100
100
100
100
100
100
100
100
100
100
100
100
100
100
100
100
100
