40
38
38
40
40
44
50
56
46
46
40
38
36
36
34
38
36
38
40
40
42
44
42
42
42
42
42
42
42
42
42
50
40
40
44
40
38
40
38
40
40
40
40
38
38
38
38
38
40
42
42
44
42
42
42
48
36
34
34
36
34
36
34
34
32
32
32
32
34
32
34
34
34
34
32
32
34
32
32
38
30
28
28
28
28
24
26
26
26
26
28
28
28
28
26
26
26
26
24
26
26
26
26
34
26
26
26
26
26
26
26
26
26
26
26
24
24
24
24
26
26
26
26
26
26
26
26
38
30
30
32
30
28
28
28
28
30
30
30
30
30
32
32
30
34
36
36
36
38
42
42
50
42
44
44
46
48
46
50
52
54
58
60
62
64
66
72
80
88
84
90
92
96
100
100
100
100
100
100
100
100
100
100
100
100
100
100
100
100
100
100
100
100
100
100
100
100
100
100
100
100
100
100
100
100
100
100
100
100
100
100
100
100
100
100
100
100
100
100
100
100
100
100
100
94
96
100
100
100
100
100
100
100
100
100
100
100
100
100
100
100
100
100
100
100
100
100
100
100
100
100
100
100
100
100
100
100
100
100
100
100
100
100
100
94
84
84
80
74
74
74
76
62
60
44
6
8
8
8
18
56
58
58
58
60
58
56
58
