46
44
44
44
44
46
44
44
44
44
40
38
40
36
42
44
42
40
38
44
46
46
42
40
38
34
40
42
38
36
32
30
28
28
28
26
26
26
28
26
26
24
24
22
22
22
22
22
40
30
28
30
30
28
28
28
26
32
32
30
30
28
26
24
24
22
24
22
20
18
16
18
18
18
16
14
16
16
16
16
16
16
16
18
16
14
14
14
16
16
14
14
14
14
14
14
14
10
14
12
12
10
8
8
10
10
12
16
16
16
16
16
16
16
14
14
16
12
14
12
14
16
18
16
16
18
16
18
20
18
20
18
16
16
14
12
14
16
14
16
16
14
14
14
20
24
22
24
24
24
26
24
20
20
22
24
26
24
24
28
30
28
30
28
28
28
28
32
32
32
34
34
32
32
32
34
34
36
36
34
34
34
36
36
34
36
40
38
38
40
42
38
40
38
38
40
42
44
92
100
54
50
46
48
46
48
48
52
56
52
52
54
54
54
50
52
48
50
100
100
100
100
100
100
100
100
100
100
100
100
100
82
60
40
40
38
40
40
38
40
42
40
40
42
40
40
40
42
40
42
44
42
42
42
42
44
44
44
44
44
46
46
46
44
46
44
48
50
56
58
62
64
64
66
66
72
72
76
80
80
80
80
80
80
78
80
82
76
