52
52
50
50
48
52
54
50
48
52
48
46
42
40
46
46
46
42
40
46
46
48
46
42
42
36
46
46
42
42
38
34
34
32
32
30
30
30
30
32
30
28
28
28
28
28
26
24
42
30
28
34
34
32
32
32
30
36
36
34
36
34
28
28
28
26
28
26
24
22
22
22
22
20
18
16
20
20
20
20
20
20
20
20
20
18
18
18
20
18
16
16
16
18
16
16
16
12
16
14
14
14
10
10
10
12
14
20
18
18
18
18
20
18
18
20
20
16
18
14
14
18
20
20
20
20
20
20
22
20
22
20
18
18
16
14
18
18
18
18
20
18
18
18
22
26
24
28
30
28
30
28
26
26
28
32
34
28
30
32
34
34
34
34
34
34
32
36
40
38
38
36
36
38
38
42
40
42
44
42
40
40
42
44
40
42
44
42
42
46
46
42
42
44
46
46
48
42
40
38
100
46
46
40
40
40
42
42
44
42
44
44
48
44
44
44
42
40
82
84
82
80
80
78
80
78
78
76
84
86
84
72
54
36
36
32
34
32
30
30
32
34
32
34
32
34
34
34
36
34
36
36
36
36
34
34
34
36
36
36
36
38
38
36
38
36
36
38
44
48
50
52
52
52
52
54
56
58
60
60
60
62
62
58
58
60
58
58
