44
38
42
40
40
40
40
42
40
42
48
40
42
42
44
48
44
46
46
44
48
46
46
44
46
48
48
48
46
48
48
46
46
44
46
42
48
44
46
40
38
38
38
36
40
36
42
44
38
38
40
34
34
36
34
38
34
36
30
30
30
28
28
26
26
24
26
24
24
22
24
22
22
22
22
20
20
20
20
18
18
18
20
22
18
18
18
18
18
18
20
16
16
16
18
16
18
18
18
16
18
16
18
16
16
16
16
16
16
16
16
16
16
14
18
14
14
16
16
16
16
18
16
16
16
16
16
16
18
16
20
18
20
20
22
20
22
20
22
20
22
22
24
26
28
34
30
28
30
30
32
30
32
32
34
32
36
36
36
40
42
42
42
44
44
46
50
48
48
50
50
48
48
52
50
52
52
50
54
48
54
46
48
50
52
48
52
58
54
48
56
52
54
62
58
56
58
56
54
56
58
56
52
58
54
54
56
56
60
58
58
60
56
58
60
62
62
58
58
58
56
58
62
66
60
62
64
62
58
60
58
62
60
62
52
58
56
52
62
60
52
56
54
54
54
56
54
58
58
56
58
56
56
58
60
56
52
54
52
54
54
52
54
52
54
56
50
50
58
52
50
54
54
54
54
52
50
52
52
54
52
52
52
46
50
48
52
46
