82
92
90
90
92
86
92
98
96
94
96
92
92
86
92
96
98
100
92
94
90
88
90
90
86
84
90
84
86
88
90
90
82
92
82
76
74
80
76
76
72
76
72
72
72
70
70
70
66
64
66
66
68
66
66
60
58
58
60
58
66
66
64
60
60
58
60
58
54
50
52
54
58
58
54
52
48
50
44
46
50
54
56
58
60
62
58
54
46
42
44
48
48
56
74
64
46
38
42
36
36
34
34
34
36
36
36
36
40
40
40
32
32
34
44
42
38
34
34
38
38
34
38
32
36
38
44
46
44
40
42
42
38
32
46
44
40
40
38
32
40
40
40
36
36
38
42
38
40
40
38
42
42
40
48
64
58
78
78
72
48
44
44
48
50
50
52
52
50
50
56
60
62
56
52
52
54
52
56
52
52
50
52
52
54
56
58
64
64
66
76
62
58
64
62
64
66
64
64
66
68
70
76
72
70
70
72
70
90
82
78
80
86
90
88
88
88
92
94
94
100
100
96
98
98
96
94
96
96
98
100
98
100
100
100
88
100
98
100
100
94
92
96
90
100
100
98
96
96
96
98
98
92
94
94
92
90
94
90
90
94
94
90
86
78
76
74
72
72
72
72
74
76
78
80
78
84
82
88
84
84
86
86
84
88
86
86
88
