88
100
100
100
100
100
100
100
92
100
100
100
100
96
100
100
100
100
100
100
100
100
100
100
100
88
98
92
100
100
100
100
92
100
90
78
80
82
94
100
94
92
90
94
84
78
72
70
84
84
66
66
64
64
62
64
58
54
58
58
68
78
82
60
62
64
70
68
74
64
66
72
86
78
76
62
56
66
54
62
60
66
74
78
90
94
88
76
58
52
58
64
64
76
78
66
64
52
58
54
46
44
46
52
54
52
58
60
56
56
56
42
42
42
62
62
52
44
42
54
54
48
56
46
50
56
64
78
74
68
68
60
48
40
56
56
64
54
54
44
68
52
48
44
44
44
44
46
42
42
42
48
58
52
66
58
42
50
62
56
50
48
56
66
62
62
66
72
82
68
68
74
88
82
66
60
58
68
78
66
66
66
64
64
68
76
68
72
76
76
82
82
74
78
80
80
78
74
72
78
82
80
96
94
80
78
82
82
100
100
100
100
100
100
100
100
100
100
100
100
100
100
100
100
100
100
100
100
100
100
100
100
100
100
100
100
100
100
100
100
100
100
100
100
100
100
100
100
100
100
100
100
100
100
100
100
100
100
100
100
100
100
100
100
100
100
100
100
100
100
100
100
100
100
100
100
100
100
100
100
100
100
100
100
100
100
100
100
