86
86
88
94
94
100
100
100
96
100
100
100
98
94
96
98
96
90
88
92
96
96
94
92
86
80
84
82
80
76
74
76
72
82
72
68
64
62
64
68
72
66
64
62
60
60
58
54
56
52
48
52
52
52
50
50
46
48
48
46
48
48
44
44
42
42
40
40
40
34
32
34
32
32
32
30
32
34
32
30
30
30
32
32
32
32
32
28
28
28
26
26
26
26
24
24
26
20
24
24
22
20
18
20
20
22
24
26
26
26
26
26
26
24
28
28
26
24
26
24
24
28
32
30
28
26
30
30
30
28
30
30
28
28
28
26
30
30
30
30
34
30
30
30
34
36
36
38
40
40
40
40
40
42
42
44
46
42
44
46
76
98
100
100
100
100
100
100
100
100
100
100
100
100
100
100
100
100
100
100
100
100
100
100
100
100
100
100
100
100
100
100
100
100
100
100
100
100
100
100
100
100
100
100
100
100
100
100
100
100
100
100
100
100
100
100
100
100
100
100
100
100
100
100
100
100
100
100
100
100
100
100
100
100
100
100
100
100
100
100
100
100
100
100
100
100
100
100
100
100
100
100
100
100
100
100
100
100
100
100
100
100
100
100
100
100
100
100
100
100
100
100
100
100
100
100
100
100
100
100
100
100
100
100
100
100
100
100
