34
34
38
34
36
36
40
44
46
42
40
40
38
32
30
32
30
30
30
32
32
38
38
34
32
30
34
30
28
28
26
26
24
24
24
24
26
26
28
28
26
22
24
20
20
22
20
18
22
18
22
20
20
20
18
16
14
14
14
12
12
12
12
12
14
12
12
12
12
10
8
8
8
8
6
6
6
8
6
6
6
6
8
8
8
8
8
6
6
6
6
6
6
6
6
6
6
4
4
4
4
4
4
4
4
4
4
6
6
6
6
6
6
6
6
6
6
6
6
4
6
6
8
8
6
6
8
8
10
10
8
8
6
6
6
6
6
6
8
8
8
8
8
8
8
10
10
10
10
10
10
10
12
12
12
12
12
12
12
12
20
26
28
30
32
34
34
40
42
38
36
48
44
42
44
44
46
54
54
52
56
48
46
46
46
46
46
48
52
48
50
52
56
56
56
56
56
56
52
54
58
56
60
60
58
58
60
68
70
72
72
68
66
64
60
62
60
58
92
94
94
100
100
100
100
100
100
98
96
98
96
92
58
56
56
56
58
58
64
70
66
64
64
68
64
62
62
62
60
60
60
62
60
60
60
64
64
74
76
74
76
74
76
72
68
70
68
68
72
74
76
82
78
84
86
92
96
98
98
100
100
100
100
98
100
96
96
100
