44
40
40
40
40
44
40
40
40
40
40
38
38
36
44
40
40
40
40
42
44
42
42
38
40
40
44
44
40
40
38
34
34
32
32
32
30
30
30
30
30
26
24
24
26
24
24
22
24
22
22
22
22
20
20
18
18
18
18
16
16
16
14
16
14
14
14
12
12
12
12
12
10
10
10
10
10
10
10
10
10
10
10
8
8
8
8
8
8
8
6
6
10
8
8
6
8
6
6
6
6
6
4
6
6
6
6
6
6
6
6
6
6
6
8
8
8
8
8
6
6
6
8
8
8
8
8
10
10
10
10
8
8
8
8
8
10
10
10
10
10
10
10
10
12
12
14
14
14
16
16
16
16
14
16
16
18
16
16
18
26
34
34
36
36
38
36
40
40
40
44
42
44
42
44
46
46
48
54
50
48
52
50
52
52
54
52
54
60
56
56
54
58
54
56
56
56
60
62
62
64
64
64
64
66
68
68
70
70
72
74
74
76
74
74
74
70
68
98
98
100
100
100
98
100
100
100
100
98
100
100
98
62
62
62
62
62
62
62
64
64
62
64
64
64
64
64
64
68
66
66
68
66
66
70
68
68
70
70
70
72
72
72
72
72
70
70
74
78
80
84
86
84
88
86
88
88
92
94
96
98
100
100
100
100
100
100
100
