76
76
86
82
78
74
78
82
74
74
76
74
84
92
88
78
82
82
84
76
78
80
86
90
86
82
86
80
82
82
80
78
74
74
80
76
74
74
74
78
78
72
72
68
68
78
78
74
72
66
72
72
68
64
68
64
66
64
66
60
64
66
70
60
64
60
62
60
64
60
58
58
58
58
60
58
62
62
58
58
56
62
58
58
58
62
60
62
62
60
58
58
58
58
62
58
58
58
58
58
62
64
64
56
58
56
58
62
56
58
58
58
62
60
54
54
54
54
54
56
62
60
58
58
62
60
68
70
66
68
68
64
70
62
64
64
66
66
70
64
64
62
62
64
72
64
66
66
68
72
72
68
70
72
80
76
78
80
84
86
80
80
86
84
82
86
90
98
98
90
92
96
94
94
88
92
98
100
100
98
100
94
100
100
100
100
100
100
100
100
100
100
100
100
100
100
100
100
100
100
100
100
100
100
100
100
100
100
100
100
100
100
100
100
100
100
100
100
100
100
100
100
100
100
100
100
100
100
100
100
100
100
100
100
100
100
100
100
100
100
100
100
100
100
100
100
100
100
100
100
100
100
100
100
100
100
100
100
100
100
100
100
100
100
100
100
100
100
100
100
100
100
100
100
100
100
100
100
100
100
100
92
100
96
100
100
100
100
