96
96
100
100
100
100
100
100
100
100
100
100
100
100
98
100
96
100
100
100
100
100
100
100
100
100
100
100
100
100
100
98
98
96
96
98
96
100
96
94
92
94
90
88
90
90
90
90
86
86
84
84
84
84
82
80
80
78
80
80
78
76
76
74
74
74
72
70
72
70
70
72
70
70
68
68
68
68
66
66
64
66
64
66
68
72
72
70
72
70
70
70
68
68
70
72
72
80
72
74
74
74
70
68
66
66
66
68
70
66
68
68
68
66
70
66
68
68
66
68
72
80
80
76
76
78
76
78
78
78
76
76
76
76
76
74
80
78
80
78
76
74
74
76
82
88
90
88
90
90
94
92
92
92
92
92
96
98
98
100
98
98
100
100
96
98
98
100
100
100
100
100
100
100
100
100
100
100
100
100
100
100
100
100
100
100
100
100
100
100
100
100
100
100
100
100
100
100
100
100
100
100
100
100
100
100
100
100
100
100
100
100
100
100
100
100
100
100
100
100
100
100
100
100
100
100
100
100
100
100
100
100
100
100
100
100
100
100
100
100
100
100
100
100
100
100
100
100
100
100
100
100
100
100
100
100
100
100
100
100
100
100
100
100
100
100
100
100
100
100
100
100
100
100
100
100
100
100
100
100
100
100
100
100
100
100
100
100
