34
34
32
36
38
38
40
38
38
36
38
40
38
36
36
36
36
36
36
36
36
34
38
36
34
36
36
36
36
36
38
42
38
40
38
36
36
34
36
38
38
38
36
38
34
32
32
30
32
32
30
30
30
30
30
28
26
24
24
26
24
26
26
24
24
22
24
26
26
22
22
22
20
20
20
20
20
22
20
20
18
18
18
20
18
20
18
18
16
16
16
18
16
14
14
14
14
14
14
14
12
14
14
16
14
14
14
14
16
14
14
14
12
12
12
14
14
14
12
12
12
14
14
14
12
12
14
16
16
18
16
14
12
14
14
14
14
14
16
18
16
14
16
16
16
16
18
18
20
20
20
24
24
22
24
22
22
22
24
24
24
26
26
30
30
28
30
30
30
30
32
32
34
34
32
34
34
32
36
34
32
30
36
34
32
38
34
34
36
34
38
38
36
36
36
36
36
36
36
38
40
36
38
38
38
40
38
40
40
40
38
42
40
40
36
36
36
38
42
40
42
40
42
44
44
42
44
44
42
40
42
38
38
44
42
44
46
44
44
44
44
40
44
44
46
46
48
48
42
40
44
46
42
42
44
48
48
48
46
46
46
46
40
42
44
44
42
42
42
44
42
46
44
44
44
40
42
40
40
40
40
40
42
44
42
40
40
40
