36
36
36
34
32
36
38
36
38
38
40
38
40
42
42
40
40
38
38
40
42
38
42
40
40
40
40
40
38
40
40
38
40
38
40
38
36
36
38
40
38
36
36
36
34
30
32
32
30
30
30
30
30
28
28
26
28
26
26
28
26
26
24
24
22
20
20
22
18
18
18
18
18
18
16
16
16
16
14
14
14
14
12
12
12
12
10
10
10
10
10
10
8
8
8
8
8
8
8
8
8
8
8
8
6
6
6
6
6
6
6
6
6
6
6
6
6
6
6
6
6
8
6
8
8
8
8
8
10
10
10
10
10
10
10
10
12
12
12
14
14
14
14
14
14
16
16
16
16
18
18
20
20
22
22
24
24
22
24
26
26
28
28
30
30
30
30
32
32
34
34
34
34
36
38
38
38
38
38
38
40
38
40
40
42
42
42
42
44
42
42
42
42
42
42
42
44
42
44
42
44
42
42
42
44
42
44
44
44
44
44
44
46
44
44
46
46
48
46
48
48
48
48
48
52
54
52
52
52
52
52
54
56
54
54
56
54
52
52
52
50
52
54
54
54
56
56
54
56
54
54
54
54
52
54
58
56
56
56
56
54
54
54
54
54
52
52
52
50
50
48
44
46
46
46
46
42
42
42
42
40
40
40
38
38
40
40
40
