24
26
26
28
24
26
24
30
24
24
46
38
26
30
26
30
28
24
22
24
26
24
26
72
26
50
26
26
22
28
64
30
42
46
66
50
24
24
30
62
36
24
20
22
20
22
24
24
36
60
20
24
24
60
44
54
20
22
20
22
64
20
20
20
18
20
28
44
20
24
16
18
26
62
58
38
16
32
14
12
32
40
26
52
30
26
20
54
26
18
20
20
22
24
28
20
26
22
34
44
22
20
20
22
22
24
20
24
22
24
22
20
24
52
68
48
22
22
46
22
24
22
26
40
30
18
24
24
22
22
20
20
24
22
42
44
18
20
24
22
22
58
22
22
24
24
22
52
28
24
22
20
30
66
22
24
22
22
22
38
42
26
24
62
30
30
28
30
28
28
24
28
28
28
24
52
26
24
48
28
24
22
22
22
42
66
26
24
28
22
20
26
64
26
24
26
20
28
20
20
22
20
22
24
24
62
28
46
62
24
26
30
62
32
24
28
26
58
50
26
32
30
42
44
26
30
64
28
28
26
44
74
36
50
72
34
28
30
24
26
30
52
46
56
60
50
48
38
34
30
24
26
26
24
24
30
22
30
24
30
32
26
24
26
24
24
26
24
26
24
28
24
26
42
46
22
30
28
24
24
24
22
28
24
26
30
44
54
