26
22
26
20
22
42
22
24
22
22
24
24
26
24
26
42
22
22
22
28
24
22
22
22
26
40
26
52
22
20
24
26
30
20
26
22
20
22
44
40
26
24
20
20
20
26
22
20
24
50
18
60
22
32
48
22
18
16
40
32
20
22
16
18
22
16
18
36
36
16
18
16
46
20
54
30
16
16
12
12
12
14
16
16
20
22
18
18
18
18
16
18
20
20
16
22
54
18
14
14
18
14
16
16
16
16
18
16
18
20
18
26
22
22
24
22
18
20
20
18
20
56
40
26
20
18
16
24
20
22
24
20
18
32
46
20
20
28
34
38
30
20
22
18
20
20
20
46
48
18
18
26
30
16
20
16
16
22
22
18
18
16
16
42
18
16
20
18
22
18
14
16
18
16
16
20
20
20
20
14
16
16
16
50
22
18
18
18
16
18
24
20
24
22
18
18
22
16
18
24
24
22
24
18
18
38
18
20
26
22
18
20
22
20
54
38
24
22
18
36
32
24
20
26
26
44
42
22
34
32
20
22
26
24
22
24
20
22
24
22
20
26
22
20
20
24
50
24
24
26
28
30
42
46
24
24
32
42
38
24
26
24
38
54
38
32
50
48
32
26
26
26
22
24
22
22
22
24
20
22
26
20
22
28
26
20
22
24
