15
0
5
10
5
10
5
15
22
7
0
10
0
12
0
22
10
0
0
20
0
10
25
17
15
0
5
0
0
5
0
10
15
0
15
5
25
0
0
0
0
0
10
5
5
5
5
0
25
0
0
12
0
15
20
0
15
0
5
5
0
5
20
10
0
0
15
5
37
10
22
5
10
10
15
5
10
10
0
15
0
27
5
5
0
20
0
0
10
25
15
0
0
5
0
10
17
10
15
0
0
0
0
5
0
20
5
0
5
0
0
7
17
37
12
5
15
5
0
5
0
5
5
0
0
5
5
5
5
5
22
10
67
32
5
15
0
10
0
0
22
0
0
0
20
5
0
0
0
10
0
5
0
5
5
5
5
5
0
5
0
15
5
10
10
22
0
5
5
10
0
10
0
0
5
32
5
27
5
15
10
0
5
5
5
20
0
12
0
5
0
5
15
5
0
5
0
0
0
5
5
0
22
10
5
0
0
0
20
0
5
0
10
5
5
5
0
0
5
10
0
5
5
5
0
0
0
0
0
15
0
0
25
5
22
15
10
0
5
5
5
5
15
0
0
0
0
25
0
0
15
15
10
0
5
10
0
0
0
15
10
0
5
0
5
0
5
5
42
0
5
20
0
0
17
5
0
0
5
5
10
15
72
15
5
0
25
0
