10
7
5
20
10
20
10
12
15
5
12
22
12
10
5
5
10
7
20
12
20
20
5
10
7
10
12
7
20
7
12
10
20
10
10
5
5
15
17
15
12
15
15
10
10
10
20
5
15
10
20
15
15
22
17
15
0
15
10
20
5
15
10
17
17
5
15
5
20
0
7
20
10
15
0
5
12
15
5
10
7
15
5
12
15
5
22
12
2
12
10
5
10
5
15
10
7
5
15
5
2
10
10
20
12
10
12
2
15
10
15
2
7
10
12
0
7
7
10
7
5
20
7
10
12
10
10
15
12
22
10
2
15
15
15
12
2
10
15
5
12
5
22
15
10
15
2
12
22
10
15
7
20
20
10
12
10
10
12
15
10
5
10
22
7
15
5
2
25
5
2
15
15
10
5
5
12
5
10
22
10
7
15
10
17
5
7
10
12
12
2
10
12
20
12
10
7
10
10
15
20
5
0
5
20
15
20
2
2
12
12
15
15
22
17
20
5
17
10
12
15
7
5
2
5
7
10
7
10
2
5
17
5
5
10
20
2
15
10
12
15
7
10
7
15
20
10
15
12
7
10
10
15
10
2
10
7
5
15
15
10
10
17
15
15
10
7
5
5
12
17
10
15
15
5
7
7
15
15
7
15
5
10
7
20
10
20
10
