0
45
5
5
0
5
0
75
120
0
80
110
80
7
60
5
57
2
0
5
0
97
105
65
70
55
100
100
85
2
95
110
57
37
5
115
12
22
5
27
17
0
0
5
7
7
0
10
57
100
0
0
0
0
2
2
2
5
0
7
52
0
67
65
5
0
2
65
57
5
77
90
62
95
85
55
60
0
0
0
67
5
50
30
15
15
75
50
67
100
5
7
2
0
0
30
2
107
65
115
100
0
37
67
60
57
2
45
0
7
0
7
60
52
85
45
0
0
7
62
102
5
0
5
70
67
0
67
75
40
45
22
32
40
5
70
92
30
20
10
25
10
5
40
0
87
10
2
12
2
2
7
70
5
60
2
0
82
70
62
60
107
0
7
50
5
115
92
0
125
57
2
0
0
90
47
7
60
72
97
12
40
82
65
42
35
42
7
15
5
77
110
15
5
87
105
92
0
7
5
7
5
10
2
0
5
7
70
32
85
2
0
5
0
0
0
0
0
0
2
32
65
82
55
102
0
0
40
0
72
5
5
5
105
42
5
67
0
0
7
5
2
112
55
5
0
5
52
0
52
0
57
47
37
50
7
62
82
90
10
95
0
5
0
40
20
42
55
40
0
7
2
25
0
82
2
0
50
7
7
77
0
50
2
0
37
115
122
