12
22
20
22
27
20
17
25
17
25
17
17
17
15
25
15
12
25
12
30
30
22
35
15
15
30
30
27
15
20
17
35
45
22
20
25
20
15
25
20
15
25
25
20
20
20
20
25
30
15
30
25
17
27
15
20
15
20
25
15
25
25
20
20
15
25
15
25
20
15
20
25
25
25
17
25
22
22
20
15
30
25
20
15
20
27
20
25
17
20
17
25
20
22
15
25
17
22
25
25
22
15
17
27
30
25
25
30
17
17
12
30
15
20
27
25
22
20
27
30
12
30
20
27
20
25
25
17
30
27
20
20
17
25
27
20
20
15
27
40
15
27
20
25
25
25
27
30
17
20
15
25
37
20
20
20
20
15
15
25
12
17
25
27
25
32
20
20
35
15
22
12
22
20
20
20
27
22
27
17
25
25
27
22
27
20
12
17
22
20
20
25
27
20
25
25
20
20
25
30
22
17
20
27
30
30
20
27
27
17
27
30
25
17
32
17
22
30
45
25
22
20
17
20
25
20
20
20
27
22
22
25
15
25
30
30
30
15
25
25
15
25
30
22
22
22
22
25
22
20
25
20
22
25
15
20
25
25
35
17
17
22
25
17
20
30
20
25
30
20
25
22
25
20
25
25
20
20
12
20
22
22
17
30
32
17
15
15
