12
25
30
12
7
7
5
27
17
10
17
27
10
17
22
22
10
12
10
12
27
22
10
10
17
10
22
27
22
17
17
10
45
10
32
5
12
62
32
37
27
22
17
17
22
17
15
17
12
207
17
22
15
12
12
35
75
22
30
25
27
25
32
17
17
52
10
22
50
22
30
37
40
35
32
50
32
57
60
35
30
67
22
45
32
25
30
35
22
32
17
37
22
52
75
40
40
25
22
50
22
42
47
25
37
30
42
40
12
40
27
27
32
42
17
27
15
70
47
30
22
60
60
47
22
27
52
35
40
22
62
55
27
32
102
45
45
35
52
35
30
70
30
22
40
50
22
62
67
40
22
55
50
57
57
22
100
12
50
32
27
32
65
40
52
27
32
45
25
67
47
30
35
22
47
52
17
62
55
12
50
42
10
17
35
25
40
75
32
27
17
35
47
30
45
40
45
32
45
37
12
47
17
22
35
27
20
70
35
27
25
12
17
40
45
40
37
45
17
27
12
10
22
22
22
45
27
22
30
17
12
12
22
12
22
27
10
40
20
17
12
17
22
12
17
17
17
10
7
22
10
12
12
32
5
17
17
17
10
12
17
12
10
62
97
12
20
12
0
12
12
17
30
22
17
30
27
12
15
22
22
35
22
7
12
7
5
25
