30
30
30
35
15
30
52
20
47
25
35
40
15
30
15
17
25
20
30
25
32
20
15
25
15
35
25
30
15
25
40
25
20
25
20
37
30
25
35
32
47
15
25
25
30
25
30
20
15
15
30
10
25
35
30
10
25
52
42
20
25
42
20
15
25
47
30
45
25
30
32
30
25
10
25
47
32
15
40
15
40
20
57
62
20
30
25
37
25
57
30
30
12
35
20
40
25
35
57
30
45
72
15
35
67
10
42
27
37
82
25
35
47
62
20
20
20
20
15
25
20
35
52
25
57
62
20
20
42
57
15
35
20
27
52
25
40
67
47
35
30
25
20
15
35
10
30
15
30
42
30
72
35
25
25
20
10
62
40
27
25
25
20
35
20
47
30
30
30
35
35
15
35
62
35
42
72
20
47
57
35
47
47
30
17
42
20
35
52
35
25
57
25
72
20
20
45
42
57
15
42
47
62
25
30
40
42
20
52
35
47
45
45
37
52
52
87
25
40
30
15
87
25
25
67
30
42
30
25
25
25
35
37
35
15
35
67
47
32
40
25
40
25
30
20
47
52
35
42
15
10
25
42
10
25
20
52
10
52
15
27
15
22
10
17
22
22
10
22
27
15
37
55
40
20
20
37
10
10
25
10
20
10
25
52
25
25
20
