67
52
40
55
82
35
72
127
35
20
35
45
52
35
50
67
57
62
82
45
50
40
30
72
25
52
52
52
122
87
45
77
57
77
57
102
40
82
47
40
92
35
30
20
67
50
52
30
67
52
67
72
35
35
42
20
57
35
50
35
67
35
30
20
50
57
105
25
25
92
72
37
132
77
45
25
20
47
57
52
92
45
25
35
42
45
45
77
30
57
72
102
62
15
52
132
25
47
62
92
40
50
92
20
62
45
40
50
62
52
57
62
62
67
67
72
125
20
47
117
77
25
35
40
20
92
20
57
117
30
72
102
35
77
42
50
45
82
62
42
25
52
72
62
40
40
97
87
77
42
37
25
117
30
25
57
35
97
35
35
25
82
97
92
67
35
77
25
102
67
97
107
110
45
35
92
130
57
15
57
52
112
102
97
122
40
57
52
67
40
87
37
87
92
30
77
102
30
72
25
80
40
72
35
40
112
62
52
42
40
45
57
52
77
112
62
37
45
92
25
35
25
42
35
72
37
82
40
57
25
35
62
67
25
87
35
67
87
35
25
25
62
67
45
57
45
47
97
30
30
57
35
40
52
15
15
82
20
67
35
30
30
40
25
45
57
57
30
20
47
20
15
87
57
20
25
62
35
47
42
30
20
35
25
30
30
35
40
