55
97
42
80
80
70
112
85
117
52
45
60
85
42
97
70
35
27
22
105
105
95
120
95
102
65
62
45
37
47
45
37
75
50
92
105
50
75
87
40
72
40
40
40
45
47
67
25
35
70
65
90
12
42
62
27
55
100
67
110
75
72
70
60
72
140
45
52
102
75
100
77
92
35
97
57
55
50
82
37
62
107
70
55
45
75
50
90
70
80
67
92
67
72
100
125
47
52
110
57
35
47
92
62
30
45
77
52
145
67
27
137
62
47
25
85
142
87
70
172
35
27
37
152
42
90
40
20
97
110
50
122
75
67
105
82
90
30
77
82
72
65
65
90
105
70
32
90
57
77
110
80
35
75
100
82
77
107
65
95
117
70
67
95
42
85
130
95
110
127
97
45
75
92
35
137
95
105
142
117
90
137
152
127
85
80
110
122
157
115
135
102
80
102
147
65
77
82
145
115
95
37
80
85
107
92
90
70
117
45
57
77
97
45
150
47
52
105
75
90
135
42
50
57
95
62
30
52
67
47
67
57
97
45
40
22
90
65
17
130
65
45
62
32
42
105
50
35
95
35
20
47
87
40
45
37
42
57
35
72
67
50
60
35
77
32
37
47
27
22
25
60
52
52
67
62
62
47
87
62
55
40
42
27
45
45
57
110
