42
50
47
37
42
40
35
40
35
40
27
47
42
35
40
35
40
37
37
35
35
45
30
37
47
32
37
42
45
47
40
40
35
30
32
42
47
37
27
42
40
45
45
35
45
45
40
52
40
47
60
42
42
32
35
35
47
45
30
45
40
42
42
50
37
37
37
37
47
35
32
45
27
47
37
37
42
42
37
35
42
42
35
47
35
40
42
30
35
35
37
35
35
45
27
40
37
37
37
40
45
40
35
35
35
37
25
35
50
52
37
40
40
40
42
47
40
47
27
40
47
42
37
37
47
40
37
60
42
40
35
42
50
50
52
40
40
45
37
40
45
52
20
42
47
35
50
40
42
40
35
45
35
32
32
40
35
35
37
35
45
42
45
40
37
27
30
42
40
40
42
35
45
35
67
35
35
35
37
32
35
35
40
47
37
35
47
30
42
37
40
40
32
42
42
40
40
42
42
37
35
32
35
35
40
47
50
45
45
42
32
47
50
40
30
42
32
42
35
32
42
42
35
35
35
40
32
42
40
37
37
42
40
37
42
47
35
42
32
37
42
40
37
42
45
40
40
45
42
32
35
35
42
35
42
47
37
50
40
37
42
37
27
45
42
37
40
45
30
37
30
35
40
40
35
37
45
37
45
42
40
50
27
35
35
42
37
32
