0
0
0
0
0
7
2
2
0
0
0
7
12
0
2
17
2
12
7
0
0
0
7
0
0
0
17
22
12
7
0
12
0
0
2
0
0
0
2
0
0
0
2
0
0
0
207
0
2
2
2
0
0
2
12
0
7
7
2
0
0
12
2
17
2
170
17
0
2
12
0
2
2
0
0
25
2
0
0
17
0
7
0
0
17
7
7
0
0
12
2
2
145
7
0
0
0
2
0
2
7
0
12
2
12
17
0
17
0
2
7
2
2
7
2
2
2
7
2
0
2
17
2
2
0
7
2
22
12
0
2
12
0
2
2
220
17
0
12
32
2
0
7
12
0
0
0
2
2
0
17
0
0
2
2
0
7
2
0
0
0
0
17
7
0
2
2
0
7
7
2
0
2
12
2
0
2
0
30
7
0
2
12
0
0
12
7
12
0
117
2
12
107
0
2
2
0
7
12
7
7
0
0
2
0
7
0
17
15
17
2
0
2
17
12
7
22
0
0
12
17
2
2
7
2
2
2
2
0
2
2
2
0
2
2
2
17
12
2
2
0
7
7
17
7
0
2
2
2
7
12
0
2
7
12
12
2
105
0
2
7
0
2
7
0
12
7
20
0
7
2
7
17
160
2
0
0
2
17
0
7
2
0
12
2
17
0
7
