17
12
22
17
10
12
17
17
10
12
12
12
12
10
12
17
17
15
17
20
12
12
12
12
17
12
12
17
17
17
12
12
17
17
22
17
17
12
17
15
12
12
12
12
15
17
17
12
17
10
10
17
17
12
12
17
12
12
17
22
12
12
12
12
17
17
17
17
12
17
12
12
17
12
12
12
17
12
12
15
10
17
12
12
15
12
12
17
12
12
17
17
12
12
17
17
17
12
20
17
12
15
17
17
15
12
10
15
17
12
17
12
17
17
22
12
17
10
17
12
12
12
17
10
12
17
12
12
17
17
15
17
17
17
17
15
15
12
17
17
10
17
17
12
12
17
22
17
17
12
12
5
5
10
7
10
12
5
5
5
17
12
12
10
5
15
10
17
12
5
12
12
12
10
17
7
12
15
12
12
12
10
12
12
5
12
10
12
15
7
12
10
0
17
5
12
12
10
12
12
17
7
12
12
10
15
10
17
12
12
12
12
12
10
5
12
17
5
15
10
15
10
12
12
10
15
17
15
10
12
15
12
15
5
12
12
12
10
5
15
12
17
10
5
10
15
12
15
10
17
7
12
7
10
17
17
10
12
12
12
10
10
12
10
12
15
12
12
12
12
12
17
12
5
12
10
10
15
12
10
12
12
12
12
7
12
17
10
