15
10
155
10
27
67
15
25
22
22
57
70
15
100
22
15
15
15
20
5
10
0
5
22
10
32
10
5
15
22
157
10
5
0
22
115
15
40
15
0
37
25
15
20
105
10
5
100
5
5
10
10
5
10
7
10
0
70
12
10
10
17
140
5
5
20
10
5
12
125
62
60
82
10
5
85
20
5
15
12
15
15
20
5
82
17
15
10
5
165
15
20
55
20
17
22
80
10
105
10
22
132
10
12
110
25
12
107
90
12
17
15
12
5
62
0
10
5
15
15
27
20
25
20
15
32
25
12
22
60
22
12
10
17
20
237
15
17
25
112
47
17
10
10
27
72
75
22
5
20
70
5
42
75
12
17
10
150
15
182
20
10
147
10
10
15
17
10
12
15
10
15
17
25
10
10
17
10
10
5
137
10
22
5
5
25
5
15
5
10
90
5
20
20
20
5
5
15
20
5
15
5
137
25
10
30
15
15
180
132
15
35
35
12
15
105
60
107
27
20
10
5
40
15
12
112
10
12
122
80
10
12
7
17
110
5
10
10
12
0
85
32
12
20
27
15
30
17
5
12
67
35
12
115
15
10
180
27
37
192
112
20
5
10
5
10
10
15
5
37
20
17
5
22
20
170
87
15
12
20
10
12
10
20
17
65
5
10
