2
0
0
5
2
5
2
5
0
0
0
0
2
2
0
0
10
10
2
5
2
0
2
7
5
2
0
0
0
7
2
7
5
0
5
2
10
2
2
2
20
7
2
2
0
2
2
2
5
7
7
2
0
7
2
0
2
5
35
0
0
2
2
15
10
2
2
2
30
12
10
15
17
5
22
2
10
2
12
7
2
5
20
5
27
5
10
2
10
7
2
12
5
2
5
7
2
2
5
2
2
7
5
5
0
2
5
5
5
7
5
2
5
10
22
2
42
15
7
2
20
7
2
2
2
2
2
0
10
2
7
7
0
10
0
2
0
2
15
12
5
10
12
2
7
25
5
0
40
0
2
20
2
2
0
17
20
2
15
2
32
2
0
0
2
35
12
20
5
2
27
2
7
2
0
12
2
2
2
0
7
2
17
2
10
2
2
22
10
10
0
12
2
0
2
12
7
15
2
5
0
17
5
7
5
7
5
5
2
7
10
12
7
2
15
0
12
2
7
2
37
2
2
0
2
10
2
0
0
2
2
10
10
0
10
2
10
0
0
0
12
7
2
0
7
7
2
2
2
2
10
7
10
2
0
2
7
7
2
2
5
5
15
32
2
2
2
12
17
7
10
5
2
0
20
5
2
22
5
10
7
7
2
2
7
20
2
5
