142
112
140
140
122
140
135
145
137
145
95
125
132
130
140
130
115
137
130
140
140
122
125
137
135
142
140
127
142
142
142
125
122
132
135
145
145
145
135
132
132
130
145
117
145
117
117
130
150
147
142
122
142
137
135
145
132
122
142
140
147
147
135
145
135
117
115
100
140
137
130
140
140
147
130
132
142
147
137
145
110
147
142
145
145
125
102
142
135
115
145
140
137
127
145
130
137
127
130
137
142
140
142
140
120
140
120
137
135
135
125
130
127
150
145
130
140
130
135
137
135
107
140
145
150
127
142
137
132
135
147
140
137
145
145
135
132
147
142
142
130
140
145
145
132
130
142
137
120
135
117
132
132
140
135
120
115
145
135
145
145
140
127
137
137
135
122
132
147
127
140
145
132
135
140
132
140
137
140
132
142
135
140
142
145
120
142
127
110
112
145
102
147
145
127
142
147
122
135
145
142
137
137
142
127
142
142
122
140
130
142
140
140
147
145
112
132
132
125
127
130
137
130
145
137
140
122
125
137
137
127
140
117
120
130
137
125
140
125
110
147
135
142
135
137
127
140
137
135
142
137
132
137
142
140
135
105
135
142
142
137
117
145
145
132
137
140
102
122
145
125
142
122
127
140
130
142
142
125
145
135
147
142
142
127
135
127
122
