0
15
10
22
15
27
25
42
17
22
32
27
10
22
22
20
0
27
5
0
10
2
20
15
22
12
15
27
20
20
15
17
10
25
5
15
15
10
20
7
15
20
22
15
15
20
15
12
27
17
5
22
20
22
20
15
20
27
0
20
25
32
0
20
0
22
15
22
15
17
20
12
15
20
15
32
22
25
42
12
15
15
17
15
20
15
10
17
27
22
42
17
22
5
37
40
37
17
32
40
22
20
27
10
22
22
35
22
22
22
37
12
0
32
17
20
15
27
15
22
15
17
17
20
27
32
27
37
27
25
32
0
20
20
15
22
27
27
15
27
27
22
20
15
32
17
20
15
37
22
42
20
0
20
17
22
22
0
0
5
5
7
0
17
22
22
10
17
12
17
30
5
20
25
5
12
20
5
22
12
37
22
22
22
20
22
27
22
0
27
0
20
27
15
27
17
22
27
17
22
22
22
52
37
20
12
22
32
15
15
32
37
10
27
17
27
12
27
22
0
15
20
17
27
22
15
22
27
32
27
15
15
20
15
17
22
20
25
12
0
0
0
0
0
15
10
17
5
10
10
15
15
15
5
15
10
15
10
22
15
10
5
10
0
5
22
15
5
10
37
10
20
17
22
20
7
20
0
10
5
15
15
10
5
10
5
15
15
