10
10
20
20
15
20
20
5
15
10
15
5
15
5
15
25
10
10
10
10
10
15
5
5
10
20
5
20
15
0
10
25
10
15
20
5
5
5
10
10
15
5
10
15
5
15
15
10
5
15
15
10
20
10
5
190
20
10
10
15
15
10
15
10
220
5
10
15
20
5
15
5
20
15
10
22
5
10
5
15
15
10
25
25
10
10
10
10
20
10
10
22
15
15
15
10
15
10
10
15
5
15
5
20
10
15
15
5
10
15
15
5
15
10
15
15
15
5
10
5
10
20
10
15
15
15
10
20
10
10
15
10
10
10
15
15
32
20
10
10
17
30
10
10
10
10
15
5
5
5
15
20
20
15
10
5
15
10
15
10
10
5
20
10
17
5
15
10
10
15
15
10
10
10
20
15
5
5
10
5
10
5
10
10
10
10
5
20
15
10
17
15
20
5
17
5
15
10
25
22
10
5
10
10
15
5
15
15
5
15
15
10
5
15
10
10
15
160
10
10
215
20
10
20
5
10
15
20
10
10
10
10
10
15
10
15
5
20
10
0
15
10
0
5
5
10
0
5
0
15
10
5
15
10
15
5
5
20
10
10
15
5
10
22
5
10
5
0
20
25
0
10
25
10
20
10
15
15
10
15
15
10
10
5
10
10
10
10
