37
32
42
32
32
27
37
82
27
42
27
27
37
37
52
32
42
37
22
62
32
32
37
27
37
32
37
32
32
32
37
32
32
37
32
37
37
32
52
57
42
52
27
37
47
27
37
32
22
42
47
32
32
37
22
27
22
37
37
37
22
42
42
32
42
37
22
32
32
22
37
32
17
37
32
42
47
32
22
32
37
52
32
42
32
37
47
37
37
32
17
27
37
17
27
42
32
57
27
32
37
42
42
37
42
37
42
37
32
32
22
37
32
32
37
22
42
32
32
42
37
27
32
37
37
37
32
32
37
37
37
37
37
52
32
42
47
37
32
32
37
37
22
27
32
27
32
37
37
32
22
22
22
37
47
32
42
52
42
47
37
27
37
37
27
32
32
32
32
32
37
37
37
37
72
32
22
37
37
22
67
47
22
52
32
22
37
32
32
32
32
37
32
37
22
32
32
42
32
57
37
37
57
32
27
22
32
47
22
57
32
27
37
42
32
37
27
32
42
42
37
37
37
27
42
22
22
37
42
32
32
37
32
42
22
32
47
37
32
42
52
32
37
27
32
32
27
32
37
37
42
27
52
37
42
42
32
32
37
37
32
37
42
37
32
47
37
37
32
37
22
27
72
52
32
27
37
27
42
32
37
42
37
37
32
65
37
42
