32
47
42
32
32
17
37
37
42
37
37
52
37
37
72
37
27
52
37
42
32
52
32
32
37
32
32
32
37
42
77
37
32
32
42
32
37
42
32
32
12
37
32
32
57
32
32
37
12
27
37
32
37
32
37
32
37
42
37
37
42
32
37
42
32
37
27
37
32
37
32
5
52
57
27
32
32
42
57
37
32
42
37
27
52
37
37
37
42
47
37
37
27
27
57
37
37
27
37
32
32
72
32
37
27
27
32
37
32
22
37
37
32
32
42
37
37
37
37
42
37
37
47
47
37
37
22
47
32
32
32
32
27
37
32
32
37
37
27
27
47
47
32
37
37
32
37
37
32
42
37
32
32
32
32
82
32
32
37
32
47
37
27
72
42
37
37
37
32
32
37
27
57
37
37
32
32
62
37
32
32
37
27
32
37
32
37
87
22
37
37
32
47
32
27
32
32
37
32
42
32
42
32
27
42
52
47
62
82
27
27
67
32
27
47
27
42
22
52
32
37
42
37
32
27
37
57
32
47
32
32
17
37
42
37
27
37
32
37
27
27
27
37
37
37
42
32
37
42
32
37
37
37
42
47
42
27
32
32
37
37
32
32
37
32
27
27
32
32
22
37
57
37
32
42
22
27
27
37
37
32
32
37
37
42
37
37
32
