0
5
5
0
0
10
0
5
0
5
5
5
0
0
0
5
5
5
5
5
0
0
15
0
5
5
5
5
5
0
0
5
0
5
0
5
5
5
5
187
5
0
0
5
0
10
15
0
5
12
0
0
5
5
10
5
5
5
5
5
5
20
0
15
5
0
5
0
5
0
5
15
15
0
0
0
5
22
10
0
5
0
5
0
5
10
5
5
5
22
0
5
110
10
10
0
5
0
5
0
10
107
5
5
0
5
0
10
0
5
25
12
5
10
0
20
5
5
0
0
25
0
0
0
5
0
0
0
10
5
0
190
10
5
0
10
0
0
0
187
5
20
20
10
5
5
5
5
17
0
10
5
0
5
10
15
0
10
5
5
10
5
10
15
165
0
5
5
5
5
5
0
5
0
20
167
0
0
5
5
5
5
10
0
0
5
15
5
15
0
5
0
5
0
5
10
5
0
10
0
5
5
0
0
0
0
10
10
5
5
0
0
0
0
5
10
0
5
0
10
0
0
5
5
0
30
0
10
0
5
0
10
5
0
0
0
5
5
5
0
0
0
10
5
10
15
10
0
0
10
0
5
10
5
195
10
5
0
0
0
15
0
5
5
5
10
10
15
5
5
0
0
10
10
0
0
0
17
5
0
5
0
0
10
27
10
10
0
