22
15
27
32
42
47
22
17
20
30
25
32
17
32
42
57
32
15
32
27
27
40
20
15
22
32
20
27
27
17
22
20
32
15
15
22
27
30
42
17
22
22
17
42
32
10
22
15
37
27
35
30
17
42
15
22
15
57
22
52
32
22
20
20
22
37
22
25
15
32
22
40
42
20
27
27
27
37
32
37
22
25
17
27
37
17
32
27
42
32
17
27
45
45
32
22
32
25
22
42
52
50
70
42
15
17
50
27
70
10
15
52
37
57
22
32
5
27
17
27
17
15
15
22
17
27
22
15
12
22
17
20
22
32
20
22
22
10
22
22
15
17
10
15
10
15
25
0
10
15
17
20
27
17
27
22
27
10
10
15
37
37
5
27
20
17
17
20
22
20
10
15
22
5
15
22
27
32
32
15
15
27
25
17
25
17
32
5
15
15
15
22
15
10
27
22
32
20
15
15
15
32
32
25
20
22
27
10
32
12
15
30
20
15
27
27
20
22
22
15
15
30
5
27
5
27
25
20
20
15
10
22
22
15
20
15
22
32
57
45
20
37
27
45
42
22
15
20
32
15
20
27
55
15
5
17
15
15
32
10
27
5
22
37
37
15
15
17
27
22
15
32
12
32
32
10
15
12
22
15
17
20
32
17
15
17
12
5
