10
7
57
15
20
15
92
10
12
5
15
10
10
7
15
15
17
15
15
10
10
12
5
10
142
10
20
10
5
15
17
20
27
27
87
145
15
10
15
15
2
15
30
22
47
27
20
12
112
22
10
10
17
15
10
5
15
5
15
15
15
10
15
15
97
115
25
25
92
17
7
12
20
7
25
22
15
10
20
5
17
97
12
15
10
5
25
20
5
7
15
5
10
7
15
10
10
15
7
20
80
10
10
22
15
17
92
117
12
5
2
10
22
15
15
22
15
110
20
15
15
15
10
25
10
10
10
5
5
0
10
2
5
5
25
10
0
27
95
15
0
20
15
15
10
120
5
20
15
5
7
20
5
7
102
10
12
5
5
15
10
5
10
5
37
15
5
0
5
5
112
15
0
12
10
35
5
137
17
0
10
5
5
0
5
15
5
5
5
17
12
10
20
7
22
7
15
5
20
12
10
15
5
10
5
100
5
5
117
15
5
15
5
10
27
5
27
25
5
5
85
5
15
15
115
5
10
7
5
10
10
10
2
0
5
5
0
0
0
97
65
0
0
7
10
15
15
5
0
12
10
5
5
10
10
12
32
12
10
15
7
7
5
10
17
5
10
5
5
5
15
7
7
102
7
7
5
0
5
7
12
17
10
10
5
10
212
32
