20
0
5
0
15
15
0
5
0
5
0
5
25
0
0
10
0
0
5
0
0
17
55
15
5
15
0
0
5
0
5
0
15
5
10
35
5
0
62
0
52
30
10
0
10
27
5
0
0
5
10
10
0
5
10
5
15
22
10
10
10
0
0
0
0
5
0
10
5
0
0
0
0
0
0
10
0
42
5
5
0
5
0
0
5
5
15
20
15
5
0
0
22
0
10
20
22
5
10
15
0
0
20
30
52
0
5
5
12
5
0
10
5
42
0
32
0
5
17
52
30
25
47
37
0
0
25
0
0
0
5
40
5
0
5
5
22
5
0
5
10
5
0
0
5
5
0
5
0
57
15
17
5
10
52
15
0
0
10
17
5
0
15
5
5
10
0
0
5
5
5
0
0
5
5
0
20
15
5
0
42
15
0
20
32
0
5
20
10
0
37
0
5
0
20
5
12
5
0
5
5
5
0
5
5
5
0
0
10
20
0
0
0
10
0
5
10
5
0
5
30
10
0
10
0
10
10
0
5
0
10
0
15
10
10
15
5
15
10
0
0
10
5
5
10
0
5
17
10
10
22
10
47
0
10
0
85
5
5
25
20
0
5
20
17
22
5
30
20
32
5
5
27
0
5
10
0
32
5
5
0
37
0
15
20
27
15
37
