42
22
45
42
47
52
32
52
20
42
32
32
20
42
32
70
17
60
32
40
32
65
60
42
42
47
80
102
97
37
62
52
55
47
42
65
20
45
62
40
50
35
72
15
22
67
42
70
107
147
80
137
110
112
162
80
122
205
95
172
50
52
167
127
107
97
122
150
112
132
45
85
105
52
42
67
80
100
155
70
130
110
155
112
122
115
125
180
132
82
80
115
97
132
142
90
67
65
122
60
87
140
90
97
80
80
202
37
160
122
205
112
147
125
125
122
87
117
132
167
37
112
75
147
97
147
182
92
102
55
145
120
135
87
100
70
132
100
95
185
97
42
22
125
112
102
102
127
120
75
65
165
52
132
187
132
180
155
95
195
67
85
107
120
177
162
37
125
85
192
62
120
117
77
152
107
97
92
77
112
115
132
92
122
102
127
85
65
50
137
117
120
47
132
125
47
50
102
67
60
87
47
47
125
62
192
55
42
87
97
65
70
117
112
135
35
100
162
87
60
67
92
137
137
70
102
57
142
52
55
87
37
107
55
50
102
55
55
90
32
22
202
57
17
77
110
62
17
15
37
135
42
37
45
27
22
32
17
75
22
22
37
22
52
27
37
85
42
70
10
37
42
50
77
17
22
42
22
97
50
40
17
62
35
37
20
22
42
