20
20
17
20
17
25
20
15
10
10
15
10
20
15
10
15
20
12
10
12
15
20
22
15
15
20
20
20
17
37
20
15
15
20
15
25
25
22
25
17
32
17
27
25
15
17
20
27
15
20
25
27
20
22
27
20
20
15
22
20
20
15
47
25
27
32
17
20
17
32
32
22
7
20
25
22
20
27
15
30
15
15
27
22
25
17
22
20
27
27
37
17
22
17
20
15
12
25
37
22
17
17
17
22
15
20
10
15
15
20
27
32
27
35
35
27
17
15
40
62
32
22
20
22
27
7
60
15
40
27
22
40
22
15
27
42
37
42
20
25
15
22
20
10
22
12
20
20
20
12
37
22
27
15
22
15
20
17
30
25
22
22
30
15
22
20
27
15
10
15
17
22
22
17
25
20
10
22
27
15
12
20
37
15
12
22
22
20
22
15
32
17
25
20
45
15
17
27
32
17
37
27
37
15
25
25
15
20
32
27
20
20
20
15
20
10
25
202
12
22
22
10
15
17
30
37
32
27
20
22
22
20
15
10
20
37
17
15
25
15
20
17
10
20
10
12
20
22
20
15
20
20
20
12
20
27
20
22
20
15
20
20
20
20
5
15
20
12
7
17
27
20
20
20
15
20
25
12
22
15
12
12
10
15
10
20
30
15
