17
17
17
22
22
22
17
15
17
22
17
15
17
17
12
17
12
17
17
17
17
17
17
17
12
15
17
15
17
15
17
22
17
27
15
20
15
17
25
20
15
17
25
17
15
12
20
15
12
22
22
15
22
17
17
12
17
20
12
17
20
20
15
15
12
27
17
17
17
15
15
17
17
17
17
15
20
20
15
20
17
22
17
17
17
22
17
20
17
12
17
15
17
12
17
22
17
17
17
32
17
17
20
22
22
17
17
15
17
12
17
15
15
15
17
17
17
17
17
17
20
22
17
25
17
20
22
22
17
22
17
15
17
17
17
17
22
17
15
17
25
22
27
15
17
17
15
17
20
12
17
17
22
15
17
15
12
17
27
17
22
20
15
17
15
17
22
15
17
15
20
22
15
17
15
25
17
22
22
17
22
17
25
15
15
17
7
17
22
17
17
17
12
17
17
17
12
17
17
17
17
17
17
12
22
12
17
17
17
17
17
17
12
10
22
17
17
17
17
15
25
27
17
17
10
12
20
17
17
17
17
10
22
20
20
17
22
25
17
17
17
17
20
20
25
17
17
17
15
15
12
20
12
17
10
17
17
22
15
17
17
12
17
15
22
12
17
15
17
15
17
17
12
17
17
17
17
20
20
17
17
17
15
17
17
10
12
17
