5
0
10
0
12
5
5
0
5
5
0
10
0
0
10
5
5
0
0
5
0
5
0
0
5
0
0
5
0
10
0
10
5
5
5
5
0
0
5
0
5
0
10
5
0
0
7
5
0
0
0
5
0
10
0
10
5
5
10
0
5
5
0
5
0
10
0
5
0
0
5
5
0
5
0
12
0
10
10
0
5
5
0
5
10
0
5
0
0
5
10
10
10
5
5
5
0
17
35
10
12
12
0
10
10
5
10
5
0
17
10
0
15
0
5
10
10
5
5
5
10
5
12
5
12
10
5
10
5
5
10
15
0
22
15
0
12
5
7
0
5
0
15
20
10
5
5
15
12
15
0
5
5
0
12
15
5
5
0
15
5
15
5
5
17
0
5
0
5
0
5
5
10
0
10
5
5
10
0
0
0
0
5
5
5
7
0
0
0
5
0
5
5
10
5
10
0
0
0
0
5
5
0
0
10
5
5
0
10
5
5
0
25
15
0
0
0
5
0
0
0
0
0
22
0
0
0
5
5
0
10
5
15
0
5
0
5
5
0
2
5
5
5
5
5
0
5
0
5
0
5
5
5
5
5
0
7
0
0
0
5
0
0
10
5
0
0
5
10
0
5
5
0
7
0
5
0
20
15
5
5
10
0
5
0
10
0
10
