15
17
32
27
12
17
37
17
27
25
17
32
27
22
22
47
20
32
22
25
32
20
17
17
25
15
37
17
22
27
50
32
22
20
22
22
22
22
15
15
27
32
27
37
10
10
32
30
17
12
37
42
12
15
37
22
50
22
50
50
27
15
42
17
15
20
20
15
22
20
32
17
20
27
17
22
20
42
15
17
22
17
30
20
32
37
17
32
32
15
5
17
47
27
15
15
15
10
27
37
37
22
25
10
25
10
17
37
22
10
37
27
32
17
20
22
42
15
22
27
20
40
42
52
37
22
32
32
35
47
37
37
57
37
32
27
37
17
27
22
17
22
15
10
20
35
55
27
55
27
32
35
27
20
45
32
32
20
20
32
10
17
27
35
22
85
20
60
25
57
37
80
22
10
75
32
42
37
32
27
27
17
15
20
5
57
47
32
57
22
47
52
32
55
32
17
22
62
52
42
22
42
27
55
27
42
37
32
25
42
37
22
37
32
22
37
32
37
22
42
27
50
22
27
25
37
27
37
42
37
32
37
17
32
20
27
17
32
35
27
37
22
60
47
17
22
37
27
25
25
25
25
17
22
17
42
15
10
37
5
10
20
27
40
32
17
22
22
10
25
20
20
22
32
22
32
10
10
50
20
5
15
15
17
27
15
22
42
