5
0
10
5
5
5
5
10
5
0
0
5
10
0
0
0
5
5
10
0
15
0
5
0
0
15
10
0
5
0
5
0
10
10
0
5
0
0
5
0
5
5
5
5
0
5
10
0
0
15
0
5
92
10
0
5
0
5
0
0
0
5
0
0
10
0
5
5
0
0
10
0
0
5
0
0
5
5
5
15
0
5
10
30
0
5
0
0
5
0
5
10
10
0
5
10
5
10
10
10
0
0
0
10
5
5
5
0
10
15
15
0
0
0
0
5
5
15
5
10
0
5
5
0
5
5
0
5
0
0
5
0
5
10
0
5
0
5
5
5
5
10
5
0
15
5
0
0
5
5
10
5
0
0
0
0
5
0
5
0
5
15
0
10
0
0
0
0
5
5
0
15
10
10
15
10
0
10
5
10
10
0
0
0
0
10
0
5
0
0
5
0
10
0
5
0
0
10
10
0
5
0
5
0
5
0
5
5
0
5
0
0
5
0
0
0
25
10
0
0
0
10
5
5
15
5
5
15
0
0
0
0
0
10
15
10
5
0
10
5
5
0
0
5
5
15
0
0
0
0
10
5
0
5
5
10
127
5
10
10
0
5
5
5
10
5
10
0
0
5
5
0
0
0
5
10
5
15
10
5
0
0
0
5
5
0
0
20
