215
70
112
62
185
162
122
157
87
147
77
82
195
102
102
130
117
115
130
112
142
105
100
62
62
80
77
82
210
165
85
100
110
110
150
75
142
187
170
90
115
157
42
207
107
107
97
107
97
135
82
165
72
65
187
110
105
92
47
142
180
117
117
175
165
152
57
210
107
197
152
80
95
100
180
200
147
95
112
145
160
97
190
97
95
110
105
195
75
157
165
155
182
122
175
155
147
127
70
70
82
135
142
175
180
137
167
125
177
155
122
180
182
97
135
212
152
165
222
175
135
97
145
180
132
162
67
195
100
180
165
137
147
87
92
137
167
82
182
172
102
122
127
102
150
107
85
117
107
162
132
182
122
145
77
127
195
72
115
75
167
132
85
147
152
107
182
95
172
120
87
122
175
167
150
195
82
212
197
112
147
175
197
195
217
117
87
110
75
107
112
187
112
137
222
140
220
105
117
217
150
175
180
167
147
102
115
137
135
152
182
205
100
107
142
147
107
215
140
125
215
170
150
95
77
170
147
92
127
145
187
165
190
72
100
135
155
75
175
142
127
190
110
167
175
142
135
122
182
102
70
62
177
145
147
142
135
105
107
37
67
45
80
85
102
112
172
82
85
90
60
100
110
125
87
67
97
57
152
120
97
37
50
52
95
45
142
100
