202
190
132
52
92
102
117
115
57
160
212
132
185
202
125
147
200
172
167
97
117
90
175
210
185
102
210
200
172
132
170
65
140
110
182
57
135
102
110
65
117
80
65
122
120
187
122
120
205
165
85
145
160
45
170
165
215
132
40
170
145
212
82
162
185
185
50
167
195
165
185
197
192
167
162
155
142
137
205
152
130
175
147
177
185
185
100
170
70
80
177
87
65
72
95
167
135
47
60
100
65
70
102
112
85
200
102
162
140
87
60
162
165
87
197
187
70
190
205
147
147
92
137
177
195
82
62
142
87
85
145
160
97
140
192
110
82
82
165
157
117
185
165
172
205
137
162
107
85
97
90
92
157
140
72
187
172
100
112
157
142
190
177
125
137
65
127
125
145
77
122
150
152
155
125
147
135
122
60
100
115
120
155
117
62
152
70
67
185
172
67
155
190
87
155
167
175
95
110
170
150
192
147
147
147
140
185
42
100
130
145
192
62
137
90
135
137
172
185
80
190
200
30
130
150
125
165
120
155
157
77
185
135
222
162
195
130
215
195
205
210
152
110
192
185
87
92
70
167
197
77
130
70
105
90
97
72
100
105
190
87
177
150
87
85
130
92
65
122
105
160
132
155
52
45
220
155
122
102
160
160
195
207
210
162
105
50
152
