5
5
5
52
0
45
0
5
5
5
0
5
5
7
5
10
5
0
0
0
5
10
5
0
0
12
10
0
5
5
5
5
0
15
0
0
5
0
5
5
0
0
0
0
7
5
5
5
0
0
5
5
5
0
5
10
0
0
0
10
0
10
5
5
0
5
5
12
0
0
5
0
0
5
0
5
0
10
0
0
0
5
0
5
10
0
0
5
0
0
5
0
0
0
0
0
5
5
7
0
0
0
0
5
5
10
10
5
5
5
0
10
12
0
0
0
10
0
5
5
5
0
10
0
0
5
5
0
0
5
10
0
0
0
5
0
5
5
5
0
5
0
0
0
7
0
5
0
5
5
0
5
0
0
5
0
0
5
0
0
0
5
5
0
7
12
5
0
5
5
0
0
0
5
0
0
0
0
5
0
0
5
0
5
10
0
0
0
5
5
0
0
5
5
0
10
5
5
0
0
0
5
0
5
0
15
5
0
5
5
5
5
0
0
0
5
5
5
7
5
0
0
5
5
5
5
5
0
0
15
0
5
0
10
10
12
0
5
5
0
25
0
7
0
5
2
0
0
5
0
0
5
0
5
5
5
0
5
0
0
5
5
0
5
5
5
0
0
12
5
0
0
0
7
0
5
12
5
7
7
7
5
12
0
17
5
0
15
