15
20
5
20
30
10
25
22
42
15
15
22
15
20
22
22
17
32
57
30
20
10
15
5
22
15
27
15
10
20
52
27
20
27
32
22
15
20
0
10
10
27
10
5
10
20
37
32
42
22
5
30
15
20
20
20
20
10
25
32
15
5
17
22
20
17
20
15
15
30
20
15
10
32
10
20
20
42
20
15
17
32
15
20
37
37
20
17
37
17
25
22
27
37
42
27
32
15
20
27
10
10
20
20
10
25
20
15
17
32
15
10
25
27
15
20
12
10
25
10
17
20
25
17
25
42
15
5
15
20
5
17
20
5
15
5
25
10
10
20
20
15
27
30
25
15
10
20
32
20
10
27
30
27
35
17
10
10
10
37
42
20
15
15
35
20
20
5
32
37
20
25
15
25
22
15
12
15
15
15
20
5
15
32
22
15
32
20
25
35
35
25
7
20
37
37
30
20
17
15
47
32
27
15
27
22
20
20
37
32
20
20
25
5
27
32
32
27
0
15
10
47
15
17
25
42
27
32
5
10
17
20
10
15
10
30
10
32
15
25
20
10
22
15
25
25
10
25
17
15
10
10
5
5
25
0
10
10
20
5
12
27
32
30
10
15
20
22
22
30
5
17
17
20
47
10
10
10
10
15
20
42
15
5
32
20
15
22
