40
20
15
55
15
15
15
37
15
15
10
10
10
10
15
10
10
20
25
20
5
15
30
10
10
30
15
20
15
35
15
20
10
25
35
10
5
15
15
20
20
60
10
122
25
10
10
20
25
35
20
15
10
22
5
67
30
45
25
30
10
30
15
77
15
50
30
35
20
20
35
30
40
40
20
30
35
45
25
25
30
30
30
27
65
30
15
20
25
47
35
30
25
20
35
30
30
35
35
45
50
30
52
30
52
35
25
35
25
40
67
77
30
35
35
10
5
50
10
42
20
15
107
37
35
25
35
20
45
45
20
25
25
30
40
42
30
20
35
30
40
25
20
45
50
60
60
40
15
40
15
25
40
15
5
57
35
30
25
20
40
57
47
35
20
15
35
92
47
37
55
40
47
45
25
30
15
30
60
35
112
20
15
50
35
25
35
15
20
55
35
57
62
25
45
25
40
50
40
15
25
50
20
25
45
20
15
25
40
57
15
47
72
30
35
25
25
25
20
40
20
35
30
40
25
20
15
10
10
15
15
15
15
35
30
30
15
20
20
35
35
25
30
5
25
30
25
10
15
25
20
20
20
15
15
25
37
25
40
30
15
25
47
15
25
20
15
15
20
15
20
20
10
10
15
20
30
20
5
42
15
5
10
15
20
25
25
15
