82
62
122
145
80
97
80
125
112
100
122
72
77
72
95
127
80
122
70
95
117
87
67
125
165
87
132
170
140
90
145
100
102
112
80
95
30
82
85
65
107
75
92
110
50
72
72
140
202
77
85
135
135
90
127
130
105
80
47
120
137
40
115
87
77
97
82
47
102
157
110
92
182
100
65
85
67
105
62
145
75
132
135
152
37
42
105
120
157
107
92
100
37
107
125
110
110
122
115
90
140
107
122
190
105
65
55
110
52
107
117
112
127
140
85
110
80
72
117
152
115
90
167
100
125
87
90
152
120
127
102
132
45
117
132
170
107
77
127
160
82
132
42
130
150
155
65
77
120
97
127
150
102
127
135
147
132
125
122
80
155
102
150
70
107
50
127
115
87
137
122
165
107
122
85
65
150
162
142
117
117
115
172
100
187
102
90
142
112
122
90
132
97
150
140
137
122
70
142
160
130
115
137
207
95
102
135
107
75
137
125
97
112
80
100
147
70
135
155
157
102
150
97
167
87
92
112
127
70
105
120
42
57
102
65
82
170
200
57
82
35
77
67
60
130
142
97
87
45
42
90
45
85
62
35
65
97
30
102
95
57
35
70
52
72
85
52
65
47
50
107
45
30
155
85
92
65
45
97
67
75
45
80
80
27
67
122
55
