7
37
2
2
5
0
12
22
12
12
2
15
10
5
5
0
7
5
5
5
5
5
5
2
7
15
0
22
5
5
37
7
10
7
10
27
2
5
5
2
5
0
0
5
5
10
2
2
2
5
0
0
10
7
5
15
5
5
22
5
0
5
5
10
5
7
0
10
7
10
7
5
5
0
15
5
12
10
10
7
5
5
0
0
2
10
5
0
5
42
0
7
5
15
5
15
5
0
2
2
5
5
10
2
15
2
7
2
0
2
2
10
5
10
2
5
5
10
5
2
5
5
35
2
0
5
15
5
5
5
5
2
42
7
0
5
2
5
15
2
5
7
5
0
0
0
5
0
5
12
10
10
10
5
0
7
5
10
5
10
10
7
2
2
5
2
2
10
5
0
5
17
2
10
5
2
5
2
5
0
10
10
2
10
2
0
2
0
5
5
5
0
2
5
2
15
15
0
10
2
12
10
0
15
7
0
5
12
5
0
2
5
10
2
0
10
5
0
2
5
20
0
10
5
2
5
2
2
15
0
5
5
2
2
5
5
2
0
0
7
2
0
5
0
10
2
0
2
10
22
5
2
0
5
2
2
37
12
2
2
5
5
0
0
0
2
0
2
0
0
5
5
5
0
0
0
0
0
45
5
10
5
7
2
10
10
15
7
