0
5
0
15
0
5
5
5
10
5
10
30
5
5
5
5
5
5
10
5
10
5
10
0
5
5
5
15
5
5
15
10
5
5
20
5
5
0
15
0
10
30
5
10
15
0
5
0
10
15
5
10
20
10
15
10
20
5
5
5
15
10
10
5
10
15
5
20
15
10
10
10
0
5
10
25
5
10
10
5
10
10
10
5
10
5
5
10
10
15
10
10
10
10
10
10
20
5
32
10
0
82
10
15
32
10
20
5
5
15
5
10
10
117
15
20
10
17
25
10
27
10
47
5
47
5
10
5
10
10
100
110
5
15
0
5
10
0
15
15
5
22
20
5
5
10
30
0
10
115
12
10
15
25
15
52
15
10
5
5
5
5
5
5
15
5
10
10
20
10
15
5
52
10
15
5
15
20
20
10
25
10
10
72
10
20
15
0
0
10
5
120
15
5
10
15
5
15
10
5
5
5
27
5
15
5
10
10
5
10
52
5
102
15
10
15
37
15
5
10
52
7
0
0
0
5
15
5
10
5
45
47
0
0
32
15
5
0
5
0
5
10
17
42
20
0
10
0
5
10
5
77
15
47
5
15
5
5
10
15
5
15
5
5
5
15
10
5
120
15
5
0
0
10
0
10
10
20
15
0
10
0
5
0
0
5
20
5
