12
22
17
32
17
22
27
22
22
17
22
32
12
57
17
17
12
27
22
17
22
32
27
12
27
17
17
22
37
17
22
17
17
27
17
7
22
22
22
12
12
22
7
17
12
17
32
17
22
17
37
27
32
32
32
22
37
22
27
27
32
27
37
22
17
17
27
22
27
42
17
32
22
22
22
22
12
27
22
22
22
22
22
22
12
17
17
12
17
32
22
22
22
12
22
12
22
12
17
27
32
17
22
12
17
37
32
17
32
27
27
7
17
22
17
12
17
17
22
27
7
22
22
17
22
37
22
17
22
17
12
17
22
22
27
22
7
22
22
22
42
22
17
12
17
22
32
17
17
42
17
22
32
22
17
22
17
7
32
27
32
22
17
12
12
17
12
17
12
12
17
12
17
12
12
17
32
27
22
7
12
27
7
22
12
27
37
17
32
22
12
12
17
17
0
17
27
22
12
12
22
27
27
12
17
7
17
12
22
12
17
17
12
27
17
17
12
17
37
12
12
12
12
7
17
17
22
7
22
17
22
22
12
22
27
25
12
22
22
22
22
22
22
27
12
17
22
22
42
17
12
77
17
7
17
22
17
17
17
12
17
22
17
22
7
32
12
17
27
17
12
7
27
22
27
7
17
22
17
17
22
22
12
27
22
37
32
17
