105
92
102
132
92
172
162
85
125
165
130
135
140
157
150
132
137
142
140
172
185
185
142
127
137
167
167
127
125
75
110
107
142
125
165
82
87
95
120
167
152
165
150
115
182
132
167
30
185
167
145
132
162
90
170
157
157
152
80
35
152
80
165
92
170
145
122
130
87
140
95
67
177
192
130
187
137
110
150
150
152
147
162
160
140
190
197
165
130
120
105
137
150
120
132
115
162
150
160
80
102
127
100
147
132
127
110
182
142
107
107
165
117
185
170
70
165
117
75
167
142
145
142
117
162
170
130
90
127
137
62
37
142
55
145
90
70
110
145
147
155
172
115
145
107
107
147
165
82
112
95
125
155
127
112
32
97
105
87
162
117
117
162
130
160
152
140
120
135
137
150
97
112
122
155
107
142
125
85
147
127
102
142
122
90
92
147
160
85
140
72
147
105
117
135
110
82
122
75
100
125
70
125
35
127
137
130
142
85
90
145
137
122
92
102
105
142
80
125
107
157
142
125
142
145
87
137
152
102
102
142
127
137
137
152
140
137
117
77
105
117
152
80
127
87
130
117
137
107
127
107
105
157
140
82
145
120
117
147
167
120
147
105
87
87
90
152
142
170
160
127
172
152
152
130
132
130
137
115
147
120
162
132
160
85
107
132
162
