0
2
5
5
5
0
2
5
5
0
0
0
2
2
15
5
0
2
2
2
0
5
2
0
2
2
0
5
2
2
5
2
5
0
0
2
0
5
2
2
0
5
5
2
0
2
5
0
2
5
0
5
7
0
5
5
5
0
0
2
2
2
2
2
0
0
0
0
2
5
5
0
0
2
2
0
0
2
2
5
2
5
5
0
2
2
5
2
2
0
2
2
0
2
2
0
2
0
5
2
0
2
2
2
2
5
2
2
0
2
5
2
2
5
2
5
2
2
2
5
5
5
2
5
2
5
0
2
2
0
2
5
0
5
5
2
0
2
2
2
5
0
0
5
12
5
2
2
2
2
2
0
2
5
5
0
2
0
0
2
2
2
5
2
5
5
2
2
0
17
5
2
10
2
0
0
2
2
5
2
2
0
2
0
2
0
5
0
0
2
0
2
2
0
2
0
2
0
0
0
2
0
2
5
2
0
0
0
2
5
5
2
0
5
0
0
0
5
5
0
2
5
5
0
0
0
2
2
5
5
2
5
5
2
0
0
5
5
5
2
5
10
2
2
5
2
0
17
2
0
0
5
2
5
2
0
2
0
2
5
5
5
20
0
2
17
0
12
2
2
7
0
2
2
0
0
0
0
5
0
0
5
0
15
2
2
0
0
