70
37
22
77
62
72
45
50
65
50
67
52
50
115
37
42
80
72
65
72
125
52
50
32
57
102
62
107
85
65
110
65
60
47
55
80
22
75
32
90
57
100
47
90
70
50
57
105
65
100
47
82
55
47
80
65
62
85
75
102
65
75
77
67
70
112
67
87
65
77
72
135
95
142
122
135
107
67
97
82
140
82
82
70
82
100
52
95
102
117
112
137
122
107
77
65
67
100
87
85
95
70
70
87
105
92
85
182
57
27
112
122
95
127
95
87
75
92
122
42
65
72
82
77
112
95
110
85
90
115
45
82
105
37
102
77
150
45
55
97
72
90
70
137
90
107
60
72
77
65
97
142
115
160
97
112
42
130
77
62
80
92
72
82
75
90
75
75
82
117
130
90
82
97
77
102
65
120
92
130
70
100
142
87
87
112
102
82
145
90
82
117
130
142
92
102
77
120
105
67
85
95
100
92
107
70
100
85
87
90
100
92
70
112
115
82
62
97
177
60
90
92
67
90
90
100
97
50
165
80
50
142
107
90
57
22
40
50
72
35
37
102
70
30
102
82
65
115
102
27
37
62
60
55
67
30
65
50
85
12
35
57
60
57
82
62
40
45
55
45
10
112
45
82
67
27
32
70
37
40
50
37
40
42
27
60
72
45
