17
30
5
42
127
20
20
7
62
45
60
52
12
17
12
12
0
12
5
0
0
60
7
110
5
22
50
37
12
5
0
5
40
42
5
37
0
5
12
0
35
35
12
7
17
5
35
32
12
37
5
47
60
55
40
7
17
10
22
5
0
0
5
12
0
0
0
7
7
22
0
10
25
22
0
17
0
12
5
5
15
5
0
5
0
5
72
60
20
45
0
0
60
27
22
0
10
20
0
5
12
7
7
22
7
72
20
5
10
5
22
40
20
20
7
12
42
45
35
25
27
17
45
17
25
35
27
0
70
45
12
80
45
12
12
27
7
75
60
27
52
45
45
17
25
30
20
17
32
5
12
17
37
12
5
0
177
5
102
47
70
5
7
52
0
42
35
7
15
50
30
77
95
12
7
7
7
57
20
40
55
20
107
60
7
27
30
40
20
35
22
35
72
37
45
82
12
55
37
25
105
25
7
75
27
20
12
25
22
87
85
117
100
97
52
22
5
30
5
77
40
12
25
0
162
82
12
7
10
32
50
0
7
90
5
12
207
5
5
10
45
32
27
112
30
180
27
47
102
10
5
12
12
45
17
12
5
122
5
0
5
17
120
100
15
17
167
25
10
17
42
15
42
182
60
87
95
25
22
192
47
22
10
37
5
45
17
52
