65
75
70
120
90
60
70
45
92
50
92
80
32
77
85
47
40
52
67
40
75
42
42
42
72
95
85
60
70
55
77
82
50
67
47
95
37
37
77
65
70
127
145
57
40
52
115
47
90
70
142
102
95
55
115
77
65
90
65
87
62
42
50
55
117
82
105
112
67
100
102
90
60
55
65
85
95
80
115
42
67
105
32
82
95
97
72
107
50
35
47
92
40
65
117
52
27
62
65
65
57
110
62
47
52
72
127
65
30
92
107
87
75
102
47
72
67
107
52
95
32
55
67
65
130
62
127
42
85
95
62
70
72
70
45
85
57
132
27
47
70
90
72
77
62
52
127
57
87
80
90
90
75
70
77
97
95
92
22
97
97
77
90
140
135
90
85
65
85
70
97
117
147
92
122
65
55
110
97
120
55
100
90
80
145
100
85
110
97
107
105
85
160
90
152
110
125
70
57
40
100
95
185
65
87
95
130
110
140
112
110
170
135
125
92
122
80
122
90
85
57
62
57
122
135
155
55
85
37
12
107
85
67
52
60
32
137
87
60
22
52
75
80
62
70
65
82
22
80
80
20
90
47
52
50
27
62
22
112
5
37
42
20
55
37
45
85
32
77
42
45
35
32
65
55
57
85
32
10
27
32
30
42
65
97
57
55
57
