50
37
60
47
55
27
70
70
60
35
32
37
22
62
55
32
57
37
47
27
47
57
62
22
57
15
37
20
47
37
32
85
30
47
47
32
37
32
47
42
32
52
37
42
22
27
65
80
57
42
52
70
52
37
62
32
92
50
95
62
60
55
47
47
20
20
42
37
75
60
77
60
65
22
70
65
65
65
85
55
142
112
77
47
52
70
55
115
70
32
65
32
105
80
110
90
50
90
100
55
90
90
85
52
75
85
65
27
105
67
67
50
95
77
62
72
60
22
22
22
32
85
75
27
57
102
75
117
52
27
60
57
42
105
47
52
57
15
80
70
50
37
57
35
62
52
100
22
75
37
52
27
35
52
75
42
105
60
87
65
37
67
47
57
27
57
65
42
92
65
42
70
60
75
85
52
47
97
47
65
27
50
90
75
42
37
60
42
20
42
37
22
27
37
37
20
82
22
7
70
60
57
70
37
22
32
55
15
32
185
70
42
80
15
32
22
37
42
70
27
62
67
42
80
45
65
65
70
52
32
52
32
42
62
47
60
32
47
27
22
57
62
32
10
37
62
15
20
22
37
70
17
70
47
17
47
75
37
32
5
42
37
42
10
37
47
42
107
60
27
27
22
62
70
110
22
65
17
12
27
15
17
17
22
62
22
37
27
