170
5
210
5
100
5
5
5
0
112
5
5
172
5
5
5
5
0
112
200
5
5
10
197
212
162
120
5
10
5
10
5
5
10
237
222
5
195
10
5
5
0
172
15
5
5
0
0
0
215
5
0
212
10
222
10
10
10
10
5
5
0
10
200
10
195
232
192
90
32
5
10
220
232
10
0
0
215
5
5
15
200
5
217
5
5
5
5
5
107
5
190
5
0
170
15
152
10
10
10
0
5
0
80
10
10
97
0
0
5
127
0
10
190
10
5
5
85
210
5
5
5
5
10
112
10
10
185
0
5
0
5
0
55
15
5
225
5
5
147
0
10
10
200
10
5
220
0
5
210
157
25
10
160
0
15
5
227
220
10
10
15
200
5
5
80
5
30
27
225
172
187
0
5
5
0
65
5
10
0
210
0
5
10
102
5
5
5
5
10
5
10
10
52
5
5
5
5
10
5
122
0
10
5
10
180
0
95
212
5
185
0
5
10
0
225
0
185
10
70
147
5
222
122
177
232
5
115
207
15
5
10
100
5
240
5
0
10
0
5
15
132
15
207
15
5
0
0
15
100
5
0
10
5
0
12
10
0
195
5
5
207
15
205
32
207
0
5
10
15
5
122
10
5
205
10
5
0
5
202
155
5
10
10
60
5
227
10
