35
27
57
30
45
45
30
57
25
40
45
25
25
30
20
107
40
30
27
35
32
45
27
45
52
27
45
45
35
65
30
25
45
25
35
40
20
30
92
47
30
35
20
67
20
45
35
30
20
35
40
30
40
50
62
35
27
67
32
52
25
57
67
52
32
57
25
37
35
42
35
32
32
57
32
42
27
40
42
32
47
52
35
35
57
25
15
22
45
45
30
117
37
52
42
35
30
35
42
27
35
32
50
57
32
25
37
50
35
30
37
52
35
42
20
10
35
50
42
40
30
32
45
32
35
42
35
45
30
37
27
37
40
47
40
37
20
35
30
40
45
32
35
25
35
25
40
37
30
57
40
27
37
35
42
40
57
32
52
32
15
37
30
35
42
57
57
57
45
32
52
42
47
45
57
42
50
47
35
35
37
47
47
50
47
45
57
37
72
62
37
35
52
37
52
40
35
45
47
42
52
35
30
42
50
42
30
77
47
40
40
25
30
40
42
67
50
40
32
45
25
35
35
52
30
47
30
25
40
32
35
10
30
20
37
30
17
37
35
15
30
25
20
27
30
32
25
47
30
30
20
20
40
35
20
40
42
20
30
10
32
30
20
27
15
62
25
10
15
15
10
5
42
30
72
27
30
30
15
20
15
15
25
32
45
30
20
37
