0
5
10
10
10
0
10
5
5
10
15
0
5
15
5
0
10
5
10
10
5
5
5
10
0
0
0
25
5
5
20
5
10
0
15
10
0
10
5
10
0
15
5
0
5
15
157
5
10
27
10
5
5
10
5
30
10
10
5
5
5
27
10
10
5
0
5
0
5
5
10
0
5
0
5
5
15
5
127
5
10
10
5
5
5
10
10
10
5
20
15
10
10
5
0
0
5
0
15
5
5
5
10
5
0
0
5
15
0
0
5
5
10
5
0
10
5
5
10
0
10
0
5
10
5
5
10
10
15
5
17
0
15
10
0
0
10
0
10
10
5
5
20
15
5
10
0
0
0
5
10
20
15
0
0
5
0
10
0
5
10
10
0
15
5
5
120
10
10
5
0
15
0
15
5
5
0
10
10
5
15
15
5
5
0
10
0
5
0
0
5
5
5
10
0
0
0
0
10
15
5
0
10
5
0
10
15
5
0
10
0
0
5
0
0
0
5
10
5
5
5
0
15
5
0
5
0
0
20
0
5
0
0
15
20
5
0
0
0
0
0
10
0
0
5
5
0
0
5
0
0
15
10
0
5
0
0
5
10
10
0
0
0
15
110
5
5
5
10
0
5
0
5
5
0
0
5
10
5
5
0
10
15
15
5
5
5
5
