5
15
5
0
5
5
5
5
0
0
10
10
0
10
5
0
5
0
10
10
12
0
12
10
0
0
0
5
5
10
0
0
0
5
10
10
0
5
5
15
5
5
5
5
15
0
10
10
10
10
5
5
5
15
5
5
10
0
0
5
20
5
5
5
5
5
5
0
0
5
0
0
5
5
5
15
0
5
10
0
5
15
5
10
5
0
0
5
5
10
0
0
15
5
0
5
5
10
0
0
10
15
0
5
5
0
10
10
10
5
10
0
5
5
10
5
5
5
5
0
5
5
0
5
0
20
5
5
15
5
0
5
10
2
5
0
0
5
10
5
10
0
10
0
0
5
12
5
0
5
12
0
20
0
10
0
17
20
5
0
5
10
0
5
0
5
5
0
10
0
0
5
10
5
5
27
0
5
10
15
10
10
10
15
15
20
5
5
10
5
5
5
5
5
15
0
10
5
0
10
15
0
5
5
0
5
10
0
5
0
7
10
0
5
0
15
0
5
5
0
10
5
5
5
0
5
5
5
10
10
10
5
5
0
5
5
0
0
0
5
0
0
5
5
5
10
5
10
10
10
10
5
5
0
5
0
5
5
0
5
0
0
5
5
0
7
5
5
5
10
0
10
0
5
5
10
0
0
0
5
5
10
0
0
15
32
5
0
