57
0
17
0
82
5
205
117
20
52
0
40
20
90
10
57
12
55
0
0
0
0
62
0
17
0
0
50
0
22
37
5
52
0
57
10
10
0
15
0
42
10
0
45
92
0
80
0
15
0
0
55
2
0
15
0
0
102
15
12
0
5
17
0
0
5
0
115
0
10
85
112
0
0
5
0
60
20
52
0
5
5
10
0
0
5
162
0
32
2
27
12
0
42
0
95
25
0
0
10
85
0
97
10
0
22
35
0
0
37
5
0
5
0
0
0
5
5
65
72
0
0
0
57
0
0
30
5
10
5
0
97
0
0
115
0
0
0
0
0
72
17
10
2
67
25
0
87
27
55
0
0
70
0
67
0
22
0
5
0
40
17
0
55
92
17
92
170
0
55
0
47
0
105
15
0
120
0
0
115
22
0
12
22
0
22
0
0
7
42
32
0
35
5
0
130
12
0
5
135
22
60
0
205
0
70
5
0
55
0
45
82
0
0
0
5
0
0
0
40
12
50
0
0
57
0
45
15
65
0
82
12
0
2
0
62
0
0
10
0
0
85
5
70
42
0
30
120
50
15
85
0
52
20
0
0
0
0
45
5
75
0
27
97
7
0
0
0
87
5
0
0
77
0
55
0
0
22
0
0
5
7
0
0
0
45
0
60
