92
90
95
75
80
80
70
82
92
80
75
87
85
90
72
75
70
77
65
70
72
67
72
80
87
77
82
92
90
75
75
72
92
80
77
92
92
92
72
85
85
92
90
80
65
90
90
70
90
92
80
87
70
90
75
87
77
85
85
90
92
77
95
77
72
70
75
90
90
82
80
92
80
72
87
85
92
80
80
65
92
90
77
92
77
95
70
80
77
77
82
87
77
62
92
87
92
72
42
65
82
70
82
77
80
62
77
90
82
80
72
75
75
80
75
72
60
87
67
82
82
67
65
77
72
87
72
67
85
87
95
92
92
90
85
70
77
95
55
92
85
90
92
72
62
70
75
82
72
75
82
77
77
85
85
87
90
77
95
67
77
87
87
80
72
72
77
65
67
62
80
85
70
67
87
90
80
90
82
70
70
65
65
77
77
87
72
65
77
77
77
65
70
77
65
45
60
65
80
75
72
72
70
72
67
55
60
70
70
55
60
70
60
70
55
67
60
75
80
82
82
67
62
77
82
77
75
62
82
65
65
65
72
62
77
70
85
80
65
77
67
80
60
80
77
72
80
75
62
70
72
72
80
77
60
62
75
70
67
60
77
80
65
80
70
67
70
62
62
70
60
85
67
75
75
72
80
77
55
52
70
75
65
70
50
77
60
67
