95
87
95
87
87
97
82
82
90
97
92
82
87
97
97
97
95
92
87
95
92
92
95
97
82
92
97
100
85
95
87
85
90
95
92
87
100
95
95
95
95
87
97
95
97
92
97
80
97
92
97
87
65
80
97
97
92
82
95
80
90
97
97
87
82
62
80
72
87
97
90
85
90
97
70
92
95
75
100
90
95
95
97
85
85
95
95
97
95
87
97
95
95
80
85
80
75
95
97
95
97
97
87
82
80
95
97
95
95
95
72
92
95
95
100
97
72
87
82
97
87
72
95
95
75
95
92
72
92
97
82
87
97
95
97
92
85
95
62
92
92
85
82
97
77
95
87
95
75
85
85
95
97
90
82
95
100
95
90
92
77
97
92
97
95
62
85
92
97
85
95
92
87
82
82
95
95
87
82
90
95
90
97
92
82
87
95
87
95
100
87
95
85
97
85
97
80
95
87
85
82
95
92
80
92
97
97
87
90
85
92
92
95
92
97
80
82
100
85
92
82
97
95
92
97
87
87
87
95
92
97
82
97
82
97
82
77
85
95
97
95
87
92
85
85
90
85
87
100
80
95
97
95
95
97
87
95
87
97
97
97
77
90
97
95
97
82
97
80
97
95
82
92
85
92
80
90
85
95
95
82
95
97
95
97
87
87
95
