52
77
50
70
0
47
47
22
27
52
57
42
32
52
90
102
67
47
35
52
97
80
70
57
107
47
57
105
127
105
97
57
105
45
80
52
67
52
52
80
65
52
17
17
27
60
47
42
37
70
95
87
65
100
100
22
60
90
97
65
100
70
65
67
70
42
70
32
47
80
75
70
107
65
47
65
0
47
60
47
52
70
55
75
37
45
67
47
82
52
70
15
42
112
90
152
42
70
67
42
65
85
47
70
60
52
122
90
87
80
42
62
45
60
47
47
70
107
62
90
122
122
42
92
140
52
67
42
47
85
52
95
65
90
75
65
75
47
72
102
65
80
70
67
0
47
22
65
37
32
65
22
0
20
47
65
52
67
70
67
72
85
47
47
0
95
70
62
117
45
117
47
65
70
40
22
50
65
42
107
97
52
75
0
90
122
87
90
50
50
102
95
95
70
50
47
7
67
80
87
42
127
70
60
105
117
42
45
47
47
60
22
47
95
47
67
67
75
0
90
47
117
65
60
47
37
87
62
52
70
65
42
85
90
42
85
47
45
77
87
70
55
70
50
67
57
95
22
57
0
75
80
60
10
47
57
50
27
47
50
35
15
55
47
57
82
47
75
35
35
12
47
55
70
57
22
17
72
32
30
45
12
45
30
32
22
42
80
