47
32
60
42
75
57
62
47
22
115
52
52
47
72
82
57
100
72
80
42
32
110
22
52
125
57
52
90
70
82
87
12
85
47
32
72
22
52
52
82
125
57
32
82
22
130
105
80
57
52
62
155
42
42
57
42
27
125
62
82
47
37
62
105
80
62
57
72
72
32
80
77
32
67
32
120
110
62
42
90
95
47
80
47
32
90
62
155
120
75
95
42
37
125
135
67
192
22
72
47
100
67
67
27
77
115
37
37
147
27
77
37
37
17
115
67
7
7
22
22
12
27
47
32
32
17
7
17
42
17
42
32
12
17
32
57
52
17
52
27
17
37
37
17
12
22
27
62
47
62
27
42
22
12
27
17
32
22
22
67
12
32
52
27
42
37
27
52
32
27
37
7
22
37
37
22
32
17
27
22
52
17
37
37
12
22
47
17
27
12
17
37
37
27
52
37
32
62
22
32
32
22
47
12
17
62
27
12
37
27
27
37
52
42
27
37
12
12
27
27
27
32
17
37
12
27
12
37
27
37
27
27
12
52
17
37
17
115
42
42
27
32
72
37
32
12
22
27
12
82
27
27
47
32
22
42
52
37
52
55
22
37
17
22
22
17
7
12
17
57
22
77
27
60
82
7
22
52
57
17
27
27
32
12
27
27
27
17
