15
20
15
30
10
15
5
15
15
10
10
25
25
15
35
10
10
20
20
15
15
37
20
10
10
35
25
25
20
25
20
20
10
20
25
10
10
32
20
30
25
20
20
25
10
52
25
25
10
20
20
20
25
20
35
22
25
20
25
15
30
15
20
10
40
10
10
25
15
40
20
20
15
35
20
15
20
25
25
15
0
25
222
20
30
20
20
25
15
30
20
15
30
15
15
25
20
25
20
30
20
20
20
20
20
27
10
20
10
10
10
5
20
15
15
10
25
27
10
15
10
15
20
25
5
20
20
20
15
25
25
45
15
45
10
15
10
30
15
10
10
10
10
10
25
20
25
37
20
20
5
15
25
30
15
15
20
20
10
20
15
15
20
10
10
25
25
15
20
15
15
15
15
20
20
20
57
25
15
10
15
10
10
20
10
20
20
20
22
17
15
20
25
35
20
20
17
40
25
32
62
30
37
30
15
20
10
25
25
20
25
5
20
10
25
10
20
25
32
40
32
10
20
15
15
15
15
15
10
15
35
10
15
15
15
25
15
10
10
17
15
10
15
20
25
30
10
10
20
22
15
15
20
20
25
30
20
25
15
10
10
15
15
20
15
10
25
20
25
15
27
10
30
10
27
25
20
30
15
15
20
15
10
25
20
25
20
20
