12
25
10
20
7
7
25
7
12
117
10
17
22
7
12
17
10
17
30
5
7
20
7
27
205
5
7
12
32
12
172
10
40
17
5
22
7
12
17
12
10
17
7
27
17
12
7
5
12
17
12
12
35
12
5
5
17
17
7
22
12
12
7
20
17
22
17
20
20
25
17
25
17
7
12
20
22
37
12
12
20
5
7
22
37
7
2
5
10
12
15
5
5
12
7
30
17
12
25
25
15
22
12
22
25
17
17
17
5
7
17
10
7
12
17
17
7
12
17
12
5
10
7
7
12
25
20
17
7
17
17
12
12
12
5
22
25
7
0
2
20
12
12
20
17
30
10
12
10
12
7
12
12
12
12
17
17
5
5
12
25
12
20
17
17
7
7
25
17
5
17
37
10
17
17
0
12
30
10
7
7
22
12
22
7
12
15
22
30
22
7
7
0
7
17
12
17
17
12
25
12
17
12
27
7
22
10
17
85
20
12
27
12
17
10
17
15
7
17
17
12
12
15
12
15
12
5
10
5
35
7
12
12
12
15
12
5
12
0
17
35
12
7
20
7
0
237
67
22
7
7
12
15
5
17
12
22
12
17
7
22
7
5
5
20
22
45
52
10
20
17
7
17
20
12
32
12
7
5
17
12
15
202
17
17
10
20
12
