127
135
115
135
120
140
92
140
40
142
87
107
135
140
137
160
135
85
97
77
130
102
7
107
85
127
102
155
137
110
122
110
87
132
190
40
75
190
120
50
157
125
57
57
70
62
97
60
37
102
172
65
45
155
55
140
97
142
137
117
150
130
145
92
117
207
175
82
77
55
132
82
132
100
122
102
162
72
152
107
125
135
92
140
140
70
105
190
187
70
135
180
90
160
175
160
157
157
112
140
120
90
107
45
137
130
95
35
117
137
142
107
107
30
165
212
122
7
67
142
40
130
152
72
130
145
180
145
112
147
25
165
130
137
147
165
102
135
137
100
145
167
17
100
97
120
127
115
172
45
175
100
180
75
120
105
117
125
155
137
30
85
95
155
97
110
137
117
112
90
80
80
60
147
75
2
82
85
142
77
97
140
122
97
117
127
160
72
132
172
172
150
172
150
147
15
137
175
77
165
180
162
110
147
137
180
155
195
152
165
127
140
137
120
112
117
140
75
122
150
182
162
57
80
57
85
15
77
67
40
80
92
97
117
60
105
52
137
110
172
67
145
20
122
135
77
55
57
82
87
112
80
147
65
67
40
92
70
72
82
57
27
90
95
120
100
107
45
85
120
45
87
77
85
55
77
87
25
45
102
40
100
112
152
115
50
20
72
