0
0
0
2
5
2
0
5
0
0
10
5
0
0
5
0
0
5
10
0
5
10
0
2
10
0
0
5
10
12
5
5
10
5
5
5
2
0
2
2
5
7
2
0
5
10
0
0
0
0
0
0
10
7
5
5
7
10
2
7
5
5
10
0
5
12
0
7
2
2
0
0
10
0
5
0
2
10
10
0
10
12
5
2
2
2
5
10
2
2
10
0
5
2
0
5
12
2
2
2
0
5
7
2
0
2
5
2
7
2
5
12
2
12
0
5
0
5
5
0
0
5
5
2
5
5
7
15
7
5
10
2
5
12
0
7
0
5
12
0
10
0
5
0
5
2
10
7
7
2
10
10
0
0
2
0
5
0
7
7
5
5
2
2
5
5
2
10
5
0
5
7
7
0
10
0
5
7
2
0
10
5
2
5
2
5
10
2
7
10
2
0
10
2
2
5
5
5
2
0
0
5
7
5
5
2
5
0
0
5
5
5
2
2
2
0
0
5
0
5
10
10
0
0
5
2
2
2
2
0
0
5
2
5
5
5
7
0
10
5
2
0
0
5
5
2
0
0
5
0
2
2
10
2
2
0
0
0
2
2
5
5
5
5
2
5
0
0
0
5
0
5
5
0
2
0
0
2
2
5
0
0
10
2
5
0
5
0
