5
0
5
0
0
0
5
0
0
0
10
10
5
0
0
0
12
5
5
5
5
5
5
5
10
0
10
10
5
7
10
0
5
10
5
12
5
0
5
5
0
12
10
10
10
0
0
32
5
5
10
10
10
17
5
10
5
10
0
15
5
5
12
15
10
10
10
10
20
5
5
10
10
5
37
10
5
5
0
0
5
0
5
0
5
5
10
0
0
5
5
0
5
5
10
7
7
0
0
5
0
7
5
5
5
0
0
0
5
5
0
0
62
5
0
10
10
5
5
0
12
10
5
12
7
5
5
5
0
5
5
5
5
0
10
10
5
10
0
0
5
5
5
0
5
10
5
5
0
0
10
52
5
5
0
10
5
5
7
10
15
5
0
10
5
5
10
5
5
0
10
5
5
5
7
0
22
5
12
5
5
10
0
0
12
10
5
5
0
5
5
5
12
10
10
15
7
10
0
10
72
7
57
12
10
5
10
7
5
7
5
5
10
10
5
0
0
10
0
5
5
10
0
7
5
5
0
10
5
5
12
12
5
10
10
0
5
42
5
10
5
27
0
10
5
5
10
10
0
7
5
42
5
22
0
10
10
5
5
0
5
0
5
12
7
0
10
5
10
0
5
10
5
10
12
5
5
5
7
5
0
0
0
10
7
0
5
0
