0
5
5
5
0
5
5
10
5
0
5
5
15
0
5
12
5
5
5
10
5
5
5
0
5
0
5
0
0
5
5
5
0
0
0
0
5
0
0
0
5
0
5
5
0
0
5
0
5
5
5
12
0
0
5
5
0
0
0
0
5
0
0
5
5
0
5
5
5
5
2
5
0
5
5
5
5
5
0
0
0
5
5
5
0
0
2
5
0
5
5
5
5
5
5
5
2
5
5
5
0
12
5
5
5
5
5
5
0
0
5
0
5
5
5
0
5
0
0
5
0
5
5
5
5
0
5
5
5
5
5
5
0
5
5
5
15
5
5
0
5
5
5
10
5
5
5
0
0
12
5
5
5
5
12
5
0
5
5
0
5
0
10
5
5
17
5
5
0
5
0
5
5
5
5
0
0
17
0
5
0
5
5
0
17
5
5
5
5
0
0
5
5
5
0
0
0
0
10
5
5
17
0
0
5
0
5
0
5
5
5
5
0
0
5
5
5
0
0
0
15
0
5
0
0
0
5
0
0
0
5
5
0
5
5
0
0
12
0
0
12
0
0
5
5
5
5
5
0
5
5
5
5
7
5
0
5
0
5
0
5
5
5
5
0
12
0
5
0
0
12
0
2
22
0
5
5
0
5
0
2
0
0
0
5
5
5
5
