10
2
10
2
20
2
5
5
7
5
5
27
15
5
15
10
20
10
7
12
7
20
15
12
10
7
7
12
20
10
5
2
17
2
15
7
12
2
10
12
5
0
7
27
17
20
27
0
25
12
10
22
17
27
5
27
12
7
15
17
5
7
20
22
7
2
20
17
7
7
20
0
17
10
15
17
25
5
5
2
22
10
20
25
10
22
20
12
7
17
22
12
7
10
35
25
22
25
5
7
32
20
5
20
10
7
20
22
10
32
30
12
10
12
15
17
12
10
17
12
7
12
15
27
7
0
7
5
7
7
7
10
5
17
12
5
15
2
0
20
12
2
0
5
12
0
5
15
2
2
5
5
7
7
10
7
5
0
20
15
7
10
7
10
5
7
7
2
12
15
12
12
2
7
7
7
5
7
7
5
2
5
30
5
10
15
15
7
12
5
2
0
5
2
7
7
7
2
2
2
7
7
25
10
5
2
5
10
2
2
5
7
5
7
5
2
12
5
20
0
12
0
10
10
10
2
2
2
25
27
12
5
12
2
2
5
12
7
32
7
5
15
12
25
12
2
5
12
25
10
17
12
0
5
20
7
7
5
7
2
7
7
10
17
15
17
12
15
17
5
12
5
10
7
2
7
2
2
5
15
17
12
5
15
5
7
5
2
