0
0
0
0
0
0
0
0
0
0
0
0
0
75
135
165
70
112
37
55
232
72
80
147
65
80
205
30
37
140
142
180
107
115
72
75
120
102
97
72
100
207
27
90
120
125
162
42
67
127
117
52
22
50
77
157
117
135
102
145
55
102
105
117
167
140
132
180
132
180
180
170
135
135
195
152
112
172
210
225
112
170
142
117
140
165
162
97
140
110
112
150
222
212
215
227
147
120
127
155
107
192
70
162
187
52
42
137
182
157
115
150
200
205
160
132
180
232
167
137
130
180
105
162
180
100
117
125
147
147
187
80
127
157
205
165
177
242
85
132
77
157
110
117
80
190
152
145
125
60
107
170
102
102
172
162
100
132
122
150
82
55
107
35
170
112
130
47
187
215
167
137
117
80
55
130
72
70
90
147
62
195
165
102
97
50
147
197
72
87
130
100
140
155
135
5
202
145
110
90
115
115
180
72
102
127
107
130
105
107
120
127
147
215
105
67
132
100
55
62
60
135
50
125
60
122
102
220
205
157
102
85
82
137
227
97
92
180
47
105
42
160
67
70
120
67
165
27
182
37
17
127
60
22
65
65
135
87
135
122
47
70
37
75
70
185
27
52
57
60
37
132
127
120
97
42
70
105
102
22
152
170
50
45
102
55
27
70
