5
0
5
5
0
0
5
0
0
5
5
0
0
0
5
5
0
0
5
0
5
0
0
0
0
0
10
0
15
0
0
10
5
5
5
0
0
0
5
5
0
10
5
5
0
5
5
5
0
0
5
0
10
5
5
10
0
5
10
0
0
0
10
5
5
10
10
0
0
0
0
10
5
5
5
5
0
47
5
10
15
10
17
5
0
0
0
0
0
0
12
5
10
0
5
0
5
5
5
0
0
5
5
12
0
0
10
10
5
5
0
10
15
20
125
0
5
0
5
0
0
0
5
0
10
32
0
0
0
0
0
0
0
5
0
0
0
20
10
5
10
5
10
5
10
12
0
0
5
17
0
0
0
0
0
5
5
5
0
5
0
42
15
5
10
37
5
10
5
5
5
0
5
0
10
5
0
0
0
5
5
5
0
5
7
52
10
5
0
10
5
0
12
0
5
5
0
10
10
5
0
0
0
5
10
0
5
5
10
27
5
5
5
0
0
0
5
5
0
0
5
0
10
5
0
5
5
20
10
0
15
10
5
5
10
5
10
15
0
5
0
0
5
0
10
42
5
5
0
5
10
0
0
0
10
0
5
10
10
5
5
0
5
5
0
0
0
0
0
5
0
0
0
5
0
0
0
0
0
0
0
5
0
0
0
82
5
0
