42
27
72
55
82
32
97
55
37
37
60
40
52
57
55
72
57
32
12
60
80
37
12
37
47
42
32
12
12
37
70
42
67
37
22
27
27
37
37
30
42
37
22
17
32
57
37
30
12
32
37
47
27
130
47
22
37
17
37
65
95
42
47
12
40
55
20
62
67
72
17
77
32
27
67
32
42
37
42
87
72
70
27
65
60
62
32
62
32
27
52
22
57
65
22
47
67
22
57
32
45
65
22
22
27
42
30
45
42
45
115
47
97
37
17
47
55
42
22
45
37
82
32
40
37
67
55
35
32
37
32
52
37
45
67
72
52
27
72
62
52
50
75
27
67
22
52
50
35
67
57
37
67
47
27
42
32
32
47
37
47
47
35
37
47
52
47
52
50
42
57
57
42
35
57
32
72
47
45
67
60
47
37
37
32
55
77
65
45
12
45
57
52
70
72
47
77
55
77
27
27
32
40
47
42
22
42
7
45
37
47
55
40
32
57
42
22
37
22
42
32
27
37
32
12
50
17
12
12
42
22
22
27
17
22
52
37
52
162
47
22
22
27
7
47
22
55
12
22
25
37
22
42
17
22
7
47
2
27
52
22
37
57
17
17
27
12
32
7
7
132
72
20
65
52
12
7
27
7
17
32
32
30
52
32
67
140
75
