47
165
162
140
125
152
97
142
127
197
112
125
35
137
95
100
92
165
100
125
72
150
135
120
167
162
145
192
145
87
80
172
140
117
125
117
110
142
220
167
160
137
170
207
117
167
87
112
127
130
92
142
117
100
102
112
92
110
87
135
132
37
110
105
172
125
132
135
122
145
120
107
135
80
80
105
207
100
185
137
112
205
85
157
102
107
100
132
120
50
60
132
102
100
152
115
82
105
140
170
90
62
152
185
180
90
155
162
67
112
155
182
127
112
162
132
37
107
62
132
115
82
90
82
95
160
192
107
132
50
157
160
142
90
135
87
155
185
107
170
95
157
127
142
172
135
110
187
57
105
167
125
97
135
190
172
57
92
115
105
172
182
97
180
192
142
165
150
142
135
132
167
105
142
115
195
85
165
152
195
90
172
82
117
160
147
52
125
175
77
92
155
180
100
77
167
147
135
92
137
85
135
162
125
127
127
80
135
120
155
172
160
75
142
152
77
127
152
82
115
122
77
127
67
87
132
67
127
32
42
110
62
82
110
37
82
115
187
35
150
102
130
107
50
65
100
105
122
75
65
45
17
97
67
50
70
205
30
160
110
50
57
32
122
57
130
72
147
97
112
45
17
52
162
65
72
35
62
35
40
50
22
67
22
132
25
60
40
