22
22
70
87
32
12
2
22
22
182
12
177
60
105
7
25
57
42
97
162
37
32
37
22
117
12
27
60
22
112
165
100
27
45
100
42
82
7
82
27
17
80
32
30
100
27
145
27
52
65
70
52
37
17
17
102
65
45
47
30
122
22
90
17
22
27
52
27
22
22
137
27
152
32
45
65
27
47
40
0
115
27
22
65
45
42
27
80
42
32
90
42
47
45
37
25
60
52
42
32
25
90
40
75
125
127
65
60
70
45
75
27
155
22
50
90
85
42
75
27
37
177
37
60
40
115
70
50
35
15
147
25
42
65
75
55
37
105
75
27
45
47
32
17
32
35
50
42
42
37
55
112
37
35
55
60
42
67
57
42
45
45
12
85
75
95
140
117
160
65
32
52
32
45
50
27
55
35
20
42
75
145
65
70
70
92
40
112
40
152
47
42
115
60
67
62
32
70
65
60
45
50
65
40
32
27
52
32
52
55
55
92
32
32
70
55
72
90
65
80
62
37
27
22
60
0
45
2
70
95
32
35
50
52
47
110
55
42
17
47
187
37
47
42
22
70
67
55
70
27
47
32
137
0
55
52
35
192
45
35
65
90
25
152
40
47
85
42
92
37
22
27
20
40
60
37
190
0
25
12
55
187
52
45
27
50
65
45
