2
12
12
12
22
12
7
12
7
15
7
12
2
7
12
12
7
12
17
12
17
15
12
12
12
7
12
12
12
2
7
7
12
7
12
12
7
12
7
20
15
12
67
7
7
12
12
12
7
7
7
7
7
12
17
7
7
17
17
22
12
10
12
12
17
7
7
7
7
12
12
7
12
10
22
12
12
12
22
7
17
10
7
7
7
12
7
7
12
12
22
12
7
15
7
17
12
12
17
5
7
12
12
10
10
7
7
12
17
7
7
7
12
17
7
17
5
17
7
7
17
7
7
7
12
17
15
7
7
15
12
25
12
7
15
7
7
15
7
7
20
22
10
12
7
7
15
7
17
7
12
12
7
17
7
7
12
7
7
7
12
15
12
12
12
12
7
7
12
7
7
12
12
12
7
7
12
2
7
7
12
12
7
15
12
7
7
7
17
12
7
12
15
10
7
7
12
12
10
12
17
15
7
17
15
12
17
12
12
12
2
12
2
17
17
12
7
15
17
7
7
17
12
7
7
12
17
7
7
12
12
7
12
7
7
10
12
12
7
12
7
15
7
12
12
12
12
12
7
7
15
12
12
12
12
12
12
20
7
15
7
7
7
12
17
12
17
12
7
7
17
7
7
17
7
17
12
7
12
7
12
12
15
7
2
7
7
12
