0
5
0
5
0
0
5
0
5
0
10
10
0
5
0
0
10
12
5
5
0
0
0
5
0
5
5
5
5
15
5
5
0
5
10
5
5
12
10
0
7
10
0
0
0
5
5
0
0
5
5
15
5
5
0
10
0
5
5
0
5
5
5
10
0
5
0
5
5
5
0
0
5
7
0
7
27
5
5
0
0
0
5
0
0
5
5
5
5
7
0
5
0
5
0
20
0
5
0
0
12
0
0
0
17
0
15
20
15
0
0
5
0
0
5
5
10
2
5
0
0
10
0
0
10
5
7
5
5
0
0
0
10
5
0
0
0
0
5
7
0
5
10
22
5
5
0
0
5
5
5
17
5
5
5
5
0
0
10
10
0
0
5
7
5
0
0
0
0
12
5
0
0
10
0
0
0
2
5
10
5
10
17
15
0
12
0
5
5
0
5
5
5
0
5
0
0
0
0
0
0
5
5
7
7
10
5
0
0
0
0
5
0
5
5
0
0
0
5
5
0
0
0
0
0
15
7
0
0
7
5
5
0
5
0
5
0
0
0
12
0
0
5
10
10
5
5
0
5
5
5
5
0
0
0
0
0
0
0
5
0
5
7
5
5
0
12
12
5
27
0
0
5
5
0
0
0
5
0
0
5
0
5
5
0
0
0
0
