185
25
47
15
52
15
80
27
90
42
5
27
60
85
52
107
37
115
80
185
110
80
42
32
100
27
137
107
15
47
57
100
167
42
147
67
42
72
132
40
197
115
47
80
37
100
132
152
47
57
120
25
25
140
165
117
157
125
25
117
80
67
167
37
30
0
10
22
120
200
27
80
27
52
47
20
87
10
170
20
142
90
125
42
62
172
27
22
122
42
180
122
12
20
85
105
70
25
177
142
117
85
137
130
105
90
190
0
100
32
95
35
187
147
147
37
10
82
85
107
70
95
162
157
170
100
120
42
102
75
70
100
125
150
157
10
160
37
117
140
75
0
70
37
47
70
117
0
80
15
95
137
137
187
115
5
27
115
5
67
0
110
100
105
32
0
125
80
110
62
152
25
5
155
27
0
5
15
167
115
130
190
90
80
0
117
100
160
95
117
42
175
47
157
127
27
90
5
70
117
107
122
62
65
172
142
37
152
72
10
32
82
62
152
150
147
122
10
72
30
130
37
32
175
122
60
122
87
130
15
165
132
85
27
20
165
127
95
85
110
105
47
97
162
155
20
95
90
0
85
82
142
162
22
167
122
62
67
25
75
105
125
67
57
80
85
52
30
42
25
5
67
20
55
167
172
30
97
42
115
27
67
40
27
155
105
10
135
