2
2
22
2
2
2
2
0
22
10
10
2
0
0
2
7
0
2
0
0
12
10
0
0
40
7
7
0
22
2
2
10
0
17
27
2
2
0
20
27
2
7
2
7
5
45
7
7
0
0
5
7
2
2
35
2
2
2
0
5
22
15
15
12
20
22
2
10
0
27
12
2
0
0
20
30
2
0
2
2
0
20
12
5
5
0
0
20
32
5
2
2
0
20
12
12
22
30
0
0
5
0
0
0
0
7
7
0
30
0
0
0
27
25
5
2
2
0
17
10
5
5
0
0
17
30
2
10
0
0
27
12
7
0
0
0
35
27
5
2
0
0
7
12
17
10
0
0
20
45
0
22
15
2
7
2
2
17
20
12
0
2
0
0
0
22
22
5
2
5
0
12
15
12
0
5
0
5
35
2
2
7
0
0
22
12
12
20
15
20
0
25
2
7
0
2
0
2
0
0
17
17
2
2
2
0
0
0
0
32
10
2
12
27
2
0
20
20
7
0
0
0
0
22
20
0
0
0
7
17
12
0
22
2
2
5
15
20
2
5
0
0
17
27
5
2
2
0
5
17
20
5
5
0
0
7
22
0
2
2
2
0
12
15
12
7
5
17
12
32
10
0
2
22
52
0
0
0
5
10
12
15
0
17
62
10
2
0
