5
0
12
12
17
15
17
10
10
5
5
10
12
0
12
0
10
15
12
5
5
5
5
7
12
5
12
5
5
15
10
10
17
5
5
5
22
12
5
5
10
10
17
0
15
10
5
12
5
10
10
17
5
10
12
5
5
17
15
10
0
10
15
10
10
10
17
5
5
12
10
5
10
5
5
12
10
5
5
22
20
10
10
10
5
10
10
10
7
10
12
5
12
5
10
12
10
10
5
0
10
15
20
5
5
15
0
10
10
12
17
10
5
15
17
12
5
12
15
5
10
5
15
10
15
5
12
10
5
10
15
0
10
10
5
5
10
10
5
12
12
15
17
12
17
5
5
7
12
12
7
7
12
5
12
7
7
5
5
5
7
10
12
15
12
5
15
15
10
12
10
10
12
12
5
10
10
17
10
10
12
7
10
5
5
7
10
12
12
5
12
17
10
5
12
10
7
7
12
7
10
15
10
12
17
5
7
17
5
17
12
10
7
17
5
5
10
17
12
15
12
10
17
5
10
5
5
5
12
15
5
12
10
5
12
15
5
12
12
10
5
10
10
5
5
5
20
12
10
12
5
12
5
12
12
5
12
0
12
10
0
5
17
10
10
5
12
10
5
10
7
10
15
12
15
12
5
7
10
5
15
10
10
7
5
0
12
5
