5
0
5
0
0
0
0
0
20
25
0
0
10
0
20
5
0
0
10
15
10
15
5
0
0
15
5
5
0
5
0
5
0
10
67
0
0
10
0
20
15
0
10
5
0
0
5
5
0
15
15
0
25
5
15
15
30
47
10
47
10
42
10
30
10
0
15
15
37
15
32
15
15
57
5
5
5
15
15
10
10
10
0
52
15
0
10
10
20
35
10
5
10
0
20
0
10
25
10
10
10
0
15
20
15
0
5
20
30
15
10
37
0
0
20
15
10
20
5
15
10
15
10
15
5
0
5
5
0
20
10
15
30
0
37
5
0
5
5
10
10
10
0
5
15
10
15
5
5
20
10
5
10
5
5
10
10
47
5
10
10
5
5
5
10
5
47
5
5
5
15
5
0
10
0
10
15
5
10
0
5
25
5
5
0
0
37
10
25
5
0
5
10
0
5
5
10
25
30
0
5
5
10
5
5
0
10
0
10
15
15
20
0
10
10
0
5
15
10
5
5
0
5
5
5
0
52
15
20
10
5
10
15
30
37
10
25
10
5
0
10
10
77
20
10
37
0
5
42
20
0
5
10
5
10
0
25
15
5
10
0
10
5
15
42
25
42
52
47
5
5
0
20
5
5
0
10
0
0
0
15
5
0
0
5
10
5
0
