20
5
0
30
22
42
0
15
0
0
5
15
0
0
0
0
0
0
15
5
5
5
5
5
0
0
0
5
10
5
0
27
10
15
5
0
10
35
15
10
32
5
27
20
10
0
7
5
12
5
15
0
0
0
5
5
15
30
17
5
10
10
5
15
12
0
0
5
10
10
15
12
12
17
10
5
10
10
17
5
5
5
10
25
5
5
12
5
10
0
10
5
5
5
12
5
20
0
12
0
5
20
5
5
5
5
10
5
0
5
0
5
5
10
5
17
5
5
25
5
10
0
17
10
5
15
5
0
5
15
17
5
10
5
5
15
5
5
5
5
5
22
0
0
12
0
7
5
10
5
5
5
5
15
17
15
15
25
10
10
7
22
5
10
5
5
0
5
5
10
0
12
0
10
10
5
5
10
15
0
10
5
5
0
0
15
7
5
25
5
5
5
25
5
0
10
0
5
10
17
12
10
0
12
7
10
12
10
5
5
5
5
15
0
12
7
5
15
5
10
30
5
5
10
5
0
5
32
10
0
20
5
15
15
12
0
25
15
15
5
10
5
5
15
0
0
2
5
0
0
5
10
12
5
0
0
15
0
2
0
17
5
5
0
0
25
10
25
0
20
12
0
15
10
15
20
0
17
5
5
17
0
7
5
0
12
0
30
