10
5
5
7
30
120
100
12
5
12
0
12
0
5
7
5
25
127
0
5
5
0
5
0
5
0
5
15
0
5
5
7
0
5
10
5
7
0
2
5
5
5
0
5
5
10
10
10
10
0
32
5
5
5
10
0
5
5
5
5
0
5
0
0
5
5
5
5
0
0
5
0
0
5
0
10
5
7
10
5
5
5
10
10
10
0
7
5
5
5
5
5
5
5
5
5
7
5
7
5
5
0
7
0
10
5
0
5
10
7
0
10
0
5
5
0
0
5
0
10
5
5
5
10
0
0
5
5
5
57
5
0
5
7
5
7
10
0
0
5
7
0
0
5
0
10
5
5
0
5
5
7
5
10
5
0
5
5
10
0
5
5
5
10
7
0
5
5
10
5
5
5
0
0
5
5
5
5
5
5
5
7
5
10
10
0
7
5
5
7
10
5
2
5
12
0
5
12
10
5
5
0
7
5
0
0
0
10
0
0
10
7
5
12
5
5
2
0
5
7
5
10
0
5
0
7
0
5
0
0
12
5
5
5
10
5
5
0
5
10
5
5
0
5
10
0
0
5
0
0
5
5
0
50
0
5
5
10
10
10
5
7
7
12
2
5
0
0
5
2
5
0
5
0
5
0
2
7
5
0
7
7
5
10
5
5
5
5
