0
0
2
0
0
7
0
0
2
7
0
7
7
0
7
17
0
7
12
7
0
0
2
0
2
97
0
2
2
0
0
12
0
230
7
0
2
2
17
0
0
0
12
2
0
0
0
2
7
0
2
7
0
2
2
2
50
0
7
7
7
2
0
2
0
22
2
7
0
7
2
0
17
7
0
0
0
12
2
2
7
2
7
7
2
0
2
2
17
2
2
2
2
2
17
0
0
0
2
12
2
2
7
2
2
17
0
2
235
0
2
0
2
2
0
2
2
7
22
2
0
0
12
2
2
7
7
0
2
0
0
2
7
2
2
0
0
0
7
2
0
7
2
7
2
0
0
2
2
2
2
0
2
12
2
2
0
92
12
17
2
2
0
2
0
7
0
12
2
140
0
2
0
0
2
2
2
2
2
2
7
0
2
7
7
0
0
2
7
0
0
2
12
2
2
2
0
0
2
7
27
0
0
2
12
2
0
0
0
2
2
7
2
0
2
2
0
0
0
0
2
12
0
0
2
0
7
22
2
7
0
0
0
0
0
0
207
0
0
2
2
2
17
0
2
2
0
0
2
22
0
2
157
0
2
0
2
0
2
0
230
0
0
12
2
2
7
2
2
7
0
17
0
2
7
0
2
2
7
2
0
2
0
12
2
2
2
2
