15
10
10
5
10
10
5
5
10
20
15
10
0
20
10
25
30
25
15
5
25
5
5
10
10
0
25
15
5
37
10
45
25
5
15
5
10
10
20
15
5
10
10
10
15
5
10
10
10
20
15
15
5
25
5
0
10
10
20
15
10
0
5
15
25
5
20
10
10
15
5
47
0
10
0
10
5
0
15
15
5
10
15
15
0
25
20
10
15
15
5
15
10
15
10
5
5
67
5
30
15
5
10
10
15
30
15
10
20
5
10
10
20
10
20
10
40
10
15
15
40
52
22
20
15
20
47
57
30
20
20
40
40
10
52
40
30
10
35
30
10
25
30
42
47
42
42
25
20
20
20
30
35
40
20
20
25
47
40
15
25
20
45
35
62
72
45
30
47
57
5
15
25
45
40
25
47
47
15
30
30
20
30
25
47
57
87
35
20
40
15
47
67
15
10
25
42
10
47
40
10
57
15
62
47
10
25
15
62
52
40
10
10
42
10
47
10
30
30
35
30
57
15
35
35
20
15
15
40
20
10
10
0
10
30
15
35
20
10
40
20
20
35
20
5
32
35
45
15
15
42
15
20
30
10
15
15
10
10
15
10
15
42
5
0
10
10
20
0
5
15
15
20
30
5
5
5
15
10
10
10
10
10
30
5
10
0
25
