35
27
42
35
30
27
42
25
22
30
35
25
30
25
25
30
27
42
25
35
25
20
20
60
37
50
30
30
30
40
20
40
30
20
25
52
25
30
27
30
25
30
27
35
20
40
47
20
20
32
15
27
47
20
30
30
25
25
25
25
42
20
35
40
30
20
25
25
35
30
47
30
30
37
32
20
20
47
15
25
25
20
37
25
37
20
35
25
30
30
37
42
42
15
27
40
25
30
25
12
32
40
30
60
20
15
25
35
25
52
30
10
22
20
47
30
25
20
30
25
20
10
25
17
30
20
20
30
22
35
32
37
20
47
20
30
20
52
20
42
20
20
15
25
25
47
22
15
35
27
35
52
20
47
35
25
20
35
32
40
22
10
32
22
25
25
27
42
27
22
22
20
37
35
25
17
27
32
30
20
27
30
25
20
25
25
30
35
25
32
30
47
45
30
42
25
20
60
30
117
37
17
27
37
37
35
30
30
30
27
25
20
42
192
30
20
35
30
25
32
25
20
30
20
25
22
22
20
20
30
25
25
25
37
22
27
45
32
30
27
20
27
30
22
25
20
20
37
20
32
32
32
30
30
25
27
15
42
22
30
32
20
25
25
22
20
42
15
20
20
40
25
25
37
25
42
35
27
37
32
32
32
57
27
15
30
30
25
