7
7
12
17
22
12
22
17
12
12
17
17
102
17
22
22
12
17
7
12
12
27
37
5
17
12
12
7
7
12
17
37
12
22
7
5
12
17
37
12
22
5
22
7
7
22
32
5
0
5
22
22
27
22
17
17
22
32
12
52
17
17
22
32
27
42
17
17
32
12
32
37
32
22
37
32
62
22
52
27
32
32
42
7
37
47
22
12
47
42
17
57
22
32
32
22
32
42
42
37
37
22
32
17
32
27
37
27
27
57
22
32
27
47
32
17
37
32
42
62
32
42
17
57
62
42
32
32
27
62
42
12
52
27
37
27
57
17
27
67
62
57
22
52
22
32
12
17
32
42
37
22
67
27
22
47
52
42
37
47
37
37
27
52
47
32
17
27
47
27
22
27
42
47
57
42
67
52
22
17
37
42
22
52
12
47
52
62
37
37
47
12
22
37
22
32
17
7
17
27
5
17
12
7
12
5
0
37
22
17
27
17
7
7
7
12
27
22
7
22
17
22
17
7
22
12
12
12
7
7
7
22
52
42
5
5
12
32
17
7
12
27
22
12
17
17
17
5
7
17
12
17
32
17
7
5
12
17
17
12
12
7
7
32
42
27
0
17
27
47
7
7
5
17
27
32
7
17
32
5
22
7
12
27
17
27
7
7
