62
60
62
72
65
60
67
77
160
70
62
92
65
55
77
82
52
67
77
60
67
60
85
65
72
70
67
87
77
77
72
70
65
75
65
100
125
82
75
70
75
62
75
72
75
67
85
37
60
87
75
72
70
87
60
75
72
87
85
35
80
85
60
52
47
50
52
52
65
57
42
57
42
42
45
47
62
62
57
55
147
85
72
70
70
60
67
57
60
65
57
67
37
112
77
142
60
32
65
62
55
110
85
75
42
100
50
47
27
65
45
62
80
32
55
82
70
80
82
82
65
42
32
37
45
70
80
87
67
80
82
35
97
92
85
87
85
87
77
82
87
77
90
67
217
80
60
82
95
92
87
70
80
105
77
40
105
82
80
87
85
77
85
80
90
77
90
160
92
75
97
97
100
90
92
95
92
85
105
87
97
87
95
77
90
105
87
87
175
92
110
92
85
87
80
80
90
97
120
142
107
105
102
50
100
95
110
100
100
140
102
82
82
90
102
92
105
82
80
85
142
90
72
92
100
65
67
115
55
72
90
92
82
80
102
112
95
100
110
132
137
92
87
75
97
70
75
92
105
90
90
130
95
87
110
80
82
97
102
75
70
87
212
85
105
95
72
57
47
62
85
90
95
107
80
102
95
97
102
102
90
90
87
72
175
110
85
87
