0
5
5
5
5
5
5
5
0
0
7
0
0
0
0
0
0
5
0
5
0
0
5
10
27
5
0
0
5
0
5
0
0
5
5
0
0
5
5
0
0
0
0
0
5
0
0
0
5
0
0
0
0
5
0
5
0
5
5
0
5
5
0
5
10
10
5
5
0
5
5
5
0
5
0
5
5
5
5
5
5
5
5
5
5
0
0
0
5
0
0
5
5
0
0
5
10
0
0
0
0
0
0
5
5
5
5
0
5
5
5
0
10
0
0
0
5
10
0
0
5
10
0
0
0
0
32
10
5
5
0
0
5
0
5
5
5
5
0
0
0
5
10
10
0
5
0
0
10
5
5
10
5
5
0
5
5
0
5
0
0
0
5
5
5
5
0
0
0
5
0
0
5
5
5
5
0
0
5
0
5
5
0
0
5
10
10
5
0
10
5
5
5
0
5
5
10
5
5
5
0
0
5
0
10
0
5
0
5
0
0
5
5
5
5
10
5
0
10
0
5
0
5
0
0
10
0
5
5
5
0
0
0
0
5
5
0
5
5
10
5
0
0
5
5
5
10
0
5
10
5
5
0
10
0
5
5
5
10
5
5
0
0
5
10
5
5
5
5
5
5
5
0
0
0
5
0
0
10
5
5
37
10
0
0
5
5
5
