17
7
7
7
17
0
7
12
2
2
2
2
2
7
7
7
2
12
7
2
7
12
7
12
2
2
7
7
7
20
7
7
20
2
7
2
12
12
7
2
7
2
12
2
2
2
7
7
7
2
7
17
2
2
17
7
7
2
2
7
7
7
7
2
7
2
7
7
2
7
2
2
7
2
7
7
22
7
7
7
2
17
7
2
7
2
7
7
7
2
12
7
7
12
37
2
17
2
7
12
12
12
12
17
0
2
7
2
7
2
12
2
0
2
27
22
12
22
7
7
7
2
7
7
7
7
2
7
12
17
7
12
17
12
7
22
0
22
17
7
12
2
7
17
12
7
7
7
7
12
22
25
17
27
2
7
2
7
7
17
2
2
72
7
17
7
7
7
7
37
12
25
7
7
2
2
7
2
12
12
7
2
7
7
2
7
12
7
0
12
17
17
7
7
7
2
12
2
7
2
2
2
12
22
12
7
2
2
72
7
7
7
17
12
7
12
7
12
17
2
7
2
12
12
7
2
17
17
7
2
2
7
2
2
2
217
2
22
7
2
17
17
7
2
7
17
7
7
12
7
12
2
7
2
12
12
7
7
2
12
7
2
17
7
2
2
2
17
17
2
7
7
7
12
17
7
7
7
12
7
7
7
2
17
2
2
7
2
