5
0
5
5
5
0
5
10
5
5
5
0
5
10
0
0
10
35
0
5
5
0
5
5
20
10
0
20
0
5
7
0
10
5
7
15
5
5
5
15
5
0
5
20
0
10
5
5
15
12
5
0
10
35
5
5
10
0
5
20
32
12
5
10
5
5
10
10
5
15
0
20
10
5
15
17
15
20
5
5
22
17
5
25
5
10
10
10
15
0
10
5
10
105
20
20
15
0
10
0
5
0
0
0
5
5
5
5
15
12
0
27
10
5
25
0
5
12
10
10
5
5
5
5
5
15
10
15
5
0
5
5
0
5
22
10
20
25
12
17
15
10
5
27
5
5
15
0
10
27
10
15
15
20
5
10
20
10
5
7
10
20
5
10
5
5
5
5
10
10
0
0
0
10
10
5
15
0
5
5
5
10
22
12
0
27
12
5
20
10
5
5
5
5
0
15
5
15
15
5
0
5
5
10
5
5
5
5
10
10
5
15
10
0
15
10
12
10
10
12
5
0
40
10
0
5
5
10
10
10
10
5
5
0
15
5
10
0
5
32
5
5
10
0
15
5
5
10
12
15
5
12
0
0
0
0
15
5
0
40
0
5
5
10
15
5
10
22
5
5
10
5
10
10
10
15
5
5
5
0
10
25
15
10
5
0
15
10
