10
10
10
5
0
20
5
10
10
5
5
10
10
10
5
15
10
15
10
10
10
5
10
10
10
10
10
10
5
5
10
10
5
5
10
5
0
0
10
10
10
10
10
10
10
5
5
10
5
5
10
15
15
10
15
10
10
5
10
10
5
10
10
10
5
5
10
5
5
10
10
15
15
10
10
10
15
10
5
10
10
10
10
10
10
5
5
5
10
10
5
10
10
10
5
5
10
5
10
10
10
10
10
5
10
10
10
10
10
10
5
5
5
10
15
10
5
5
5
15
5
0
10
5
10
15
10
10
5
5
5
15
10
10
10
10
5
10
10
10
5
10
10
10
10
5
10
10
10
10
5
10
15
10
5
5
10
25
20
5
10
10
10
10
10
10
10
15
5
10
5
10
15
10
15
10
10
10
10
15
10
10
5
5
15
10
10
5
10
10
10
5
10
0
5
15
0
10
10
10
10
10
10
5
5
10
10
10
0
10
10
10
10
10
10
5
5
5
10
5
5
10
10
10
10
10
5
5
10
10
5
15
0
5
10
15
5
10
10
5
10
5
5
15
10
5
5
10
20
10
10
5
10
10
10
15
5
10
10
5
10
0
15
15
15
5
5
5
5
10
10
15
5
15
10
10
15
10
5
5
5
5
10
10
5
10
10
5
