15
5
5
20
15
25
10
20
10
20
10
20
15
35
20
15
40
20
25
15
25
10
15
15
10
15
20
10
25
37
10
20
20
10
25
25
15
15
20
30
15
25
35
40
55
30
25
15
25
15
20
15
25
25
20
15
20
35
20
15
20
20
10
15
10
15
15
30
35
15
45
20
20
10
5
15
20
25
20
30
10
20
10
15
15
20
10
20
25
20
20
10
20
15
10
15
10
22
10
20
20
15
20
20
15
55
25
25
25
15
15
25
15
25
25
20
30
40
25
35
20
20
30
20
15
15
5
10
25
22
20
40
20
25
25
10
15
20
15
10
30
15
20
32
15
10
20
52
15
20
25
20
25
30
25
15
15
25
25
10
25
25
25
20
62
15
10
25
35
15
15
35
35
5
47
25
30
20
25
5
15
15
25
20
15
5
25
20
15
15
20
15
10
25
10
20
10
20
10
20
25
50
25
30
20
15
20
15
10
20
15
10
22
25
10
20
35
10
15
25
40
20
20
45
15
25
35
15
15
230
20
15
20
10
25
15
20
15
35
27
40
30
10
10
20
20
15
25
10
20
62
15
15
20
15
25
15
15
15
30
15
10
15
10
10
25
25
5
20
5
25
15
10
20
35
20
10
10
10
15
5
25
10
15
20
25
10
25
