0
5
5
15
15
0
0
0
0
20
10
30
0
5
5
0
0
10
15
0
10
0
0
0
5
0
0
10
5
10
15
0
0
0
0
5
0
10
10
5
0
0
0
5
25
0
0
5
10
10
20
15
5
5
20
0
5
5
5
5
0
0
0
0
0
5
0
0
17
25
10
10
5
5
0
5
42
10
5
5
0
5
0
10
0
5
0
0
10
15
10
10
0
5
5
0
0
0
0
17
0
20
0
15
0
10
10
0
0
20
0
0
0
30
0
25
25
0
5
0
10
20
10
10
10
37
0
0
0
10
27
10
10
15
0
5
5
0
5
10
0
0
5
0
5
0
0
0
10
0
15
20
5
0
10
15
0
10
5
0
22
0
5
0
67
20
10
25
0
10
5
5
10
5
0
0
10
20
15
5
5
0
20
20
5
5
0
0
15
0
0
5
10
5
0
5
10
10
0
0
0
12
92
5
5
5
10
0
5
0
5
10
0
5
25
0
10
0
20
15
167
10
5
0
10
5
17
5
15
0
20
0
37
5
10
0
15
10
10
10
5
0
0
5
5
10
0
10
15
5
10
15
20
15
0
0
87
0
0
5
20
20
25
5
5
0
5
5
0
15
10
5
0
122
120
15
15
0
22
0
5
22
5
10
15
5
15
0
