7
12
5
5
12
17
5
17
7
5
12
7
0
7
12
10
10
22
12
7
42
22
7
12
22
7
17
22
17
22
5
10
7
12
12
7
27
17
10
12
7
12
5
12
7
17
12
12
12
22
5
7
10
27
0
17
5
22
22
22
17
5
12
12
7
17
17
12
12
12
27
5
10
12
12
7
22
7
17
12
12
12
12
12
10
37
0
10
12
5
12
10
5
5
17
12
27
97
27
27
22
22
17
22
17
12
27
22
27
27
7
42
47
52
42
17
27
52
42
17
32
37
57
32
12
17
22
42
17
42
32
62
12
17
5
12
17
12
12
42
67
32
52
62
17
52
150
52
37
22
5
7
17
77
32
22
32
52
27
47
27
57
22
52
42
37
12
12
27
77
27
47
17
17
27
17
27
37
52
12
22
22
27
37
52
42
12
42
47
17
57
12
17
72
12
47
12
22
7
57
32
72
47
32
47
17
27
42
42
27
22
12
52
27
52
12
42
32
17
62
32
62
12
7
37
47
17
72
37
17
32
27
12
37
12
47
52
37
37
37
7
37
17
37
22
12
17
12
17
22
22
12
42
27
7
5
12
22
17
17
7
22
12
17
7
32
7
22
12
37
7
12
22
7
12
5
12
27
17
22
12
7
5
5
17
12
12
17
