30
12
0
5
0
17
0
12
37
0
7
0
7
0
15
5
0
0
7
12
5
17
5
12
0
0
5
10
5
12
7
25
7
7
5
52
22
10
12
5
42
7
0
12
12
0
12
0
37
5
52
25
0
7
12
5
7
0
0
7
10
25
5
12
5
22
0
7
5
0
10
7
0
5
5
7
25
12
0
10
35
5
0
5
20
0
30
2
10
17
7
12
42
12
7
27
60
12
22
5
0
0
20
5
12
20
5
52
5
27
17
12
5
0
5
7
5
0
7
5
5
10
20
37
32
25
12
7
2
40
7
0
5
7
7
0
0
17
20
5
0
55
0
0
0
22
7
40
22
0
0
5
5
42
0
5
12
7
7
12
7
20
12
2
12
12
12
10
20
7
7
15
5
0
15
5
0
7
0
5
12
0
40
5
0
17
0
5
17
22
12
22
0
0
0
0
5
32
7
15
7
15
5
22
17
12
7
7
7
12
22
5
5
7
12
27
15
20
30
22
12
27
10
7
12
5
55
5
12
15
12
12
0
20
7
0
0
0
12
25
7
10
25
20
7
15
0
15
0
5
7
12
0
0
12
15
7
17
10
7
5
5
17
5
0
0
12
2
20
7
7
5
7
7
0
0
7
5
27
0
7
17
12
0
5
7
0
0
