2
7
2
2
7
2
2
2
7
7
7
2
7
2
12
2
2
2
12
7
7
12
2
7
2
2
7
2
2
7
2
2
7
7
12
7
7
7
7
2
7
2
2
12
7
2
2
7
7
7
7
2
7
2
7
2
7
2
7
7
2
2
2
7
0
12
7
2
12
7
7
7
7
7
12
2
12
7
2
7
2
7
7
7
2
2
7
7
12
7
7
2
7
2
7
2
7
2
2
2
2
7
2
2
2
12
2
7
2
7
7
2
7
7
2
2
12
2
2
2
2
7
7
12
12
2
7
12
7
7
12
2
2
2
2
2
7
7
7
2
2
12
2
2
7
7
2
7
0
12
7
12
17
2
2
2
7
7
2
2
7
7
2
7
7
2
7
12
2
2
7
7
2
7
7
7
2
7
7
7
7
7
2
2
7
2
7
2
2
7
2
2
32
12
7
7
2
7
7
7
7
7
2
7
7
7
7
7
42
2
2
7
2
2
2
2
7
2
7
2
7
7
2
2
2
2
7
2
15
12
7
7
2
2
7
2
7
2
2
12
7
12
2
7
2
7
2
7
2
7
2
2
2
12
2
2
7
2
7
10
12
7
2
2
7
2
7
2
7
2
12
7
2
7
7
2
2
2
2
7
2
2
10
2
2
7
7
2
