20
5
15
20
15
5
30
30
5
15
30
20
0
15
10
5
15
10
45
20
30
15
15
25
30
10
35
40
20
15
35
45
25
20
42
15
25
15
20
20
20
20
45
10
15
20
35
20
67
47
25
20
25
25
40
25
25
40
30
15
10
10
40
20
25
30
15
35
40
35
40
40
30
35
20
35
20
30
20
20
20
35
15
20
20
25
30
25
20
35
20
35
30
30
20
25
10
30
35
30
30
35
20
20
40
15
15
20
20
20
30
15
40
35
25
25
25
15
20
20
25
30
20
25
20
25
20
47
10
20
15
37
20
10
30
20
25
15
30
20
20
15
25
20
35
15
15
25
25
25
15
10
32
15
30
30
25
25
30
30
10
10
35
20
42
25
20
27
20
40
30
20
35
25
30
97
35
45
30
35
20
20
25
35
35
25
10
25
20
10
25
20
30
25
25
20
20
37
30
45
25
35
15
15
15
10
30
30
30
30
35
20
25
20
30
47
15
15
25
40
15
20
30
25
20
35
10
20
30
25
25
20
20
25
25
10
47
35
15
15
15
25
52
15
35
45
15
20
25
15
15
20
25
20
5
20
20
15
40
15
10
15
10
0
20
15
15
30
10
15
30
5
30
20
5
35
20
10
25
20
25
10
25
20
47
10
10
25
