12
17
0
0
5
2
5
2
2
7
2
0
22
5
10
5
10
10
5
0
2
12
10
7
7
2
2
12
15
15
2
12
10
5
17
7
50
12
10
5
5
5
2
10
7
5
7
0
10
7
7
5
2
17
5
5
2
2
0
15
12
2
10
7
5
0
2
17
5
5
5
10
12
20
10
20
30
7
7
2
15
20
2
5
22
20
0
7
10
7
10
5
37
12
10
10
7
15
17
2
15
7
5
2
5
2
15
2
10
20
17
7
10
15
25
17
15
12
15
10
17
7
32
7
5
7
0
5
12
5
0
5
0
2
5
15
15
17
12
5
7
10
5
10
10
12
5
10
10
10
25
5
20
2
12
0
0
12
0
7
5
5
17
10
10
7
10
55
10
10
0
10
0
5
7
10
5
5
2
5
10
15
0
0
5
15
5
12
2
7
45
5
12
57
5
7
25
12
10
7
5
2
7
10
0
5
10
5
12
15
12
10
0
5
5
2
12
5
7
2
5
7
5
2
2
2
10
2
12
5
22
5
7
10
5
5
10
0
7
5
2
10
10
5
5
0
2
10
2
5
0
5
5
2
5
5
10
12
7
7
5
0
10
12
10
2
7
0
10
0
7
2
2
5
7
2
5
5
0
10
2
5
0
5
2
2
5
5
