15
20
27
32
15
30
30
15
25
5
20
15
37
10
32
25
47
17
27
27
30
15
42
15
35
20
35
32
15
15
15
15
15
30
15
20
5
20
22
37
0
27
20
15
20
10
17
15
10
15
15
15
15
20
27
15
10
15
20
20
22
25
10
25
37
27
25
32
15
30
20
25
20
10
15
30
15
32
15
15
15
10
20
37
10
20
15
15
20
15
20
20
15
20
20
20
22
15
30
15
22
15
42
25
20
15
25
22
37
20
25
27
25
20
27
20
15
22
15
20
20
32
20
15
10
32
32
27
25
32
30
15
15
20
20
15
15
25
25
27
20
20
22
25
15
22
10
10
25
25
10
17
5
32
20
42
25
20
30
15
37
20
25
27
27
27
32
30
27
32
25
25
20
37
27
25
20
32
22
20
20
30
15
15
25
10
15
37
20
15
30
20
15
20
20
32
20
32
27
20
15
25
42
32
32
37
35
197
37
22
15
32
15
15
30
22
20
30
27
15
15
240
20
137
52
25
52
25
130
10
25
20
10
15
15
10
20
235
25
25
20
5
195
25
32
52
37
27
15
20
20
15
225
5
7
5
27
15
25
10
32
5
15
15
20
177
22
20
10
15
10
10
20
10
27
10
25
20
10
15
20
15
5
25
37
15
10
10
