150
10
5
0
0
5
10
12
5
237
5
0
5
10
7
5
5
5
10
5
5
0
5
0
0
0
5
0
5
0
5
5
5
5
5
0
12
0
12
10
12
5
5
5
5
0
0
5
122
12
5
5
5
5
0
10
5
10
5
5
0
5
105
0
5
0
10
0
0
10
5
0
2
137
12
0
2
0
5
5
10
10
5
0
5
2
5
7
5
10
5
7
5
0
12
5
5
10
10
0
10
0
5
10
2
10
0
5
5
170
0
0
5
5
0
0
5
5
0
0
10
0
32
5
5
0
5
5
0
5
5
5
0
5
10
0
5
0
0
0
5
5
5
10
237
10
7
7
5
5
7
0
130
5
0
5
10
0
10
10
0
0
0
5
0
10
0
0
10
5
0
5
0
5
0
0
0
0
0
5
5
0
5
5
10
0
7
0
0
10
10
0
10
10
5
0
5
5
0
5
0
5
5
0
5
0
5
5
5
5
5
0
5
5
155
5
0
2
0
0
5
10
5
0
5
0
5
0
0
10
0
10
5
5
5
5
5
5
10
5
5
5
0
0
0
10
10
10
5
5
5
0
0
0
0
2
7
5
10
0
15
12
2
5
5
10
0
5
5
0
10
0
0
5
5
0
2
0
5
10
0
2
0
5
5
2
5
5
