5
5
5
0
5
5
0
5
5
5
5
0
0
0
5
5
0
0
0
10
5
0
0
5
0
5
0
0
5
0
20
0
10
5
0
5
15
0
5
5
10
5
5
5
5
0
5
0
0
0
10
5
20
20
0
5
5
5
35
15
5
0
30
5
20
15
0
5
10
0
5
5
0
25
0
5
5
5
0
10
0
10
0
10
5
15
5
5
15
0
0
5
5
5
10
10
10
15
10
25
5
10
10
20
10
15
5
5
5
10
5
0
5
15
10
0
10
5
25
10
15
5
15
10
0
5
0
5
0
5
0
0
0
5
5
5
5
0
0
5
10
0
0
5
0
0
0
10
0
15
0
10
0
0
10
0
5
15
15
10
5
5
5
0
10
5
5
10
5
10
10
0
10
15
10
0
5
0
0
5
0
10
10
35
10
0
5
5
0
10
5
0
0
0
0
5
0
0
0
5
5
5
5
0
0
10
0
5
0
5
15
0
0
5
5
5
5
5
10
0
0
0
5
0
10
5
5
0
5
0
10
25
10
10
0
0
10
5
10
0
0
5
0
5
0
0
0
5
0
10
10
0
5
0
0
10
0
0
5
0
10
10
0
5
10
0
20
0
5
5
5
0
5
0
0
10
0
0
25
0
0
0
5
10
5
5
0
0
