20
20
30
82
45
25
35
20
15
25
57
50
45
40
42
15
77
15
25
30
45
45
30
20
0
57
20
47
40
47
15
57
35
20
40
20
25
20
15
57
20
40
25
47
52
35
40
20
0
35
15
10
57
45
10
35
72
15
5
30
40
35
15
30
57
45
62
25
47
25
37
77
27
25
50
40
52
35
62
57
30
15
92
35
77
40
35
52
20
57
82
67
62
40
30
45
10
30
35
15
20
47
25
32
47
15
20
20
52
45
10
45
15
20
35
10
57
62
40
47
52
45
20
15
15
107
67
40
25
47
35
45
45
45
45
35
52
20
62
47
10
20
47
25
25
35
30
47
20
45
87
30
57
35
40
10
25
20
57
40
35
40
92
30
92
82
20
102
72
32
47
72
47
52
135
67
20
57
62
77
57
52
77
67
87
92
42
50
35
25
35
67
35
52
35
40
35
77
40
40
77
20
57
87
82
10
97
57
42
15
40
72
72
87
62
57
10
52
35
20
47
15
35
25
10
27
77
102
20
20
35
35
67
47
62
62
30
20
30
20
40
52
57
35
25
30
25
47
30
40
25
20
40
20
52
15
47
20
30
72
10
15
20
52
35
40
37
35
57
20
30
57
30
20
42
45
30
25
25
10
15
25
30
10
52
62
25
25
