37
27
10
27
30
20
22
15
27
17
27
22
37
52
25
17
15
25
15
27
22
10
20
22
20
17
20
22
32
15
37
15
37
20
20
32
10
15
30
22
10
22
17
10
12
27
10
10
20
15
32
35
47
17
15
20
22
22
27
5
137
10
20
22
20
25
27
27
10
27
25
25
40
32
25
45
15
20
10
22
22
22
22
27
27
32
32
20
40
52
37
17
55
22
17
37
115
30
47
32
27
27
42
15
17
17
27
22
15
22
15
37
32
20
17
37
40
32
32
17
37
32
27
62
22
27
47
37
37
27
32
22
5
20
35
27
55
37
27
47
37
32
12
15
22
22
42
42
20
27
37
57
42
52
15
22
20
35
25
32
22
20
15
37
32
42
22
27
37
42
42
32
27
30
32
32
22
25
27
22
27
57
32
47
27
15
32
27
52
22
15
20
25
55
32
32
25
37
80
45
15
47
15
22
75
47
52
32
32
20
27
17
50
37
35
32
35
45
52
22
42
32
30
22
32
20
10
27
27
15
42
37
27
17
65
20
32
27
27
25
27
27
20
17
20
22
25
17
37
17
37
27
15
20
17
27
25
32
10
15
27
22
5
17
10
25
32
52
17
15
15
15
20
15
10
17
240
20
10
32
17
20
25
10
35
22
17
10
