59
63
69
65
60
60
62
66
67
67
67
67
61
60
63
62
64
63
59
60
54
59
59
57
55
55
54
55
55
55
54
55
54
55
53
54
60
56
62
59
55
54
53
52
56
56
50
48
49
53
49
48
46
47
50
53
49
48
48
50
46
48
44
49
48
49
47
51
44
42
41
41
40
42
41
44
50
50
42
41
40
43
43
42
41
42
45
43
44
44
42
41
40
41
41
42
42
47
44
43
43
43
41
42
40
43
45
43
44
45
46
51
58
62
64
63
60
61
61
61
59
62
62
61
62
64
65
64
65
68
64
65
64
64
65
63
67
64
66
66
64
65
65
63
63
62
61
63
67
67
62
60
61
60
64
61
62
62
58
62
64
62
64
62
63
62
61
62
60
62
67
59
62
60
57
58
60
62
59
58
58
61
61
59
58
57
57
60
58
58
58
59
60
63
66
62
63
60
61
61
62
68
65
60
63
63
69
68
68
64
63
63
64
64
65
64
64
62
65
66
76
71
73
75
73
68
63
62
62
62
63
64
62
66
68
68
68
69
66
68
63
65
63
65
66
66
65
66
67
67
65
65
65
65
64
66
72
71
75
75
72
75
71
70
72
71
73
71
69
66
65
64
67
64
65
68
66
64
63
65
64
60
59
57
58
60
60
56
