24
22
20
21
20
20
17
24
23
27
24
25
19
19
21
19
23
21
19
18
19
18
20
21
20
18
18
19
21
20
17
19
19
20
17
20
18
17
18
17
22
20
19
20
20
22
19
21
19
20
19
18
18
19
19
18
19
17
19
18
18
20
19
21
19
20
18
18
22
19
19
18
19
17
17
18
17
18
19
19
20
22
17
16
18
17
19
17
20
17
19
17
14
15
18
17
19
21
16
21
18
19
18
19
19
18
18
18
19
17
20
19
19
20
20
21
19
19
18
20
20
18
19
19
19
19
19
18
20
21
21
20
20
22
21
20
20
22
22
21
20
18
18
19
21
19
20
18
20
19
20
22
21
21
18
20
18
18
19
22
19
20
20
22
24
26
25
24
25
26
26
24
24
23
23
25
23
25
23
22
24
23
24
24
24
26
30
27
28
26
28
28
27
27
27
29
28
30
29
27
26
27
25
24
25
24
27
27
28
25
25
26
25
25
25
25
23
23
31
36
36
33
34
35
33
36
30
28
26
24
25
25
26
23
28
27
27
26
23
23
23
23
21
22
21
22
20
24
21
23
22
22
23
21
22
22
23
25
27
30
24
27
30
33
32
33
30
31
30
31
31
33
30
28
24
22
22
22
19
25
21
20
20
22
20
21
18
20
