22
23
22
23
22
21
22
20
21
18
21
20
20
20
20
19
17
21
19
20
23
21
22
20
19
17
21
20
21
19
23
18
20
20
18
21
19
19
19
19
18
18
23
20
18
21
18
19
19
17
18
18
18
20
18
18
19
17
19
17
18
18
19
18
18
17
17
17
17
19
19
15
18
16
17
15
18
17
16
16
19
20
16
18
15
17
16
19
18
16
17
16
19
16
20
17
18
19
18
19
19
19
20
21
19
20
20
19
20
18
22
20
21
16
21
20
21
17
18
18
17
19
20
22
22
20
22
20
22
22
24
19
20
22
23
22
23
24
25
26
26
23
27
22
25
22
23
21
24
23
23
24
22
23
24
23
26
25
27
23
26
25
28
22
19
20
21
22
22
23
22
23
21
22
20
19
22
21
21
22
23
21
23
22
20
23
23
23
24
22
21
23
23
25
25
21
25
21
26
30
33
30
31
26
29
24
32
32
30
31
32
32
35
32
28
29
26
25
23
22
26
22
23
22
24
21
23
22
25
25
26
29
24
22
26
25
26
25
24
24
22
21
23
21
22
19
21
21
20
21
21
23
22
21
19
22
24
22
23
20
21
19
22
21
21
20
20
22
20
19
19
19
20
18
23
21
21
20
20
19
20
19
19
18
20
19
20
20
