26
24
25
24
25
22
25
21
23
21
25
23
23
23
24
24
24
25
22
22
22
22
24
22
25
24
24
24
25
21
25
23
24
22
22
22
24
24
26
24
22
22
24
22
24
21
24
23
25
21
23
21
23
20
22
20
21
20
21
20
21
20
19
20
20
20
20
21
21
20
21
19
22
20
22
22
20
21
21
21
20
21
21
19
21
19
22
19
20
19
21
22
25
23
20
18
20
20
21
20
21
21
25
24
26
21
21
20
21
20
20
22
25
28
31
29
21
19
21
27
22
22
21
20
20
20
22
21
21
22
23
21
23
21
24
24
26
21
24
19
22
19
21
20
21
21
20
22
20
22
22
22
24
22
21
19
22
20
24
20
22
21
25
27
24
22
21
21
22
21
23
20
23
21
25
20
23
22
23
23
22
23
23
22
21
22
23
21
24
24
26
25
25
24
24
24
25
22
25
25
25
24
24
20
23
21
25
22
24
22
23
22
25
24
24
24
23
24
25
23
24
23
24
23
24
21
24
23
24
24
23
22
24
24
25
25
26
23
25
22
24
24
24
23
25
24
26
23
24
23
25
24
26
23
24
25
25
26
26
23
25
24
25
24
26
23
25
23
26
24
27
25
23
24
25
24
25
24
24
25
25
25
26
24
24
23
26
24
