21
23
21
23
24
23
24
25
24
26
26
26
23
24
22
23
21
23
23
26
34
34
35
33
28
31
31
30
28
27
24
24
23
24
22
24
23
25
24
24
21
21
21
21
21
21
21
21
22
21
22
22
20
21
21
22
20
23
21
22
21
20
21
21
22
25
20
23
20
22
20
21
20
23
28
21
20
21
21
20
20
20
20
20
22
22
20
21
20
20
19
22
20
21
19
20
20
21
21
23
21
21
23
22
21
21
20
21
19
21
20
21
20
22
19
22
20
19
19
20
21
22
21
23
20
21
20
22
20
23
20
22
20
21
21
21
21
21
22
20
21
21
21
20
21
21
20
21
21
22
19
23
20
23
21
22
21
22
25
25
22
24
22
23
21
22
22
25
24
24
24
24
24
25
24
21
23
22
23
23
22
25
23
23
22
26
25
26
25
24
23
24
25
24
25
27
23
24
25
27
28
29
24
26
24
23
24
24
28
29
30
27
26
23
21
23
21
24
24
26
24
23
23
23
22
21
22
23
22
23
21
22
21
20
23
26
23
24
20
22
22
20
21
21
19
22
20
21
20
21
21
24
21
22
21
22
22
22
25
26
25
24
24
25
24
30
29
32
27
28
24
25
23
26
29
28
23
22
23
21
22
22
21
21
22
23
20
24
