46
35
41
43
28
3
4
4
3
3
3
3
2
2
2
2
2
3
2
3
2
3
3
3
3
3
3
4
3
2
3
5
2
3
5
3
2
3
2
2
2
2
2
2
2
2
2
2
2
2
3
3
6
2
2
3
3
3
3
2
2
2
3
41
4
2
2
2
3
2
3
2
2
2
3
6
2
3
3
3
2
3
5
3
2
37
18
2
3
5
2
2
2
2
2
2
2
2
2
2
2
2
2
2
5
3
2
2
2
3
3
3
2
3
16
45
18
3
3
3
2
2
2
2
5
2
2
3
4
2
2
2
3
3
3
2
2
3
5
3
5
13
43
28
3
3
3
2
2
2
2
6
4
3
2
2
2
3
2
2
4
2
2
2
2
8
39
39
6
3
3
2
2
5
8
6
2
2
3
6
2
2
2
2
2
7
7
2
2
6
2
2
2
5
2
2
2
4
2
2
2
2
32
48
2
3
25
48
22
32
51
14
3
3
3
3
6
3
2
2
2
2
2
2
2
2
2
3
3
2
13
45
22
2
2
3
2
20
46
45
8
3
2
2
2
2
2
2
2
5
2
2
2
2
2
9
37
52
30
49
7
3
5
3
3
3
5
2
2
2
2
6
5
3
3
2
2
2
2
2
2
2
5
2
5
6
5
6
