6
4
4
5
8
2
3
3
3
3
3
2
10
5
4
10
6
3
4
3
3
4
4
3
5
7
7
6
3
4
3
3
5
5
6
3
4
6
4
8
6
5
4
4
3
3
4
4
6
9
4
6
4
3
6
4
3
3
3
2
10
5
6
7
4
3
8
4
3
5
2
2
4
7
2
7
3
3
2
5
3
5
3
2
6
4
4
3
2
2
3
3
2
4
3
3
6
7
4
6
4
3
3
11
5
8
5
5
7
9
6
7
4
5
4
5
5
4
4
3
8
3
4
8
4
3
3
3
3
5
4
3
5
6
4
5
3
5
6
5
6
20
4
6
11
3
3
7
5
6
4
4
3
4
2
3
7
4
3
4
6
5
8
6
10
11
30
18
25
20
2
1
1
1
1
1
1
5
2
3
4
6
4
10
4
6
6
11
3
3
3
5
4
22
17
5
3
21
11
4
5
4
2
3
4
3
3
8
2
3
5
3
2
4
11
2
9
9
4
4
3
3
3
3
3
7
3
2
5
6
5
4
3
3
4
4
3
4
4
2
13
4
6
4
3
4
3
4
3
4
4
3
17
6
4
5
4
6
3
6
3
4
5
6
5
3
3
4
3
3
3
4
2
3
3
3
7
4
9
5
6
4
4
6
3
5
4
3
