47
47
50
48
50
50
48
51
50
52
51
50
49
48
46
47
46
49
44
44
44
46
48
48
46
46
44
44
46
45
46
44
45
43
41
39
44
44
41
40
44
42
42
39
37
39
40
40
40
40
35
37
37
36
35
38
38
40
39
39
35
36
39
40
37
38
36
37
34
35
34
36
36
37
33
32
32
34
36
36
38
41
32
32
36
36
33
32
33
34
35
37
37
38
38
38
39
41
32
32
30
30
28
29
29
27
29
29
30
31
32
31
30
30
30
29
30
35
33
35
34
34
32
37
35
37
36
35
35
38
37
36
35
36
34
35
35
36
34
34
33
34
38
37
38
37
36
39
38
40
41
42
44
44
42
43
45
43
42
43
42
42
44
44
45
45
41
43
50
49
45
48
47
47
49
49
51
53
49
50
53
51
52
52
52
53
55
52
52
52
52
53
51
52
50
52
49
51
54
53
54
54
51
52
51
52
51
54
55
55
52
51
49
51
54
57
59
59
57
55
55
57
57
55
55
55
56
58
60
59
60
59
55
48
51
53
53
54
49
49
47
45
45
47
46
48
53
55
52
47
45
45
47
51
54
51
51
49
49
48
47
48
49
49
50
49
48
47
44
46
48
46
45
43
45
46
43
41
39
41
43
41
41
39
42
42
45
47
