51
49
54
51
52
52
56
53
55
53
58
54
55
51
54
48
49
47
50
47
51
49
53
47
54
53
54
49
52
47
54
49
50
46
51
44
48
46
50
46
49
44
48
42
41
39
44
41
47
44
42
43
42
37
40
38
45
40
46
41
42
36
41
38
40
39
39
36
42
38
40
37
41
36
39
36
38
34
43
39
43
36
39
34
39
36
40
34
36
33
37
38
46
37
41
37
45
39
40
35
38
33
35
32
35
30
34
32
38
33
37
33
39
34
38
33
37
33
37
34
42
35
37
35
40
36
41
34
39
35
44
36
42
36
39
37
41
38
41
35
38
36
41
39
48
41
44
42
48
43
46
43
50
46
54
46
49
44
53
48
53
50
54
50
56
52
56
53
61
56
60
57
59
59
67
62
69
63
68
63
70
63
71
64
72
66
71
64
65
61
67
66
69
67
69
66
70
68
73
69
73
70
74
69
75
68
69
67
74
71
75
71
73
67
70
68
75
68
76
72
74
69
76
66
71
63
70
70
73
67
70
66
66
58
61
56
62
57
64
57
63
55
60
54
57
52
54
50
55
51
55
53
58
52
57
53
56
51
55
52
56
51
55
50
55
50
53
50
52
47
52
47
54
46
51
45
50
43
48
43
48
44
47
45
47
42
46
43
