52
46
52
45
46
47
49
49
50
47
52
42
45
46
47
44
47
43
47
44
48
50
51
47
51
49
52
46
46
45
49
46
51
45
49
42
46
45
48
44
48
42
45
40
40
38
40
39
47
43
43
41
40
37
40
38
42
39
40
36
38
35
36
36
40
38
38
35
40
35
34
34
40
33
37
34
34
34
41
38
42
38
41
33
39
37
40
34
36
33
36
38
43
36
40
36
44
43
44
35
39
31
37
30
33
28
31
30
32
29
33
30
35
31
34
32
38
32
39
36
42
36
41
37
41
35
40
35
37
38
40
36
41
34
37
35
40
35
41
34
38
34
37
33
41
36
39
36
43
38
41
41
47
41
47
40
49
42
48
47
52
46
56
47
49
45
49
47
55
52
55
52
56
51
58
52
58
52
59
57
63
54
57
59
61
51
61
52
53
50
51
53
60
55
53
51
58
52
58
52
60
57
62
55
60
53
63
57
60
57
64
56
58
54
59
56
62
56
62
56
60
54
61
53
58
50
56
53
59
52
58
52
57
48
55
48
55
47
51
46
52
44
47
43
50
43
48
45
51
47
51
47
51
46
48
44
49
42
46
42
47
43
49
41
47
43
45
40
45
41
43
42
48
41
47
40
47
38
44
40
47
38
44
37
43
39
39
36
