48
41
38
41
42
37
38
48
45
42
42
46
41
39
35
36
39
29
48
36
39
40
38
24
52
39
46
46
49
41
35
35
36
39
37
40
41
39
38
38
38
35
32
38
30
32
31
33
29
29
30
31
33
31
32
30
27
30
33
31
33
30
29
26
26
27
27
22
23
22
23
21
20
19
19
21
21
21
20
21
24
22
20
18
18
18
18
17
15
16
16
20
15
16
14
18
15
16
16
18
14
16
16
17
18
15
14
14
13
14
13
13
13
13
12
12
12
12
13
13
11
12
11
11
16
11
11
11
12
13
12
13
13
15
18
14
14
14
13
14
13
14
14
13
13
14
15
14
15
13
14
13
17
15
15
16
20
20
20
20
18
21
22
24
22
23
23
25
29
30
30
34
32
36
35
37
36
37
37
38
42
41
41
38
37
46
47
44
42
42
48
48
48
44
52
53
53
53
49
52
55
54
49
54
54
56
52
57
55
49
50
54
52
52
64
58
63
57
58
60
55
58
53
56
61
63
71
69
51
20
6
4
2
2
3
3
3
3
2
2
2
2
2
2
3
2
2
3
2
2
2
2
2
3
2
2
2
2
3
2
2
2
2
2
2
2
2
2
2
2
2
2
2
2
2
2
2
2
2
2
2
2
2
2
2
2
2
2
