54
56
57
58
57
58
59
58
58
60
58
57
53
51
55
57
56
61
57
56
56
54
57
55
53
53
54
55
57
58
56
57
57
59
56
54
55
53
54
52
55
55
55
56
55
56
54
53
52
51
53
51
50
49
45
44
45
47
47
45
42
42
47
41
41
40
40
38
37
37
34
34
33
33
32
32
31
31
31
30
32
32
27
25
26
27
27
25
25
27
23
24
22
21
23
21
19
21
19
19
17
18
17
16
17
17
17
16
15
14
14
14
15
14
14
14
15
14
14
15
14
15
16
15
17
17
17
20
21
22
22
20
19
20
22
23
25
24
26
29
30
30
30
33
30
31
31
35
40
40
38
42
43
44
46
47
47
47
43
45
44
44
48
49
47
46
50
50
50
48
51
52
52
53
54
58
59
59
57
59
60
59
61
60
59
60
61
61
63
60
63
60
60
59
61
62
60
62
61
61
62
62
60
62
63
62
66
63
64
64
65
67
68
67
68
67
67
64
58
60
61
59
62
61
59
60
62
62
61
61
65
63
61
62
62
64
63
67
66
62
61
62
60
60
59
59
64
66
65
61
61
63
64
66
65
66
63
66
62
63
62
65
67
66
62
61
63
60
59
58
59
57
57
55
59
59
54
53
55
54
55
54
54
53
53
55
50
52
