57
56
55
55
56
54
55
54
55
57
57
55
59
57
58
58
61
60
57
57
57
60
58
57
60
58
58
62
59
60
59
56
57
58
56
57
59
59
59
57
57
56
56
55
55
55
55
53
57
54
55
56
56
55
54
53
52
53
53
52
55
53
54
54
52
51
52
49
49
50
49
47
54
49
50
48
49
50
52
50
48
47
48
47
53
52
53
52
51
50
51
52
51
52
52
48
52
51
52
53
49
56
52
50
51
54
54
49
55
53
54
56
59
56
56
54
54
52
51
50
54
54
54
55
55
56
58
56
56
55
55
53
45
47
50
46
44
46
43
43
43
45
46
44
46
45
47
46
47
47
47
47
46
47
45
47
49
48
47
47
50
51
51
52
53
54
53
53
57
52
52
52
50
54
54
53
53
55
52
53
56
54
54
54
55
56
56
57
55
57
55
54
58
56
58
58
58
57
57
56
55
56
56
54
58
57
58
56
56
54
54
53
52
52
51
50
53
52
55
56
54
54
55
49
50
54
53
54
56
54
50
52
50
50
54
54
52
55
52
51
54
52
53
51
52
50
50
50
49
49
49
48
51
49
49
50
50
48
50
49
47
50
47
47
49
47
51
49
50
50
51
51
48
47
44
49
52
51
49
49
53
51
50
46
44
45
43
43
