25
31
28
25
39
26
26
31
28
26
29
26
25
32
28
28
36
26
28
31
28
37
32
33
36
42
36
35
44
30
27
27
28
23
26
23
26
30
24
27
34
23
26
29
24
23
25
23
23
31
23
23
36
23
23
29
27
24
24
26
24
32
32
29
41
29
29
38
33
31
30
34
30
39
34
26
36
26
24
29
27
23
23
26
24
30
24
26
36
24
27
31
28
24
24
26
24
32
33
26
36
28
25
26
28
26
23
23
26
27
25
26
35
24
27
27
31
24
23
26
25
28
29
23
35
24
27
26
29
27
24
24
27
26
28
26
35
24
26
25
26
22
25
23
23
29
25
23
36
23
23
29
28
24
26
23
23
30
25
23
37
25
27
27
29
24
23
29
26
28
28
23
34
26
24
28
22
24
23
24
27
30
28
30
42
32
32
44
33
31
35
32
31
35
27
26
45
36
33
38
38
32
32
35
32
41
31
24
35
26
25
32
26
27
23
23
25
32
24
34
43
30
35
40
32
34
33
32
34
33
27
26
36
23
23
31
23
23
27
25
24
32
27
26
35
25
28
38
31
33
32
32
36
40
36
34
41
24
27
35
25
28
25
24
27
30
23
30
47
31
33
39
34
33
36
35
32
42
25
23
39
24
23
31
25
24
24
26
