36
38
37
35
36
37
38
41
37
37
38
40
36
36
37
37
38
37
39
41
37
41
40
39
43
43
40
42
38
37
39
35
35
36
35
36
34
35
36
34
32
33
34
33
33
30
31
29
29
29
28
27
26
28
28
27
28
27
25
26
28
28
26
30
25
28
25
27
23
23
23
23
22
23
26
24
23
21
23
19
22
21
19
21
0
0
0
1
0
1
0
0
1
0
0
0
0
0
0
0
0
0
0
0
0
0
0
0
0
0
0
0
0
0
0
0
0
0
0
0
0
0
0
0
0
0
0
0
0
0
0
0
0
0
0
0
20
25
28
30
31
28
26
23
22
21
22
24
24
26
25
25
26
27
27
27
28
28
27
27
27
28
28
29
30
30
34
34
35
34
35
34
34
34
34
34
34
36
34
35
33
34
33
35
33
31
32
37
37
38
38
40
38
37
37
38
38
40
36
36
36
36
40
39
41
42
38
38
37
37
37
38
37
37
38
37
37
39
39
37
36
38
37
37
37
39
37
36
36
36
36
39
37
36
41
42
41
40
43
40
37
38
39
37
37
37
38
42
39
36
41
43
42
40
43
45
41
40
37
36
37
35
36
39
39
39
38
38
36
34
34
35
37
37
39
39
38
36
36
36
34
39
35
34
35
35
36
36
