36
38
38
38
40
39
38
41
40
39
39
40
38
38
39
39
39
39
40
41
39
37
38
38
40
42
45
39
38
38
38
39
37
38
36
37
36
35
35
35
35
34
35
35
33
33
33
36
34
33
32
30
31
31
30
29
0
0
0
0
0
0
0
0
0
0
0
0
0
0
0
0
0
0
0
0
0
0
0
0
0
0
0
0
0
0
0
1
0
1
0
0
0
0
0
0
0
0
0
0
0
0
0
0
0
0
0
0
0
0
0
0
0
0
0
0
0
0
0
0
0
0
0
0
1
0
0
0
0
0
0
0
0
0
0
0
0
0
0
0
0
0
0
0
0
0
0
0
0
0
0
0
0
0
0
0
0
0
0
0
28
36
36
38
37
40
38
34
35
36
35
35
35
35
36
37
37
39
37
37
37
38
37
37
38
38
39
38
38
39
38
39
39
39
39
40
40
41
42
38
39
40
41
41
40
40
39
39
39
40
39
39
39
39
40
42
41
40
39
39
39
39
40
45
40
42
39
39
39
39
40
39
39
39
42
44
44
44
41
43
42
40
40
41
41
42
42
44
42
41
42
44
42
45
45
44
45
42
42
41
42
42
42
40
39
39
39
39
40
39
39
42
43
40
40
40
39
40
39
39
39
40
39
38
38
41
39
37
