37
38
37
37
37
38
37
37
37
37
37
37
36
37
38
38
37
39
42
42
37
37
38
38
39
40
41
39
38
37
36
38
38
36
36
37
35
33
33
33
33
34
32
32
32
32
31
33
31
30
30
29
30
30
30
29
29
28
30
29
29
31
28
29
26
28
26
28
25
25
26
25
27
25
26
24
23
22
25
21
23
21
20
22
20
20
20
20
19
20
19
19
21
21
27
20
19
19
18
20
20
19
18
18
18
18
18
19
18
18
17
18
18
18
20
21
19
20
20
21
21
19
20
21
22
22
21
21
21
28
19
21
22
21
21
22
22
23
23
24
24
24
24
25
25
25
26
26
26
27
29
26
28
28
27
27
30
30
30
31
32
33
32
31
32
35
35
34
35
37
35
37
35
38
37
36
36
37
36
39
38
38
38
39
40
40
40
40
39
41
38
40
40
40
39
41
40
40
40
40
39
40
43
45
41
43
41
41
41
41
42
41
41
42
42
44
41
41
38
38
37
39
38
38
38
41
39
40
41
43
42
39
37
37
43
45
41
47
43
42
42
39
41
39
39
40
40
41
40
41
40
40
42
44
42
50
52
46
45
46
45
43
43
43
41
40
40
42
39
40
39
40
40
38
40
41
37
37
39
36
35
35
36
34
39
38
37
36
