30
29
29
29
31
31
31
32
32
31
31
31
30
30
31
30
31
32
33
35
31
30
30
30
32
33
33
33
32
31
32
30
30
29
31
30
29
30
29
29
28
28
27
27
26
25
26
26
27
24
23
23
23
22
22
22
25
23
22
22
0
0
0
0
0
0
0
0
0
0
0
0
0
0
0
0
0
0
0
0
0
0
0
0
0
0
0
0
0
1
0
0
0
0
0
0
0
0
0
0
0
0
0
0
0
0
0
0
0
0
0
0
0
0
0
0
0
0
0
0
0
0
0
0
0
0
0
0
0
0
0
0
0
0
0
0
0
0
0
0
0
0
0
0
0
0
0
0
0
0
0
0
0
0
0
18
25
26
27
28
28
28
23
24
23
24
26
27
28
30
28
28
28
28
29
28
28
29
29
30
29
31
32
30
31
31
31
30
31
30
30
31
31
31
32
32
33
34
33
32
32
33
33
36
36
35
32
32
32
32
31
32
33
32
31
31
32
31
32
31
31
31
32
30
31
33
32
33
32
34
32
30
30
32
34
32
33
36
37
34
33
34
35
33
33
34
33
33
33
33
34
34
37
37
35
38
36
34
35
34
35
33
33
32
32
31
32
32
32
31
31
31
32
32
31
33
31
32
34
31
32
34
34
33
31
31
29
30
