72
72
71
71
71
70
73
71
72
72
72
74
71
72
74
73
74
77
72
73
72
71
76
74
73
74
74
75
73
71
72
72
71
70
71
72
71
72
73
71
70
70
71
71
71
72
71
71
71
70
70
70
70
69
69
69
69
68
67
66
66
65
65
64
62
62
61
58
58
58
54
52
51
49
49
47
45
45
50
45
47
46
45
42
38
40
41
40
38
40
40
40
39
38
37
38
33
35
36
37
36
35
34
35
36
35
34
32
32
31
30
30
27
28
35
34
36
34
32
35
35
33
32
30
29
29
29
31
30
29
31
32
31
33
37
35
34
34
31
31
32
34
35
32
30
31
34
31
32
35
35
33
34
36
39
40
42
41
42
42
42
41
41
44
45
44
45
45
44
38
47
47
49
50
48
50
52
52
52
53
54
57
58
58
62
61
62
62
67
70
69
69
69
70
70
71
71
73
69
70
73
72
71
71
71
73
71
73
70
69
68
68
68
69
69
69
70
69
70
71
69
70
69
70
71
72
71
73
72
73
74
75
71
70
76
74
75
73
72
72
71
70
70
70
71
70
70
72
70
69
70
69
68
68
70
73
73
72
72
72
72
72
71
72
69
70
69
70
69
69
69
69
69
68
71
72
68
69
72
71
73
70
71
71
71
72
70
69
