42
46
44
44
43
44
44
41
42
43
41
40
39
37
38
38
38
40
38
38
30
28
29
27
27
27
28
30
27
28
28
28
27
26
26
27
27
25
27
27
26
25
26
26
24
25
24
25
24
24
22
24
23
22
22
24
23
21
21
20
21
21
20
21
21
20
18
20
20
20
20
21
20
21
22
22
22
22
23
24
24
25
25
26
26
25
27
28
29
29
30
29
30
30
31
31
32
31
33
34
35
34
35
36
36
36
38
37
36
37
37
37
38
38
39
40
40
39
38
39
38
40
39
37
40
40
40
42
40
40
42
40
42
41
40
40
41
43
41
42
42
41
44
43
42
42
44
45
45
48
46
45
48
49
50
51
49
49
49
51
53
52
53
53
55
54
54
55
54
54
57
57
57
58
58
59
58
56
56
57
56
59
61
60
56
57
59
56
56
58
56
59
58
59
58
60
59
59
57
62
60
62
63
61
58
60
59
58
60
60
59
61
61
60
59
60
60
58
60
61
63
62
62
64
65
63
62
64
63
65
66
63
65
65
66
70
70
75
73
72
71
75
63
87
75
79
76
79
79
77
75
76
78
73
74
73
72
71
71
71
70
70
72
70
67
63
62
60
59
57
56
54
52
53
53
50
49
49
44
44
42
39
38
39
39
37
35
34
