7
7
8
10
10
8
6
7
7
7
8
7
6
9
10
9
7
7
7
6
7
6
6
7
7
8
9
7
7
10
7
7
7
7
7
7
10
8
6
6
5
7
5
9
6
8
5
6
6
7
5
5
5
5
5
6
5
4
4
4
4
5
5
4
4
7
5
5
4
8
4
4
4
3
4
4
4
3
4
4
4
4
4
4
4
5
5
6
6
5
4
5
5
4
5
6
6
5
6
6
6
6
6
6
6
7
7
7
7
7
8
8
9
10
10
10
9
10
8
7
9
9
8
7
8
9
8
8
8
8
9
10
9
8
8
8
9
9
8
9
8
9
9
8
8
9
8
8
9
9
8
8
10
9
9
9
9
9
13
9
12
10
11
11
12
10
10
10
14
11
12
12
12
11
10
11
12
12
11
12
12
13
12
12
12
13
12
12
12
12
12
11
12
12
11
11
13
11
13
11
11
12
11
11
10
11
11
11
11
12
12
12
13
13
12
12
11
13
10
9
9
9
9
10
11
10
10
9
10
11
12
10
10
10
10
10
9
10
10
10
9
11
12
11
12
9
9
27
10
10
9
10
10
10
9
10
10
10
10
10
9
9
9
10
9
9
9
8
8
8
9
8
7
8
8
8
8
8
8
8
8
8
8
7
7
8
8
8
