6
6
7
7
8
7
6
6
6
6
6
6
6
7
8
8
7
6
6
6
6
6
6
6
6
6
6
6
5
6
6
6
6
6
6
6
8
7
5
5
5
5
5
5
5
5
5
5
5
4
4
5
4
4
4
4
4
4
4
4
4
4
5
4
4
4
4
4
4
4
4
3
3
3
3
3
3
3
4
4
4
4
3
4
4
4
5
6
6
4
4
4
4
4
4
5
6
5
5
6
6
6
5
6
6
6
6
6
6
7
7
7
8
8
8
8
7
8
6
6
7
8
7
12
22
8
8
8
7
7
8
9
8
7
7
7
8
7
7
7
7
7
7
7
7
8
8
8
8
8
7
7
8
8
8
8
8
8
10
8
10
9
10
9
10
9
9
10
10
10
10
10
10
10
10
10
11
10
10
10
11
11
10
10
10
10
11
11
11
11
10
10
11
10
10
10
12
10
10
10
10
10
9
9
9
10
10
10
10
10
10
10
10
11
11
11
9
11
9
10
10
10
10
9
10
10
9
9
10
10
10
9
10
10
11
11
10
9
9
10
9
10
10
9
10
9
9
10
10
10
9
10
10
10
10
10
10
10
9
9
9
8
8
7
28
9
9
8
8
9
9
9
8
8
9
9
8
9
8
8
8
9
9
8
8
8
9
9
