114
94
95
118
119
155
114
134
154
113
126
156
134
141
152
141
157
149
157
147
164
153
152
156
149
153
152
144
153
158
155
148
157
117
81
75
147
85
101
85
80
104
85
60
77
88
81
81
115
95
70
75
71
109
149
148
150
146
146
159
149
147
146
155
136
138
149
147
133
149
158
151
109
163
154
152
152
149
136
142
156
141
135
126
96
78
97
93
74
76
71
95
98
87
108
59
81
138
131
93
84
85
69
81
106
72
65
66
58
61
75
64
95
87
74
111
107
80
125
99
131
150
146
151
104
151
147
148
152
145
151
157
160
143
154
160
146
151
158
137
134
151
98
151
160
112
136
80
138
128
93
78
89
81
85
87
105
126
137
123
111
78
121
127
87
90
89
113
146
141
128
102
91
79
83
79
63
74
118
110
84
114
81
93
71
91
114
103
93
102
87
79
94
112
146
148
148
122
128
138
79
113
127
94
107
111
78
98
120
114
123
114
96
102
85
78
102
153
91
90
122
94
97
88
134
105
101
105
79
85
132
116
93
121
117
83
92
97
109
73
96
72
83
100
105
84
73
83
96
86
90
113
132
130
110
112
105
113
117
146
127
150
158
93
107
97
122
101
139
127
105
130
156
159
149
154
146
151
0
76
56
69
64
71
61
59
65
65
