0
0
0
0
0
0
0
0
0
0
0
0
0
0
0
0
0
0
0
0
0
0
0
0
0
0
0
0
0
0
0
0
0
0
0
0
0
0
0
0
0
0
0
0
0
0
0
0
0
0
0
0
0
0
0
0
0
0
0
0
0
0
0
0
0
0
0
0
0
0
0
0
0
0
0
0
0
0
0
0
0
0
0
0
0
0
0
0
0
0
0
0
0
0
0
52
60
65
60
66
56
54
59
52
58
57
65
70
56
54
66
67
76
82
77
60
91
70
81
52
61
69
106
64
49
54
72
67
85
97
78
67
64
63
67
49
63
62
51
62
64
69
70
70
79
105
62
62
73
56
59
57
53
59
59
57
52
95
99
68
68
73
80
77
68
83
65
77
66
62
60
54
69
68
84
71
69
61
58
55
56
55
62
69
55
56
68
66
83
78
85
81
78
72
77
86
54
69
82
94
77
78
89
95
69
66
58
71
67
63
77
89
79
80
92
72
82
76
73
67
67
83
79
78
70
60
61
64
76
194
143
94
81
77
79
71
72
80
81
105
102
94
79
73
72
84
85
80
66
72
64
73
76
92
72
67
81
93
65
76
67
65
59
65
51
57
63
78
89
89
87
80
75
62
59
63
68
66
72
0
56
59
56
57
54
65
48
73
