99
92
101
97
115
140
109
141
137
116
125
138
137
135
132
143
137
147
132
147
143
129
140
141
137
137
148
137
137
137
139
137
139
130
70
60
94
77
71
67
78
114
83
59
52
73
61
98
121
98
69
67
65
84
143
138
136
145
136
133
141
171
182
162
135
136
151
138
136
144
148
142
125
142
133
134
137
135
131
142
144
149
142
130
77
104
137
143
100
111
65
105
101
99
108
85
145
136
136
70
63
67
78
71
142
92
59
75
75
121
126
110
121
76
69
59
72
143
129
120
148
147
144
131
116
140
161
165
166
145
150
161
155
160
184
172
181
162
195
157
141
133
104
153
146
122
138
125
151
143
128
98
110
84
133
123
162
160
137
147
128
127
141
108
110
98
122
132
141
135
142
141
112
116
70
84
56
146
145
149
142
134
95
116
90
91
108
95
101
104
63
68
99
139
139
140
146
139
148
135
74
113
135
134
108
133
82
88
145
113
116
121
76
122
124
112
148
155
126
145
134
112
134
133
133
143
138
95
97
144
156
105
144
139
140
128
109
110
119
83
81
90
109
140
141
144
111
136
99
88
127
127
135
146
145
147
148
115
132
135
135
132
147
143
138
145
126
133
143
146
145
147
149
153
138
146
148
152
0
60
60
67
60
55
53
41
60
55
