40
72
52
47
69
54
6
3
2
16
4
2
2
3
29
63
51
43
30
54
52
60
35
7
2
14
2
6
40
55
42
31
46
23
3
3
2
2
2
2
2
3
51
65
67
48
43
18
3
2
2
2
2
2
2
2
16
53
78
65
75
34
3
3
2
5
3
2
20
48
65
32
31
5
3
2
2
2
2
2
2
2
5
53
50
49
76
51
3
3
2
2
2
2
2
2
2
32
67
44
44
26
16
3
2
2
2
2
2
2
2
41
69
48
45
48
39
24
3
3
2
2
2
2
29
34
21
4
3
2
2
2
2
2
2
2
2
2
2
2
2
2
3
2
2
2
2
2
4
2
2
2
2
2
2
2
2
2
2
2
2
2
2
2
1
2
13
30
27
15
22
21
25
11
3
2
2
2
2
17
35
36
35
28
19
13
3
2
2
2
2
2
2
2
8
45
60
24
51
56
42
16
5
2
2
2
2
2
9
42
49
41
28
35
35
21
10
6
3
2
2
2
2
10
27
64
23
27
33
62
69
19
10
7
4
4
3
3
3
3
4
3
3
2
2
2
2
2
2
2
2
14
45
49
44
44
40
70
74
93
38
31
16
14
10
5
4
3
3
2
2
2
2
2
2
2
17
65
70
28
17
24
42
68
49
50
71
31
