34
39
37
53
72
58
5
3
2
2
2
2
2
6
39
77
31
46
50
72
54
41
30
10
3
2
2
13
35
52
65
87
69
16
6
2
2
2
2
15
2
7
39
63
43
45
50
7
3
2
2
2
2
2
2
2
14
66
59
42
40
23
3
3
2
2
2
2
22
42
60
68
56
12
3
2
2
2
2
2
15
2
9
33
40
41
54
21
3
2
9
2
2
2
18
3
2
21
56
45
47
57
5
3
2
2
2
2
2
2
2
32
67
47
46
47
37
6
3
2
2
2
2
2
23
39
19
4
3
2
2
2
2
2
2
2
2
2
2
2
2
2
2
2
1
2
2
3
6
2
2
2
2
2
1
1
1
1
2
2
1
2
2
1
1
2
27
22
15
20
29
31
47
15
13
2
2
2
1
10
48
19
57
33
28
20
4
2
2
2
2
2
2
2
13
60
47
56
63
55
46
46
29
3
2
2
2
2
5
57
40
42
30
27
37
24
13
9
3
2
2
2
2
15
57
27
48
42
22
53
39
18
13
8
5
4
3
17
5
3
2
3
2
2
2
2
2
2
2
2
3
27
59
37
54
51
41
39
37
75
72
31
16
43
26
5
3
3
3
2
2
2
2
2
2
2
6
39
74
63
56
53
26
29
35
52
34
24
