50
40
62
49
104
20
25
8
7
2
2
2
2
17
74
24
39
44
42
64
44
65
10
3
2
2
2
25
58
88
63
67
39
56
3
2
2
2
2
2
2
11
54
45
75
45
28
6
12
2
2
2
2
2
2
2
46
28
42
52
39
28
8
3
2
2
2
2
25
36
54
43
75
38
3
2
2
2
2
2
2
2
16
30
44
35
45
34
3
14
2
2
2
2
2
2
2
34
58
72
49
29
12
3
2
2
2
2
2
2
2
39
44
51
44
74
24
6
3
11
2
2
2
2
24
61
32
4
2
2
2
2
2
2
2
2
2
2
2
2
2
2
2
2
2
2
2
2
6
2
2
2
1
2
1
2
2
2
2
2
2
2
2
2
1
2
10
13
27
20
19
36
27
10
3
2
2
2
2
3
27
47
37
26
30
24
3
2
2
1
1
1
1
1
3
20
42
27
25
62
42
12
4
2
2
2
1
2
2
48
35
34
49
22
37
17
25
6
2
2
2
2
2
4
30
26
32
26
55
39
45
24
14
9
5
4
3
3
3
2
3
3
3
2
2
2
2
2
2
2
2
6
78
70
40
65
85
74
53
28
42
41
26
29
24
7
20
9
16
3
2
2
2
2
2
2
4
33
32
31
39
41
59
40
55
58
35
25
