74
125
91
108
91
64
92
88
122
108
92
64
83
69
61
74
115
120
71
73
78
76
103
46
95
125
92
79
67
112
87
72
98
88
75
97
64
141
66
93
60
58
78
56
69
72
101
52
59
49
45
71
68
63
55
73
61
52
53
77
60
67
60
60
57
66
41
81
73
68
95
50
67
71
48
46
49
60
66
89
62
50
44
44
44
76
59
44
61
52
57
42
53
49
48
46
61
96
70
91
63
74
74
149
43
64
43
45
44
74
49
48
63
42
59
54
49
55
60
56
83
72
83
78
111
68
51
51
52
61
84
73
37
82
46
44
46
42
48
48
79
87
106
101
84
45
78
64
67
61
66
57
55
64
92
51
79
50
54
59
68
55
58
58
59
58
63
84
56
53
59
60
67
67
91
94
48
62
77
80
56
51
45
61
55
52
61
70
64
51
50
58
53
62
58
79
120
58
66
74
54
67
71
60
62
71
112
46
51
37
41
69
41
54
97
51
35
51
48
34
47
54
50
53
36
57
69
48
40
54
58
67
80
65
57
75
48
69
47
90
52
60
82
38
64
74
44
38
36
47
87
32
39
36
67
45
47
73
46
43
37
36
49
40
73
51
31
39
37
32
33
29
35
42
59
56
34
31
31
48
114
89
73
47
56
35
57
49
