73
54
29
72
52
65
11
3
2
2
2
2
2
3
52
36
50
33
52
97
38
39
23
2
2
11
5
22
48
36
29
41
48
31
16
2
2
2
2
2
2
8
41
45
45
45
52
8
3
2
2
2
2
2
2
2
25
38
56
48
59
41
17
2
2
2
2
2
21
54
36
32
48
5
2
2
2
2
2
2
2
2
33
41
37
45
42
60
6
3
2
2
2
2
2
2
2
27
43
47
46
71
4
2
2
2
2
2
2
2
4
23
49
43
36
44
40
31
3
2
2
2
2
2
20
45
23
3
3
2
2
2
2
2
2
2
2
2
2
2
2
2
2
2
1
1
1
2
5
1
1
1
1
1
1
1
1
1
1
1
1
1
1
1
1
1
3
24
15
15
22
27
37
41
3
2
1
1
1
4
33
24
36
41
27
17
3
2
1
2
2
2
1
1
4
41
41
55
77
25
20
24
4
2
2
2
2
2
2
18
42
39
64
35
18
12
8
5
2
2
2
1
1
2
18
54
47
63
56
25
16
28
14
10
5
4
23
4
3
2
2
2
2
2
2
2
2
1
1
1
2
3
49
27
47
52
100
61
53
56
38
30
33
32
23
20
3
3
2
2
2
1
2
2
2
1
2
34
38
36
43
72
63
40
66
34
26
19
