33
37
45
37
28
33
7
3
2
2
2
2
2
15
51
41
58
52
77
59
65
78
20
3
2
6
2
23
45
48
43
45
52
36
3
2
2
2
2
2
2
5
45
59
69
52
48
17
3
2
2
2
2
2
2
2
23
50
53
56
70
14
3
2
2
2
11
2
23
50
49
58
28
6
2
2
2
2
2
2
2
2
28
36
38
41
31
18
3
2
2
2
2
2
2
2
2
38
51
49
36
37
4
3
2
2
2
2
2
2
4
28
53
37
32
49
54
6
9
3
2
2
2
2
27
50
21
3
2
2
14
2
2
2
2
2
2
2
2
2
2
2
3
2
2
2
2
3
7
2
2
2
1
2
2
2
2
2
1
2
1
2
1
2
2
2
2
13
15
29
25
35
16
9
3
2
2
2
2
2
12
46
65
64
14
10
3
2
2
2
2
2
1
2
1
26
40
51
30
56
26
27
4
2
2
2
2
2
2
24
47
58
24
46
30
14
12
6
2
2
2
2
2
2
21
43
87
10
36
18
35
16
21
24
19
6
16
4
3
2
2
2
2
3
2
2
2
2
2
2
2
3
26
38
46
56
40
51
48
76
82
13
13
26
12
5
3
3
3
2
2
2
2
2
2
2
8
35
37
39
32
26
47
43
54
42
52
32
