89
51
30
40
25
27
21
3
2
2
2
12
2
15
54
37
61
35
44
40
45
37
5
3
2
2
2
28
54
55
44
64
50
54
3
3
2
2
2
2
2
4
52
50
33
36
31
6
3
2
2
2
2
2
2
2
41
40
49
46
81
57
15
3
2
2
2
2
23
57
49
46
42
5
3
2
2
2
2
2
2
2
16
44
52
53
69
31
3
3
2
2
2
2
2
2
2
47
79
42
60
62
39
12
2
2
2
2
2
2
2
38
59
31
47
75
30
6
3
2
2
2
2
2
31
50
38
3
2
2
2
2
2
15
2
2
2
4
11
2
2
2
2
2
1
2
2
4
14
2
2
1
2
1
1
2
2
2
2
1
2
1
1
1
2
1
15
58
40
50
29
29
46
36
3
2
2
2
2
4
55
66
38
25
23
16
4
2
2
2
2
2
2
2
4
41
37
64
72
37
30
14
5
2
2
2
2
2
2
53
43
61
64
23
21
19
12
7
3
2
2
2
2
2
24
40
37
41
38
30
53
27
15
9
4
10
3
2
3
2
2
2
2
2
2
2
2
2
2
2
2
2
25
39
35
76
79
81
64
51
53
55
25
17
11
5
4
3
2
2
2
2
2
2
2
2
2
28
60
65
58
71
62
46
25
24
36
32
