50
52
56
99
80
117
107
67
43
52
53
61
52
106
69
41
69
66
78
73
70
49
57
93
58
62
89
64
83
121
94
82
67
75
47
54
80
65
75
67
82
94
57
43
61
58
62
37
35
37
44
43
52
87
96
42
33
51
66
64
74
73
77
77
74
75
62
53
74
70
71
83
73
74
93
74
82
90
75
77
78
82
74
83
120
74
91
52
28
40
52
86
74
63
67
61
72
71
79
84
88
94
79
59
86
46
70
62
60
61
69
80
72
71
76
90
79
65
63
63
80
89
55
76
58
63
73
67
82
117
114
66
96
81
63
69
64
70
70
74
74
67
80
99
73
69
54
58
73
96
93
101
84
96
100
109
109
103
108
116
108
76
51
61
79
61
88
66
73
73
74
71
75
76
84
74
98
77
98
80
83
49
64
70
63
65
72
67
74
99
101
55
40
41
66
109
106
73
95
107
52
51
56
56
58
68
86
65
99
50
36
44
45
56
56
59
46
68
94
119
69
48
48
93
38
49
75
67
56
62
65
75
56
54
54
72
67
59
55
56
67
81
45
71
65
71
50
48
49
52
55
58
68
62
55
61
62
62
85
53
54
55
46
58
50
41
51
43
66
51
56
43
51
71
56
41
43
46
42
46
45
72
98
45
53
58
80
59
