71
87
66
59
36
57
9
3
2
2
2
2
2
4
56
46
50
51
62
76
61
43
6
3
2
2
2
17
52
33
37
48
75
30
4
3
2
2
2
2
2
7
53
53
62
73
59
10
13
2
2
2
2
2
2
2
35
54
33
75
52
29
3
3
2
13
2
2
28
48
44
57
50
51
3
3
2
2
2
2
2
2
4
49
43
54
56
40
26
14
7
2
2
2
9
5
2
25
32
57
61
86
5
15
2
5
11
2
2
2
2
33
34
30
67
53
43
20
3
2
2
2
2
2
21
38
27
4
3
2
2
2
2
2
2
2
11
2
2
2
2
2
2
2
2
2
2
4
12
2
2
2
2
2
1
2
2
2
2
2
2
2
2
2
2
2
20
34
43
36
26
28
25
24
3
2
2
2
2
6
46
66
67
23
11
10
3
2
2
2
2
2
2
2
6
48
67
30
44
18
34
13
4
2
2
2
2
2
2
44
47
47
51
54
16
12
11
5
2
2
2
2
2
3
36
27
26
30
23
38
21
13
13
8
4
4
3
3
3
3
18
3
2
2
2
2
2
2
2
2
2
5
81
75
47
84
84
69
67
37
40
28
40
36
11
5
3
3
10
2
2
2
2
2
2
2
3
45
60
28
56
58
71
29
50
27
18
18
