48
81
92
79
60
55
60
94
60
66
69
81
51
81
50
52
93
119
61
56
52
55
66
95
71
68
66
63
61
103
91
50
79
65
59
52
47
59
61
49
53
67
56
62
63
58
68
62
62
56
57
72
61
70
48
47
57
56
61
76
79
87
82
93
78
129
82
44
65
57
71
70
69
69
70
78
108
60
70
64
67
66
70
83
59
94
85
41
113
62
48
54
89
39
73
72
56
63
73
69
133
77
70
96
102
95
95
87
87
113
117
71
102
82
76
70
112
114
103
40
96
69
83
47
108
62
132
47
83
84
87
109
80
98
91
95
110
104
83
88
92
104
107
109
125
120
80
121
106
142
109
103
98
106
96
96
73
124
99
153
75
106
108
107
94
105
96
130
95
136
122
112
85
117
140
123
101
135
90
137
106
135
126
123
130
139
87
125
117
129
87
123
78
130
78
86
90
119
138
155
102
89
97
119
88
104
79
96
116
108
120
102
99
107
80
116
108
106
82
103
80
101
108
124
84
92
115
101
126
97
119
96
103
91
100
95
113
71
113
96
125
93
115
111
103
89
104
66
86
69
149
100
124
86
91
124
101
98
104
118
142
122
115
148
113
125
89
126
91
115
98
106
103
97
96
97
115
111
110
109
106
162
110
159
65
63
76
98
