31
38
65
52
39
51
38
3
2
2
2
2
2
4
39
60
53
40
46
46
58
53
4
3
2
2
2
10
40
44
57
55
46
31
10
2
2
2
3
11
2
2
44
61
70
51
57
8
3
2
2
2
2
2
2
2
12
53
50
72
44
51
17
3
2
2
2
2
14
64
54
49
38
5
3
2
2
11
2
2
2
2
7
46
42
64
48
56
3
3
16
2
2
2
2
2
2
37
47
62
40
40
5
6
2
2
2
2
2
2
5
34
54
45
41
38
54
44
3
2
2
2
2
2
25
36
20
3
3
2
2
2
2
2
2
2
2
2
2
2
2
2
2
1
1
1
1
3
9
1
1
1
1
1
1
1
1
1
1
1
1
1
1
1
1
1
34
28
12
19
30
45
59
25
3
2
2
1
2
11
80
7
27
40
32
22
3
2
2
1
1
1
1
1
13
22
44
27
46
33
43
17
4
2
2
1
2
2
9
48
41
31
29
59
35
17
19
7
2
2
2
1
2
8
26
30
42
41
54
80
30
23
26
27
5
4
7
2
3
2
2
2
2
2
2
2
2
1
8
6
2
27
16
31
42
43
46
55
85
52
58
32
20
21
16
34
3
3
2
2
2
2
2
1
1
1
15
30
63
41
21
22
41
64
86
25
32
35
