45
37
49
54
46
64
10
3
2
2
2
2
2
3
47
67
66
45
37
61
69
63
43
8
2
2
2
5
66
71
67
64
40
57
3
3
2
9
5
2
2
2
36
71
40
71
42
6
6
2
2
2
2
2
2
2
17
61
85
54
48
25
15
3
2
2
2
2
17
42
43
50
28
5
3
2
2
2
2
2
2
2
6
47
35
54
39
49
3
2
2
2
2
2
2
2
2
31
41
40
42
33
19
3
2
2
2
2
2
2
2
32
70
42
35
49
56
11
3
2
2
2
2
2
23
44
45
3
3
2
2
2
2
2
2
2
2
2
2
2
2
2
2
2
2
2
2
4
10
2
2
2
2
2
1
2
2
2
2
2
2
2
2
2
2
2
26
24
37
30
21
30
46
20
3
2
2
2
2
9
48
57
50
24
21
25
4
2
2
2
2
2
2
2
12
57
57
52
63
32
65
27
5
2
2
2
2
2
7
41
65
72
45
14
25
19
12
17
3
2
2
2
2
11
31
26
42
24
50
39
59
66
22
11
7
31
3
2
2
2
2
2
2
2
2
2
2
2
2
2
2
11
72
42
62
54
46
44
39
34
58
62
35
31
31
6
4
4
3
3
2
2
2
2
2
2
9
53
73
47
64
58
41
44
45
39
33
35
