95
86
98
87
94
80
94
81
90
81
89
73
74
61
75
62
73
57
70
57
70
58
70
59
71
60
70
59
71
59
69
62
81
65
70
59
76
58
70
59
73
58
71
60
71
69
79
58
70
62
72
62
76
63
68
68
75
58
72
61
73
63
83
65
76
55
64
52
65
52
67
47
65
50
62
53
64
50
65
47
59
56
78
58
79
51
65
60
81
66
67
53
67
54
67
54
66
58
71
50
65
51
69
54
68
55
66
54
66
54
66
54
64
50
64
52
66
49
66
53
66
54
69
61
71
58
71
60
72
54
65
60
67
56
77
64
79
53
65
44
59
49
64
52
68
55
70
55
75
65
83
62
85
72
77
66
80
65
78
64
74
63
75
62
79
65
76
58
73
60
80
77
83
66
80
73
82
69
78
72
71
65
77
65
80
67
81
70
95
76
86
70
83
62
81
70
101
97
108
87
93
86
91
79
97
76
86
71
82
73
84
71
87
84
87
81
89
81
89
78
90
81
92
83
90
73
89
65
89
80
86
72
80
66
75
60
77
66
80
66
83
66
78
63
78
65
78
72
75
63
75
62
75
70
86
68
77
63
77
68
79
70
78
68
86
79
94
99
103
79
91
78
81
78
82
66
80
68
86
84
80
67
78
67
80
64
80
70
