67
93
60
54
68
76
73
92
77
57
55
59
55
55
53
57
60
114
93
87
85
85
61
65
58
69
68
90
78
106
83
57
54
54
57
60
66
64
60
61
84
74
98
73
84
107
80
67
68
83
80
68
67
59
63
59
70
67
78
72
99
61
69
62
76
66
50
95
91
33
43
79
85
82
64
105
75
51
64
56
53
70
88
66
52
72
89
57
84
104
56
57
88
78
63
60
58
85
107
55
87
66
105
42
55
77
64
65
66
86
56
69
107
77
56
44
55
56
94
57
87
59
100
54
59
116
45
72
74
67
68
56
62
58
67
67
60
66
70
66
94
62
73
54
82
72
71
76
103
106
52
59
50
55
63
64
78
64
71
68
83
73
67
91
91
58
60
71
88
51
70
63
89
77
76
64
79
72
63
84
62
70
69
63
71
118
153
108
61
61
69
91
56
64
95
82
78
75
80
63
52
60
54
65
62
64
72
85
72
60
68
80
67
70
73
73
74
59
67
84
86
98
62
50
63
65
74
49
62
58
55
50
76
52
58
72
91
65
70
81
85
79
78
76
85
80
89
75
82
78
96
131
114
88
62
65
76
89
88
61
68
74
75
73
50
66
61
60
97
54
52
50
48
56
77
64
97
64
43
48
65
62
79
73
84
64
96
54
