114
142
132
85
57
94
64
93
58
67
73
67
79
90
88
63
70
123
75
98
91
104
167
62
52
84
72
58
87
68
78
88
121
60
76
58
68
65
63
84
121
48
77
67
80
65
62
121
56
57
55
96
54
104
65
72
52
56
103
55
62
58
54
49
55
50
49
65
59
75
51
55
50
56
53
54
133
72
67
79
64
61
57
74
68
68
66
62
125
67
64
65
86
81
87
54
49
52
54
67
107
114
60
63
56
56
50
75
109
88
65
98
55
78
70
78
105
70
52
50
74
57
58
59
67
70
80
79
121
97
144
151
136
90
83
88
92
99
105
115
122
42
70
77
80
67
66
69
75
88
95
81
69
86
96
86
88
83
76
94
96
69
59
81
78
69
69
80
79
77
119
55
35
56
95
117
37
58
39
59
55
58
64
60
56
64
69
69
66
61
54
62
65
73
73
145
153
88
84
91
73
68
80
63
75
72
76
62
74
75
69
81
89
68
70
77
86
68
84
83
110
71
87
80
73
82
88
94
92
42
39
81
132
87
77
62
87
78
63
76
83
78
80
80
83
77
90
82
87
87
70
54
58
54
61
58
69
82
68
71
63
74
79
71
68
69
64
86
88
70
38
51
54
52
95
72
91
86
113
150
135
72
106
93
68
72
90
64
