54
53
48
54
60
54
59
60
65
66
83
72
62
66
79
64
70
150
96
70
60
69
78
92
103
88
96
106
79
64
152
74
112
138
163
153
139
130
127
123
115
118
134
141
149
124
120
25
41
50
54
67
62
115
67
50
73
66
66
66
79
67
70
92
36
88
44
34
53
67
90
45
69
57
56
66
50
57
74
91
104
61
65
68
65
69
67
69
82
59
65
75
67
71
89
86
51
62
82
77
54
49
54
51
47
109
55
51
66
62
57
58
71
104
90
58
50
49
52
76
109
50
45
78
53
183
76
52
57
79
76
64
81
76
83
84
76
79
90
83
80
95
94
102
106
81
81
82
69
75
69
78
76
108
80
80
85
83
84
116
87
107
100
99
115
98
78
90
133
89
81
73
66
60
80
70
63
71
64
57
69
97
121
80
62
63
74
64
65
97
76
102
86
100
105
43
38
170
107
73
52
86
96
66
61
94
80
71
59
95
64
70
64
87
51
44
57
55
68
127
65
58
90
116
79
61
56
43
66
56
57
63
69
97
87
51
46
49
53
58
85
74
53
64
51
49
54
63
51
46
60
57
55
62
56
81
78
50
54
50
53
68
69
96
96
98
76
71
46
45
45
44
84
48
53
71
60
59
56
53
67
140
47
48
59
99
53
52
