6
6
5
6
6
6
5
6
12
14
9
12
23
27
21
22
18
26
23
23
26
21
17
12
18
9
8
15
7
10
6
6
6
5
5
5
6
6
6
5
6
6
6
5
19
5
5
8
6
6
5
5
5
5
5
5
13
6
5
5
7
18
5
8
5
5
5
9
6
5
5
5
5
6
22
5
5
5
5
5
7
5
5
5
5
5
5
4
4
5
14
12
6
5
5
5
7
5
5
6
6
6
6
6
5
5
5
6
6
7
6
16
20
20
18
17
15
8
12
10
7
7
9
9
9
12
11
10
10
11
17
17
17
16
15
10
10
17
17
17
10
10
15
27
13
13
10
7
10
7
13
13
10
12
12
10
12
12
17
13
36
8
7
7
7
13
12
43
7
13
8
9
10
9
9
9
10
9
8
9
9
12
17
11
18
9
11
10
8
8
17
18
7
7
31
17
7
12
6
9
8
7
7
14
6
15
9
9
6
9
7
7
6
6
10
7
14
8
9
6
7
7
8
6
18
9
6
7
7
7
6
9
6
6
6
6
7
6
6
6
7
8
9
9
8
8
8
8
7
7
7
7
8
8
8
6
6
6
6
14
10
6
6
6
7
7
5
5
6
12
5
6
7
7
7
7
7
12
7
7
7
10
7
6
7
7
7
6
