40
38
72
55
42
35
9
3
2
2
2
2
2
3
39
47
43
44
61
98
60
29
4
3
2
2
2
12
57
44
35
65
64
21
3
3
2
2
2
2
2
2
48
51
35
102
66
26
3
2
2
9
2
2
2
2
14
68
73
106
28
31
6
9
2
2
2
2
18
60
41
69
33
5
3
2
2
2
2
2
2
2
3
46
35
46
52
35
3
2
2
2
2
2
2
2
2
45
39
64
71
32
4
3
2
2
2
2
2
2
2
37
52
44
67
75
31
19
3
2
2
2
2
2
21
40
48
11
2
2
2
2
2
11
2
2
2
2
2
2
2
11
2
2
1
1
1
4
12
1
2
1
1
1
1
1
1
1
1
1
1
1
1
1
1
1
14
46
47
37
52
32
50
19
2
2
1
1
1
3
45
75
13
37
27
13
3
2
1
1
1
1
1
1
2
28
41
29
62
36
50
44
15
2
2
1
1
1
1
34
24
48
67
50
31
22
17
9
2
2
1
1
2
2
32
42
64
35
61
46
21
11
14
9
5
5
4
3
3
3
2
2
2
2
2
2
2
2
2
1
2
3
64
72
70
59
55
93
55
44
31
26
25
31
18
25
4
4
3
2
2
2
1
1
2
1
2
19
28
39
57
27
44
85
34
24
26
17
