89
130
91
105
75
93
55
86
53
48
76
78
119
89
61
90
93
50
91
83
58
53
55
50
60
90
56
73
60
51
152
131
34
36
41
57
48
58
50
57
80
63
77
58
71
70
74
86
71
70
80
81
91
56
59
54
85
98
77
44
51
46
62
79
106
96
57
44
57
39
65
75
82
54
54
55
159
61
40
56
59
85
66
112
36
62
77
101
69
59
59
60
66
60
56
58
95
48
62
85
78
70
79
79
89
91
86
81
90
89
95
80
56
87
90
54
66
106
91
58
73
61
107
87
94
59
84
75
90
107
102
96
107
77
87
100
95
101
101
94
109
99
100
122
118
123
111
103
97
91
71
75
101
78
111
132
90
78
82
82
82
82
89
120
107
116
96
78
71
85
114
64
80
72
81
85
80
93
85
68
62
68
108
69
70
64
61
76
71
81
91
83
81
87
112
165
181
167
152
71
57
60
76
65
87
86
118
90
82
84
79
87
80
78
83
80
62
55
64
59
64
77
72
66
70
63
102
87
57
62
65
70
57
69
86
76
76
64
75
89
80
62
63
57
56
66
73
60
60
69
71
61
71
60
61
62
74
66
79
59
62
61
78
73
69
75
72
61
90
62
60
63
63
85
66
73
51
58
50
53
57
51
51
77
100
113
59
48
