12
5
5
5
4
5
7
5
10
6
8
11
24
26
20
23
21
39
25
23
28
21
18
11
14
11
17
8
5
9
4
5
5
9
4
7
4
4
19
10
5
6
6
4
5
5
4
5
5
4
4
5
4
6
7
4
4
4
5
5
4
4
4
5
5
4
4
4
4
4
4
4
4
4
4
4
4
4
4
5
5
5
6
4
12
9
4
5
4
5
4
5
4
4
3
4
3
4
4
16
10
10
8
6
7
7
9
10
12
15
11
24
26
26
29
24
19
9
9
10
10
8
8
9
10
13
9
9
9
9
18
17
17
17
16
11
8
17
16
16
8
9
13
20
19
19
14
12
12
13
22
21
15
19
25
8
7
15
10
7
8
9
7
10
8
9
7
10
11
8
7
6
18
10
18
7
7
7
8
8
8
7
13
8
12
12
7
20
7
7
7
9
8
7
18
8
8
7
13
9
10
9
9
6
15
19
7
9
7
6
10
9
5
5
5
6
6
6
7
7
12
6
5
5
8
7
9
6
6
6
6
5
6
7
6
9
7
6
7
10
7
7
13
7
7
6
6
15
6
6
6
6
8
6
6
9
6
5
7
13
6
6
8
8
6
6
5
5
6
7
12
8
6
5
7
8
7
11
6
6
6
17
6
9
16
6
6
6
