65
73
83
71
76
104
55
60
75
59
66
58
58
56
71
55
62
68
108
70
68
67
67
73
86
128
107
58
63
93
67
67
90
66
61
66
76
70
83
85
92
54
76
61
97
72
66
75
65
71
80
70
70
51
58
60
95
75
59
60
65
63
68
61
49
52
76
99
84
88
74
76
61
66
64
69
64
76
65
73
71
116
109
62
80
49
82
57
42
134
60
58
60
65
71
72
71
50
58
63
54
83
59
61
61
64
65
74
71
77
74
81
96
91
60
60
61
59
61
62
115
108
87
80
102
109
108
98
102
134
151
101
90
70
72
75
96
88
95
112
156
151
97
102
105
109
112
114
98
105
112
50
90
70
64
76
85
88
82
79
77
64
81
86
85
98
98
97
99
101
125
122
104
93
97
94
105
127
69
55
29
35
81
73
83
87
88
93
65
63
102
67
82
60
73
78
77
128
74
103
75
81
65
96
105
48
66
101
69
79
87
85
106
73
70
68
71
80
89
82
89
79
61
41
47
52
85
86
67
80
57
71
80
68
64
58
57
74
90
73
69
69
48
59
58
64
99
56
51
50
60
67
74
79
59
51
80
75
62
62
57
51
102
55
56
100
54
48
53
51
60
44
58
61
45
54
44
47
40
52
80
66
42
54
50
51
93
51
