83
144
79
68
100
102
52
60
58
53
78
57
93
50
58
66
50
97
86
62
66
56
85
79
79
82
78
77
105
74
91
80
76
74
57
74
63
79
76
71
78
87
67
61
67
69
50
54
45
52
77
63
71
60
56
61
66
65
71
98
38
56
60
51
75
60
64
54
58
75
91
80
50
64
66
51
131
76
40
58
47
54
59
48
53
62
52
48
57
53
49
46
71
64
51
56
58
85
98
132
64
70
75
76
69
88
70
76
91
90
66
79
87
110
56
85
79
95
104
92
81
72
161
110
69
63
67
67
91
75
115
62
92
81
76
67
114
64
84
60
105
66
91
83
94
67
84
85
89
90
117
94
99
87
109
114
95
66
68
54
50
58
66
64
60
66
57
60
70
67
78
66
108
127
108
82
104
117
103
48
68
63
64
62
87
71
77
64
74
85
72
74
71
73
102
137
138
115
142
129
79
47
45
63
91
55
59
114
59
90
36
38
62
48
66
120
38
37
77
71
88
70
67
61
65
59
73
67
58
65
60
111
97
88
83
92
129
78
60
86
65
58
62
68
58
61
68
45
55
67
79
64
53
67
80
76
89
75
75
83
77
88
87
81
79
75
89
83
75
59
53
64
62
61
72
68
61
61
60
56
72
118
56
57
70
77
68
56
