120
171
145
206
145
152
131
177
99
115
157
130
169
195
200
186
213
159
152
163
134
168
166
97
85
128
143
163
153
150
149
140
128
113
95
145
141
134
129
137
115
150
152
159
144
116
112
125
144
120
112
137
124
148
144
138
135
133
124
111
140
133
122
105
101
123
146
111
144
126
139
116
115
153
146
156
130
143
136
119
108
100
115
110
122
109
134
112
116
68
96
91
98
111
97
101
99
119
147
141
148
98
113
136
119
95
106
139
132
112
121
165
169
149
71
106
149
110
76
90
103
96
109
111
92
77
84
82
81
67
93
93
62
75
62
87
86
110
103
56
88
80
57
95
95
113
89
107
59
78
89
103
55
85
109
154
94
133
125
144
121
129
120
70
113
142
152
124
97
94
89
100
117
83
71
61
77
100
73
96
86
148
142
112
94
106
77
93
112
86
104
77
105
107
90
100
116
111
141
115
97
87
101
93
58
67
87
72
98
84
64
89
82
139
147
151
118
139
127
119
134
126
146
134
105
80
79
75
69
69
82
83
105
79
84
122
131
112
84
121
110
102
128
89
82
71
68
77
79
73
76
89
77
111
159
115
116
104
114
103
101
72
115
119
87
100
89
68
107
117
106
101
107
110
87
91
139
84
116
124
112
126
140
113
78
108
108
112
