43
57
56
46
45
46
58
53
51
52
52
52
51
49
45
45
46
46
44
41
40
44
52
53
47
47
45
46
47
47
44
42
39
40
40
38
42
48
40
43
42
55
36
34
33
31
30
28
31
29
27
26
40
28
32
37
27
27
29
23
23
21
29
21
21
22
26
20
20
20
19
18
18
18
17
18
18
17
21
16
16
16
16
15
16
23
16
17
16
16
16
17
15
16
15
15
15
15
15
16
16
18
17
22
26
18
15
14
15
17
14
19
20
30
16
16
15
16
16
16
16
18
16
35
20
16
19
17
17
18
27
17
17
18
17
18
19
19
19
19
18
19
19
19
23
21
21
21
22
20
22
22
21
23
22
23
25
33
23
24
25
26
26
25
25
26
26
26
27
27
27
29
28
28
28
28
29
30
37
32
32
34
30
30
30
33
31
31
31
39
32
31
31
32
42
31
27
26
28
30
28
39
31
27
28
30
30
34
38
53
41
34
33
32
32
34
31
46
33
32
32
32
34
32
40
37
28
29
28
29
30
32
30
37
34
34
34
33
32
32
33
31
31
34
33
31
34
36
34
35
36
41
43
34
33
32
33
34
35
40
41
45
44
34
36
49
35
47
36
34
36
36
38
49
44
42
39
38
38
44
42
39
40
40
43
43
41
40
