61
51
55
58
65
61
65
77
65
70
67
71
75
69
73
71
66
65
55
57
54
56
64
66
62
66
64
60
59
59
61
59
52
54
50
57
85
48
50
46
46
44
48
48
49
47
41
41
49
46
40
43
43
37
38
43
39
40
41
40
37
35
35
32
31
32
31
31
31
47
27
29
26
27
27
26
27
26
27
28
28
22
22
22
23
24
24
25
24
25
25
25
25
24
19
19
19
20
21
20
25
35
23
21
23
22
22
24
27
23
20
22
21
28
23
29
20
20
20
21
21
22
24
24
26
25
25
25
35
35
29
28
27
27
31
28
30
30
30
31
39
33
37
36
37
43
39
39
39
40
43
42
41
43
44
39
42
44
45
46
46
53
56
66
54
56
58
57
58
61
52
49
48
45
43
47
49
47
55
62
46
52
47
45
46
45
50
46
42
44
50
46
48
51
60
52
44
43
48
50
44
49
48
45
47
48
48
51
54
54
51
53
53
49
66
41
41
43
47
41
75
44
40
45
41
39
43
37
43
44
42
39
44
41
43
46
45
41
47
43
48
46
46
61
46
48
60
47
48
42
47
45
57
47
47
44
45
45
52
49
42
43
43
43
42
47
44
48
49
46
46
54
50
48
46
48
59
59
64
49
55
50
55
54
50
48
49
55
