60
63
67
69
69
72
91
71
69
74
71
72
66
67
66
67
65
66
67
58
58
59
72
68
68
68
70
63
65
72
57
57
55
55
55
57
56
51
52
52
48
48
47
48
47
51
42
45
44
42
43
43
53
39
38
40
37
40
33
34
33
32
39
36
29
31
28
27
26
27
41
34
25
25
24
28
23
23
25
25
25
22
23
23
40
34
24
23
22
22
23
22
22
22
21
22
22
23
22
23
22
22
22
22
25
34
26
34
28
26
21
20
20
21
20
22
20
21
21
21
21
22
21
38
24
28
24
24
35
24
38
30
27
27
28
28
30
30
30
32
32
35
31
31
31
33
36
35
33
35
35
34
38
41
36
38
37
41
35
39
38
41
40
42
53
41
46
41
45
43
46
51
43
48
45
47
45
45
54
50
52
51
50
46
50
48
47
49
45
47
47
49
49
53
63
49
45
44
51
41
45
51
47
46
50
46
46
50
49
51
53
51
50
49
53
47
49
48
49
53
51
48
50
47
54
47
47
45
46
49
46
49
45
49
58
46
46
46
48
46
46
44
46
46
57
49
54
49
57
54
49
50
58
50
68
63
56
53
49
49
52
49
50
52
49
48
54
63
50
52
54
57
60
64
61
58
64
59
65
57
63
58
71
64
58
60
60
66
