53
57
58
61
61
66
70
61
74
67
68
74
67
58
60
66
71
78
91
83
84
96
96
88
87
95
80
79
82
77
84
77
73
75
75
89
70
62
61
66
54
55
53
53
55
55
57
59
53
68
55
52
88
48
54
54
53
59
47
53
54
52
61
55
48
50
49
50
48
47
40
39
38
36
31
32
32
33
33
30
29
29
30
34
37
33
37
27
29
28
23
25
28
34
22
20
22
22
22
22
22
23
22
25
22
26
23
31
26
27
30
27
27
22
23
23
23
27
23
23
22
23
33
47
41
32
27
27
26
34
39
49
29
29
25
23
25
27
30
31
32
33
35
36
37
39
39
44
39
35
31
40
33
42
30
27
27
39
34
36
46
61
51
34
25
29
38
30
27
29
29
32
33
34
36
38
42
35
36
31
32
32
39
36
35
37
34
36
37
40
41
43
58
36
50
46
29
33
31
27
28
40
52
38
31
35
36
31
34
38
37
37
39
52
40
39
33
34
32
35
28
29
31
31
46
50
34
38
37
39
37
37
42
42
42
37
35
34
30
33
38
35
31
32
32
33
35
37
43
40
37
37
33
37
31
33
37
43
32
38
33
33
40
41
34
56
37
44
31
31
33
37
34
44
41
37
41
41
49
39
39
39
39
40
44
48
45
43
