46
48
47
49
48
50
52
53
50
50
52
52
51
53
50
50
49
49
47
46
58
57
56
52
54
49
49
49
45
46
45
44
52
43
42
43
42
41
40
41
40
37
37
38
37
33
33
32
32
31
29
29
32
29
32
27
26
28
25
23
24
23
25
22
32
22
20
20
19
21
19
18
19
18
18
18
18
17
18
17
18
17
17
17
18
18
15
18
16
16
16
16
16
15
14
14
14
16
15
16
16
15
16
16
16
22
18
16
21
17
14
15
15
16
15
15
14
18
15
16
16
16
16
20
18
21
18
17
16
18
22
18
17
18
17
18
18
18
20
19
19
19
19
20
21
21
21
25
22
22
23
24
24
24
23
23
24
24
24
24
24
26
27
26
26
40
27
27
29
29
29
29
29
29
30
31
30
32
31
31
34
33
44
31
32
32
32
33
31
31
33
38
32
32
36
30
27
28
29
30
28
33
30
29
35
30
38
36
35
33
34
36
35
34
34
35
34
42
34
34
34
33
33
35
34
37
32
32
32
32
32
39
33
33
33
33
32
33
32
31
32
31
32
33
33
40
33
36
39
35
37
35
38
34
33
33
36
53
39
38
39
40
39
41
35
37
42
40
36
37
46
40
41
44
44
42
42
41
43
40
41
42
71
41
39
44
44
43
