46
50
54
49
64
53
58
54
58
60
57
56
57
50
55
51
52
60
57
52
48
53
64
56
54
55
47
48
47
50
62
45
45
48
43
42
41
44
43
47
41
41
37
39
40
38
30
32
36
31
36
32
36
31
27
29
39
31
28
25
24
23
30
25
24
21
21
20
24
20
19
29
19
19
18
18
17
16
16
17
18
18
16
17
19
24
17
39
16
19
16
16
16
15
21
15
16
15
16
16
17
17
32
20
19
17
14
15
15
16
18
14
14
15
14
15
15
16
16
16
15
36
18
44
16
16
16
17
19
19
29
23
32
26
24
21
22
22
23
24
23
27
21
20
22
23
23
24
24
24
24
30
27
24
27
25
26
26
33
25
28
28
31
33
30
29
33
28
29
29
29
31
31
37
32
31
32
33
35
32
33
32
34
32
34
30
32
32
35
32
31
31
32
33
47
31
28
50
28
28
29
42
32
31
30
32
35
39
35
35
36
37
41
36
35
37
38
40
36
34
33
34
37
30
44
32
33
33
35
40
35
34
33
32
37
38
41
35
32
35
35
34
37
36
34
35
38
43
45
38
45
37
34
34
41
35
36
59
51
61
43
38
36
41
36
36
39
45
37
43
41
45
51
59
55
49
52
48
52
47
51
58
58
53
51
59
57
52
