60
47
50
53
50
51
54
55
54
58
52
53
55
58
55
59
51
53
52
47
47
50
59
53
52
52
50
51
49
47
51
44
44
44
42
42
45
41
41
42
39
38
37
40
37
37
37
34
36
40
34
32
40
37
50
31
29
29
28
29
28
26
31
25
23
23
23
23
22
22
26
27
23
22
19
19
18
18
34
20
18
19
18
18
18
23
18
19
18
17
17
17
17
17
16
16
17
28
16
17
17
17
20
28
21
18
17
17
18
17
17
17
21
17
17
19
17
18
17
18
17
18
18
27
19
19
19
19
19
20
28
20
20
20
27
20
31
20
29
21
20
21
21
22
22
27
23
25
24
24
25
25
26
26
26
25
28
26
27
27
29
29
27
33
27
28
29
29
30
30
31
31
35
31
30
31
32
32
34
43
46
45
43
45
42
40
40
40
40
56
42
42
43
48
53
46
36
35
38
40
37
49
45
37
40
38
39
41
42
43
44
44
43
44
47
43
45
42
42
42
58
42
44
40
47
45
41
58
33
36
35
35
34
35
35
38
36
38
34
34
35
35
36
37
38
37
41
39
40
44
39
41
40
38
48
47
46
40
39
41
41
47
46
37
38
38
38
56
41
43
46
42
42
52
47
49
52
46
45
45
47
48
50
44
44
46
48
46
