57
61
57
57
59
73
60
60
58
62
69
60
58
57
62
56
53
54
69
56
51
72
83
56
59
69
69
67
70
53
54
50
45
46
45
60
51
50
60
48
44
42
44
46
43
40
39
37
39
69
37
57
54
38
36
31
34
35
38
32
33
31
43
34
29
35
35
29
28
31
28
27
24
24
25
24
27
28
22
21
25
28
19
19
20
29
18
27
19
17
19
22
22
18
17
29
26
19
18
19
25
19
27
28
24
18
18
18
18
19
18
23
18
23
21
21
19
21
33
23
24
34
22
33
20
19
22
22
23
24
45
22
23
23
22
23
23
24
24
24
25
39
35
31
35
33
33
38
32
32
32
32
36
31
32
30
31
31
34
33
34
39
40
40
38
39
46
40
40
42
45
38
38
42
48
46
43
42
43
48
47
50
49
46
53
41
41
41
41
41
49
51
42
46
72
44
40
43
42
45
48
57
43
40
41
41
41
45
57
51
49
56
54
51
42
47
43
49
52
60
46
48
48
37
50
40
46
44
43
46
52
49
43
45
48
56
53
53
48
49
45
49
46
45
50
45
47
43
45
50
49
47
49
46
54
58
56
50
58
54
47
46
49
51
65
51
43
57
55
55
50
52
51
57
57
56
55
51
56
57
49
56
61
57
58
56
54
57
