20
19
19
18
18
18
19
18
19
19
17
18
18
17
18
18
19
18
18
18
18
19
19
17
16
17
16
17
16
16
16
16
16
17
16
17
15
15
16
15
15
15
15
15
15
15
15
15
15
15
15
15
14
13
13
14
13
12
13
12
11
11
12
11
11
11
11
12
11
11
10
11
10
11
10
11
11
10
10
10
11
11
10
11
11
11
12
12
12
12
12
13
13
13
14
14
15
14
14
15
15
15
16
17
16
17
18
18
19
18
18
19
20
20
21
21
22
22
22
21
22
22
23
23
22
23
24
24
23
23
24
23
22
0
26
25
26
26
25
25
24
25
24
24
25
23
23
24
24
25
26
25
26
25
26
26
26
27
26
27
28
27
27
27
27
29
31
32
30
30
30
31
33
31
31
35
35
35
36
37
35
37
36
35
36
36
34
32
34
33
37
33
33
33
33
34
33
33
32
33
33
34
35
35
35
34
35
32
30
30
30
32
32
32
31
31
29
28
30
29
29
29
29
27
29
27
26
26
27
26
27
26
26
25
26
26
26
26
27
26
26
25
26
25
27
26
25
27
26
27
24
26
25
25
26
25
24
24
25
25
26
25
23
24
23
24
21
21
20
21
20
20
20
19
19
18
19
18
18
18
18
18
17
0
21
21
21
21
