27
26
29
31
31
32
33
35
35
36
35
35
32
29
30
27
27
28
27
27
23
25
25
22
21
20
18
17
16
15
15
14
13
12
12
12
11
12
12
12
12
12
12
11
11
10
9
9
17
11
11
9
9
8
8
7
7
7
6
6
6
5
5
5
5
4
4
3
3
3
3
3
3
3
2
2
2
2
2
2
2
2
2
2
1
1
1
1
1
1
1
1
1
1
1
1
2
1
1
1
1
1
1
1
1
1
1
1
1
1
1
1
1
1
1
1
1
1
1
2
2
2
2
2
2
2
2
2
2
2
3
3
3
3
3
3
3
3
4
4
4
5
5
4
4
5
5
6
5
5
5
7
7
6
6
6
7
7
7
7
7
7
8
8
8
8
8
8
8
8
8
9
9
9
9
9
10
10
10
11
12
12
12
28
17
16
15
15
16
15
16
15
16
15
16
18
20
20
20
20
21
22
22
22
22
18
17
16
16
17
16
16
16
15
14
14
15
15
15
14
15
14
14
14
14
15
14
15
15
14
14
14
14
13
15
16
16
16
15
15
14
14
14
14
14
14
14
14
14
14
15
15
15
15
15
16
16
16
17
17
17
17
16
18
18
18
18
17
19
20
21
23
23
25
24
24
25
24
23
24
25
25
24
20
23
25
26
26
