27
26
30
32
32
33
34
34
33
34
34
33
32
31
32
30
29
30
27
24
22
26
24
20
21
20
20
18
16
16
16
14
13
13
12
12
12
12
12
12
12
11
11
10
10
9
9
9
17
11
10
9
8
8
7
7
7
6
6
6
5
5
5
5
4
4
4
4
3
3
3
3
3
3
2
2
2
2
2
2
2
2
1
1
1
1
1
1
1
1
1
1
1
1
1
1
1
1
1
1
1
1
1
1
1
1
1
1
1
1
1
1
1
1
1
1
1
1
1
1
1
1
1
1
2
2
2
2
2
2
2
2
2
2
3
3
3
3
3
3
3
4
4
4
4
4
4
6
5
5
5
6
6
5
6
6
6
6
6
6
7
7
7
8
8
8
8
8
9
9
9
9
9
9
9
9
10
10
10
12
12
13
12
12
12
12
11
17
43
14
13
12
12
12
12
13
14
52
18
18
17
17
17
17
17
17
18
16
17
16
16
17
16
16
16
16
16
16
16
14
15
14
14
14
14
14
13
13
13
14
14
13
13
13
13
13
13
13
13
13
13
13
13
13
14
14
14
14
14
14
14
15
15
15
15
16
16
16
16
16
16
17
16
17
16
16
17
16
17
19
20
23
23
24
23
24
25
25
24
25
25
27
26
24
25
27
26
26
