31
29
38
38
37
41
40
45
43
44
41
43
42
36
40
35
37
41
35
30
27
34
29
22
23
22
22
19
20
18
19
17
15
15
14
14
14
15
15
15
15
14
13
13
13
12
11
10
20
13
11
10
10
9
9
9
8
8
7
7
6
6
6
6
6
5
5
4
4
4
4
4
3
3
3
3
3
2
3
2
2
2
2
2
2
2
2
1
1
1
1
1
1
1
1
1
2
1
1
1
1
1
1
1
1
1
1
1
1
1
1
1
1
1
1
1
2
1
2
2
2
2
2
2
2
2
2
3
3
3
3
3
3
3
3
4
4
4
4
4
4
4
4
5
5
6
6
7
6
6
6
7
7
6
6
7
7
7
8
8
8
9
8
8
9
9
9
9
10
9
9
10
10
11
11
11
11
11
11
12
14
14
14
13
14
13
13
12
13
13
14
13
16
70
19
18
17
18
18
19
19
21
21
20
21
20
20
19
19
20
19
19
19
18
18
18
18
18
19
18
17
18
17
17
16
17
16
16
17
17
16
15
17
16
16
17
16
17
16
16
17
17
16
15
16
15
16
16
16
16
17
16
18
19
18
18
19
20
20
20
20
21
19
19
20
20
18
18
21
23
23
25
26
29
29
29
31
32
30
30
30
30
32
28
28
33
28
27
