8
4
4
7
2
9
8
0
39
21
32
29
16
7
34
0
2
15
4
0
19
19
9
16
7
0
0
0
8
0
0
9
0
0
9
1
2
0
7
0
0
7
0
0
36
1
11
7
7
9
14
5
10
12
12
7
8
38
16
10
0
0
0
9
0
0
0
0
0
1
7
0
3
2
7
4
2
9
23
5
15
14
12
16
19
11
19
21
16
18
8
25
9
16
18
9
17
12
37
15
27
11
11
19
17
6
16
20
9
10
15
15
31
16
22
13
28
11
30
13
15
52
20
3
10
14
5
10
23
10
21
17
29
4
4
12
24
3
25
46
28
42
64
37
25
51
29
29
17
16
18
10
3
1
0
24
0
1
8
0
2
14
9
18
1
0
19
24
1
9
6
13
14
16
10
18
24
63
63
36
19
46
46
11
21
22
22
31
29
35
63
53
8
67
10
50
37
19
53
21
55
61
86
39
45
42
12
36
51
52
47
1
14
41
38
79
13
21
14
67
43
40
43
40
33
9
29
16
61
54
14
42
20
38
102
39
26
69
80
52
44
56
36
38
42
21
18
82
46
53
20
26
88
52
44
17
70
45
37
60
76
36
61
54
46
40
66
35
15
79
46
34
107
38
45
36
21
18
18
21
20
3
18
52
9
8
2
5
