70
71
71
73
75
76
74
72
73
72
79
82
82
80
86
84
82
82
80
83
79
73
72
72
74
78
78
83
86
83
76
63
64
55
48
47
45
55
58
55
50
54
59
56
57
51
55
46
48
45
40
40
39
39
36
39
45
44
45
41
41
41
43
50
48
43
41
36
41
44
36
30
27
28
27
26
26
28
36
31
39
37
29
27
27
25
26
26
33
36
34
34
37
36
37
39
29
30
36
39
39
50
46
43
43
37
36
34
35
57
53
51
40
32
41
39
40
32
28
18
1
3
13
18
24
33
33
36
31
27
21
24
25
26
29
37
37
35
33
37
38
36
35
35
31
33
32
31
35
40
37
38
39
40
45
44
43
47
48
46
48
49
47
42
38
40
43
47
46
35
51
44
45
46
40
37
31
33
36
38
37
46
53
45
47
45
42
43
44
42
45
44
41
48
55
58
55
53
46
46
61
52
49
50
52
54
53
59
65
60
59
61
61
60
58
58
61
65
62
65
59
62
54
51
52
58
68
74
64
73
71
71
68
67
78
71
84
83
80
75
75
67
66
71
68
63
59
64
66
60
58
60
65
67
69
69
73
67
80
72
65
59
55
55
54
54
53
53
58
58
59
59
60
61
70
74
63
62
66
69
71
69
72
79
78
70
66
65
