7
4
4
4
5
5
5
4
4
4
4
5
4
5
5
3
3
6
4
6
10
12
11
10
8
5
6
6
5
5
5
6
5
4
5
4
6
7
7
6
6
5
7
5
5
5
4
4
5
6
5
5
5
4
4
3
4
4
3
3
5
4
4
4
5
4
3
4
6
4
4
4
9
6
5
5
4
3
3
4
4
4
4
4
8
6
5
6
6
6
7
7
7
7
6
6
8
11
9
8
6
7
8
9
9
8
7
7
8
7
8
9
10
11
15
13
14
17
17
20
20
20
21
20
21
20
20
20
20
21
20
17
23
25
21
20
22
17
19
21
20
22
20
16
23
23
22
23
24
24
20
19
18
16
14
17
24
24
25
23
20
19
20
21
22
25
24
22
32
34
31
35
35
35
34
35
32
29
30
29
34
33
34
35
33
37
38
34
40
37
36
36
40
43
41
38
38
38
37
34
35
35
34
32
34
33
35
32
31
28
34
36
33
35
35
34
38
39
39
41
38
39
39
39
35
28
30
35
37
38
38
36
37
36
36
35
36
35
35
34
32
34
33
27
31
29
30
32
30
26
26
29
36
29
23
20
23
21
19
16
14
21
14
17
29
34
28
29
17
22
22
16
14
12
14
15
14
14
12
12
9
8
9
8
7
7
6
6
