272
262
260
265
262
265
265
272
250
274
282
293
315
291
293
292
277
278
270
264
243
262
267
272
263
296
267
257
275
274
287
270
254
294
266
253
292
287
286
271
299
293
286
253
259
261
252
260
236
231
250
243
228
216
215
226
210
180
195
191
167
173
170
158
160
165
149
165
160
119
128
115
110
113
108
113
108
102
92
97
90
87
82
91
107
88
81
80
91
87
89
81
82
75
75
68
82
82
70
65
61
72
81
82
73
79
86
66
96
76
76
59
70
67
67
74
70
71
76
79
91
92
97
95
107
95
112
99
92
92
98
96
116
116
116
126
134
129
150
149
149
144
149
156
164
148
156
147
164
170
162
176
154
166
157
170
163
181
161
170
163
156
191
200
221
193
198
174
175
168
190
177
188
196
169
174
188
189
198
201
189
188
201
179
186
181
199
199
191
172
184
201
188
194
205
196
198
196
196
209
223
210
221
209
207
215
209
213
195
202
228
226
219
215
200
216
219
204
231
205
223
223
216
214
210
231
221
229
215
221
236
221
203
201
203
182
204
208
231
230
204
199
221
219
182
198
192
212
230
214
229
226
229
229
212
224
238
250
248
257
240
240
237
237
239
227
217
227
236
248
249
261
241
262
238
238
245
239
264
245
245
257
240
239
246
247
252
245
