25
25
27
27
28
28
30
29
29
29
29
28
28
28
29
28
27
28
26
24
23
26
34
31
33
31
30
29
27
26
26
24
23
22
22
22
22
22
22
21
20
19
19
19
18
18
17
17
18
16
15
14
14
13
13
13
12
11
11
11
10
9
9
9
8
8
8
7
7
7
7
6
6
6
6
5
5
5
5
5
5
5
4
4
4
4
4
4
4
4
4
4
4
4
4
3
4
4
4
4
4
4
4
4
4
4
3
3
4
4
4
4
3
4
4
4
4
4
4
4
4
4
4
4
4
5
5
5
5
5
5
5
5
5
5
5
6
6
6
6
10
8
7
8
8
8
9
9
9
9
9
9
9
9
9
10
11
11
12
13
13
13
13
13
14
13
13
13
14
14
14
14
15
15
16
15
16
16
16
16
19
18
16
15
15
15
16
15
16
17
16
18
19
19
19
18
15
15
15
14
14
13
13
13
13
14
16
16
17
17
16
17
17
17
17
17
16
16
17
17
16
17
17
16
16
15
17
15
15
16
16
15
15
15
15
15
15
16
15
15
15
15
15
15
16
15
15
16
16
16
16
16
16
16
16
16
16
17
17
16
16
17
17
17
19
18
17
17
17
18
19
19
19
19
20
20
21
22
22
21
22
22
23
22
23
23
22
21
