49
48
48
47
48
48
50
53
54
56
55
55
53
50
50
49
49
54
49
48
50
49
49
47
48
48
48
50
47
48
51
51
51
50
49
50
49
51
49
49
48
47
47
47
47
46
45
44
43
40
40
39
37
39
39
38
39
38
39
36
36
36
36
35
36
36
37
37
37
36
35
36
35
34
33
33
32
33
34
35
38
39
34
34
33
34
34
34
32
32
32
32
33
31
33
31
33
35
32
33
31
31
32
33
33
33
33
34
33
33
33
33
33
33
33
34
35
33
31
32
33
33
32
32
35
35
34
34
36
42
43
40
41
41
40
40
39
39
37
34
33
32
32
33
36
35
36
36
42
43
42
43
46
47
46
47
50
48
47
47
48
48
51
49
49
49
50
50
52
54
54
54
55
58
57
56
56
56
58
58
60
60
62
60
62
61
61
61
59
60
59
59
60
59
60
60
61
61
60
60
60
60
58
62
62
60
60
60
63
59
60
58
60
58
58
58
56
56
56
55
56
55
57
51
47
45
42
45
47
52
55
58
54
51
56
56
55
53
50
50
52
48
49
53
54
54
54
57
56
53
52
53
53
52
53
54
55
51
52
52
52
49
48
48
45
44
44
47
47
47
48
46
47
42
48
47
45
42
44
43
45
39
36
35
38
35
36
36
