57
56
57
58
58
58
58
59
58
58
60
58
58
57
57
57
55
56
56
56
56
57
57
57
57
56
57
56
55
56
56
54
54
55
56
55
55
55
53
54
52
53
53
52
51
50
49
49
50
50
48
47
47
47
45
45
45
45
44
43
44
43
43
44
42
42
42
42
42
42
40
41
41
41
41
42
41
39
40
40
39
38
39
40
41
41
40
41
41
40
41
41
41
41
41
42
42
39
41
40
40
39
40
41
41
40
41
42
41
42
43
43
43
42
42
43
41
41
41
41
41
42
42
43
43
42
43
43
43
42
43
42
44
43
44
45
43
44
45
43
44
43
43
45
46
46
46
46
47
48
49
49
50
51
51
51
53
54
53
54
54
54
55
55
55
56
55
55
59
59
57
59
58
60
60
59
59
60
62
62
62
62
63
63
64
63
64
64
65
64
65
66
68
66
66
66
68
69
72
68
70
72
70
69
72
70
67
70
69
68
70
69
69
69
69
68
69
69
68
68
68
68
67
60
57
55
52
54
57
59
60
62
59
57
57
55
56
56
55
55
56
54
55
55
55
54
54
55
53
54
55
56
56
53
54
54
56
56
55
54
53
55
54
52
54
53
52
53
52
53
55
53
53
53
53
55
55
54
54
55
60
56
55
54
56
54
54
55
