17
26
19
16
25
23
18
24
17
25
24
22
17
23
22
17
22
23
17
22
21
20
18
25
22
19
20
19
23
17
24
24
17
25
22
25
23
21
22
21
23
21
22
20
22
21
25
19
26
20
22
25
18
26
20
25
18
25
22
24
23
24
19
21
21
23
22
24
25
19
26
21
24
25
19
28
23
24
22
20
23
26
23
26
18
22
22
21
27
27
16
20
23
19
26
20
20
29
17
21
20
19
26
23
22
27
21
28
21
26
21
24
24
22
21
21
25
21
25
22
20
25
25
20
26
19
23
18
21
21
22
25
23
22
26
25
25
24
28
21
27
22
29
24
24
26
25
23
25
24
23
25
23
19
25
28
20
24
22
17
18
25
16
23
23
23
22
22
19
17
27
21
25
20
22
24
22
27
21
27
22
22
24
22
23
28
19
24
26
20
28
16
29
22
26
22
22
26
23
24
21
19
22
27
25
23
26
25
19
29
25
22
28
26
23
27
26
27
29
28
21
27
29
24
30
25
32
25
20
28
20
30
29
22
28
27
24
28
22
29
22
29
26
31
22
27
23
30
28
28
30
28
27
25
28
20
27
23
23
25
21
30
22
21
30
24
29
25
26
30
27
22
30
27
33
24
29
24
27
23
26
21
24
23
27
21
23
26
