15
12
12
11
11
11
11
12
12
16
11
15
13
12
11
10
9
9
10
11
13
17
13
15
14
14
11
15
12
11
10
11
12
12
10
12
10
10
10
9
10
8
9
10
11
12
9
11
9
11
13
13
13
13
12
13
12
12
9
11
9
9
9
8
8
9
9
11
11
13
10
12
10
10
10
11
9
9
9
10
11
12
9
11
9
9
9
10
11
9
9
10
11
13
10
11
5
6
7
10
9
11
15
20
25
26
21
28
22
31
27
28
27
28
28
30
33
33
32
43
34
36
32
31
30
33
32
32
36
39
42
43
36
42
22
18
20
19
21
21
26
25
21
24
20
25
20
17
19
16
15
18
18
21
15
21
20
22
20
19
18
19
19
20
22
25
18
19
17
23
19
18
17
19
21
24
28
26
21
31
28
27
23
21
22
25
27
29
28
21
21
22
23
25
23
21
16
19
21
19
20
24
18
22
27
28
22
22
23
19
19
19
25
35
32
25
33
27
24
26
22
21
24
21
24
21
22
28
22
26
21
22
22
29
26
27
24
27
22
29
18
24
19
19
20
19
18
26
23
23
18
29
27
24
23
25
23
21
24
26
22
28
22
29
19
26
20
23
20
16
21
18
33
22
16
27
18
20
17
18
15
14
14
19
16
20
15
20
