40
35
33
34
38
35
34
42
25
14
11
13
29
44
31
27
28
28
28
29
22
21
17
15
12
13
13
14
28
24
23
23
26
27
30
30
31
37
38
29
24
22
23
24
18
13
13
15
18
20
18
17
17
17
17
20
21
21
22
20
22
23
23
24
24
23
23
23
26
27
27
27
27
31
33
32
32
33
35
33
36
34
31
32
34
34
29
28
27
28
30
30
32
28
28
29
22
16
18
20
15
17
18
17
18
16
16
16
18
20
18
16
16
16
17
17
17
25
24
30
35
33
19
13
25
16
16
15
17
17
15
19
24
24
34
42
45
43
34
35
36
31
38
51
43
42
41
45
48
33
29
34
33
32
31
33
33
35
35
37
38
41
42
43
43
42
43
48
45
42
37
38
41
42
44
39
41
40
39
45
44
50
48
45
44
50
47
48
45
44
48
44
46
48
47
49
47
45
41
41
46
40
40
39
39
38
38
49
47
44
45
46
47
45
52
50
54
55
58
55
60
55
57
56
54
54
56
59
60
59
60
55
59
55
59
27
21
18
26
26
27
29
33
33
32
34
34
34
39
39
39
39
43
44
39
40
42
46
53
51
54
57
55
55
58
57
55
56
53
55
53
49
49
49
51
47
45
39
41
31
26
21
20
20
23
15
17
16
