102
107
108
124
119
108
121
117
114
109
100
112
14
0
0
0
0
6
102
108
110
109
94
96
115
98
105
103
99
104
115
113
87
0
0
0
0
0
0
0
0
0
0
0
0
0
0
0
0
0
0
0
0
0
0
0
0
0
0
0
0
0
0
0
0
0
0
0
0
0
0
0
0
0
0
0
0
0
0
0
0
0
0
0
0
0
0
0
0
0
0
0
0
0
0
0
0
0
0
0
0
0
0
0
0
0
0
0
0
0
0
0
0
0
0
0
0
0
0
0
0
0
0
0
0
0
0
0
0
0
0
0
0
0
0
0
0
0
0
0
0
0
0
0
0
0
0
0
0
0
0
0
73
75
82
95
86
72
85
83
81
77
73
84
76
75
77
74
34
83
81
84
88
86
84
78
88
100
100
87
104
91
82
44
0
16
46
80
91
91
101
95
100
101
91
93
96
98
102
99
100
103
108
98
51
67
81
80
88
80
92
88
93
85
89
88
92
99
94
84
90
90
87
96
88
95
67
0
0
0
0
0
0
0
0
0
0
0
0
0
0
0
0
0
0
0
0
0
0
0
0
0
0
0
0
0
0
0
0
0
0
0
0
0
0
0
84
100
31
1
49
76
82
84
96
98
101
92
96
92
103
103
102
98
97
101
89
98
