24
23
25
25
27
26
26
25
25
28
30
29
27
25
27
25
26
27
25
24
26
26
31
30
32
33
31
29
27
26
24
23
23
22
22
22
22
24
24
24
23
21
22
22
21
20
18
18
18
18
18
16
16
14
14
14
15
15
14
14
13
13
12
12
12
11
11
10
9
9
9
9
9
8
8
8
7
7
7
6
6
7
6
6
6
6
6
6
6
6
6
6
6
6
5
5
6
7
6
6
6
6
6
6
6
5
5
5
5
6
5
5
5
5
6
6
6
6
6
6
7
6
6
6
7
6
7
7
7
7
7
8
8
8
8
8
9
8
9
9
9
9
10
10
10
10
10
11
10
10
10
9
9
9
8
9
10
10
10
10
9
10
10
9
9
9
10
11
11
11
11
11
12
14
15
15
15
16
16
17
18
16
13
11
11
12
12
10
10
10
10
9
9
10
10
10
9
9
9
9
10
9
9
9
9
9
11
11
11
10
10
11
10
9
10
10
10
10
10
11
11
10
10
9
9
9
10
10
10
10
10
10
10
9
10
10
10
10
9
10
10
9
9
9
9
9
8
9
9
9
9
9
9
9
10
10
9
9
10
10
10
10
9
9
9
9
9
9
9
10
10
10
9
10
11
11
11
11
10
11
10
12
11
11
11
11
11
11
