25
25
28
28
28
28
29
30
32
33
32
32
30
29
29
29
27
27
26
23
24
26
35
31
29
26
26
26
25
26
24
24
23
22
22
20
19
19
19
19
18
19
18
18
17
17
17
16
16
16
15
15
14
14
13
13
13
12
12
11
11
10
10
9
9
9
9
8
8
8
8
7
7
7
7
7
6
6
5
5
5
5
5
5
5
5
5
5
4
4
4
4
4
4
4
4
5
5
4
4
4
3
3
3
3
3
3
3
3
3
3
3
3
3
3
3
3
3
3
3
4
4
4
3
4
4
4
4
4
4
4
4
4
5
5
4
5
5
5
5
5
5
5
5
6
6
6
7
7
8
8
9
8
8
8
8
9
9
8
9
9
8
8
8
8
8
8
9
8
9
9
9
9
10
10
11
11
10
11
12
14
12
9
9
9
9
9
9
9
9
9
9
9
9
10
7
6
6
6
7
6
7
7
8
8
8
9
10
11
10
11
11
11
10
11
11
11
10
10
10
10
9
8
8
8
8
8
8
9
8
7
7
7
7
7
8
8
7
7
8
7
7
7
7
7
8
9
10
9
9
9
9
9
9
9
9
9
10
9
9
10
9
9
9
9
9
9
9
10
11
10
13
13
12
12
14
13
14
13
13
13
14
14
13
14
14
13
13
