25
25
24
25
26
26
29
29
29
27
25
24
23
22
25
23
21
26
23
26
26
25
23
22
22
25
26
25
24
26
25
26
24
24
22
21
20
24
23
21
20
19
22
21
20
20
21
17
17
15
16
16
16
16
16
16
19
20
21
19
19
18
16
15
17
17
16
14
15
17
17
15
15
14
13
13
13
13
14
12
13
13
13
14
14
14
15
14
13
13
15
16
16
14
14
13
13
16
16
17
17
18
17
17
16
15
15
14
14
15
14
15
15
16
17
16
15
14
13
14
15
15
15
14
17
17
18
18
17
17
16
16
16
16
18
15
15
16
14
14
14
15
16
14
14
13
15
14
18
17
16
16
16
15
15
15
15
15
16
16
15
16
16
15
14
13
15
17
17
15
16
17
17
18
18
18
17
17
18
18
19
18
20
18
18
19
18
19
20
21
21
21
19
19
21
23
23
24
23
22
26
24
22
22
22
23
22
23
23
24
25
25
24
23
23
24
23
24
23
25
24
23
22
23
24
25
24
24
24
26
24
24
23
21
26
24
20
24
26
28
26
26
24
21
21
21
21
21
21
20
22
21
23
25
25
26
25
25
27
24
24
24
22
21
21
19
19
19
20
18
19
19
19
20
22
24
22
21
22
24
20
20
22
25
23
22
22
23
