30
29
30
30
30
31
30
30
29
31
32
16
8
8
19
22
27
29
31
37
32
32
32
30
28
29
28
30
30
30
28
28
28
28
27
27
25
25
26
24
25
24
23
24
21
24
26
23
24
21
20
20
20
20
19
19
19
20
20
19
19
15
10
8
12
19
19
18
19
20
18
19
18
19
18
18
18
18
16
14
13
17
16
16
16
16
16
16
16
17
16
16
17
17
18
16
15
16
17
17
16
18
20
19
19
18
18
18
17
18
17
16
17
17
19
19
20
22
21
18
19
19
19
19
18
19
19
20
20
20
20
19
19
17
18
19
19
20
19
19
20
20
19
19
19
18
19
13
6
6
8
18
19
21
20
21
20
20
20
20
20
19
20
20
20
20
20
22
20
18
22
22
23
22
22
23
24
24
23
25
25
25
20
24
21
23
19
15
23
19
18
27
26
26
25
25
26
27
28
27
29
29
30
28
29
28
26
25
25
24
24
29
30
30
29
30
31
31
30
27
24
24
26
28
29
28
27
27
26
27
26
27
26
27
25
27
27
27
28
28
28
27
27
26
25
29
30
28
29
27
26
27
26
28
28
29
29
28
28
28
29
29
28
28
29
28
27
21
28
28
27
28
27
30
31
30
33
32
30
32
31
33
32
33
29
31
26
30
