24
23
24
24
23
22
23
21
25
21
20
20
21
21
24
32
28
25
24
24
26
26
23
22
22
23
26
27
25
22
21
21
21
22
31
28
26
26
28
29
25
24
25
27
26
24
24
22
24
23
24
24
25
27
25
23
23
25
24
26
25
26
26
26
25
25
25
22
23
25
23
23
20
20
21
20
18
19
18
19
21
23
22
23
23
23
23
24
22
21
24
25
25
24
23
24
30
26
24
25
28
26
25
26
28
25
26
26
30
26
34
28
25
25
24
27
25
26
25
25
26
24
25
27
27
27
26
26
27
28
30
30
27
28
28
28
25
25
27
29
27
30
28
29
32
29
30
31
27
29
31
27
27
28
28
26
27
29
27
29
26
24
29
30
27
28
29
29
27
29
28
28
29
36
36
36
39
46
41
40
41
38
40
39
41
39
41
43
43
43
37
42
42
42
42
49
42
43
42
37
37
35
33
34
40
37
43
41
42
39
36
38
35
33
32
31
32
36
29
29
32
27
32
32
31
32
31
30
32
28
29
35
33
29
32
32
38
31
30
30
31
36
30
32
29
34
36
31
36
36
33
35
32
33
34
30
30
32
31
32
29
30
31
30
30
32
29
27
31
28
27
25
24
23
26
25
25
26
27
29
26
27
29
27
25
24
24
24
