15
13
14
14
14
13
14
13
13
13
13
13
11
14
16
16
13
13
11
11
12
13
12
13
13
18
17
15
14
12
13
12
11
12
11
13
13
15
15
13
14
14
14
13
13
13
14
13
13
13
13
13
14
13
13
14
13
15
13
12
15
12
12
13
13
12
12
12
12
16
14
13
10
10
10
10
12
14
16
14
13
12
14
14
15
15
14
12
13
13
14
16
16
14
14
13
15
20
19
19
16
17
14
17
15
14
14
14
14
15
14
13
17
14
15
16
16
16
14
15
17
17
15
13
15
17
18
18
19
16
14
15
16
16
17
16
19
16
17
16
15
15
14
14
15
15
15
18
15
14
15
15
14
17
15
17
17
17
18
20
18
21
20
18
17
18
19
23
22
23
23
23
21
23
24
24
22
22
22
21
23
24
27
22
25
21
22
22
21
22
22
21
24
25
28
26
24
23
22
20
23
21
20
19
23
21
21
24
26
23
21
22
23
26
24
23
26
22
25
22
23
22
23
23
21
25
27
22
23
24
24
23
22
24
21
20
23
22
23
23
23
20
25
21
20
21
20
20
19
26
29
24
24
24
23
23
22
20
25
24
20
19
21
21
19
19
17
20
23
20
17
20
20
20
23
23
18
19
17
16
14
14
16
16
16
15
14
15
