20
22
23
23
21
20
20
25
23
27
22
28
21
20
23
28
20
19
18
19
18
17
16
17
17
17
19
21
21
20
20
21
19
19
19
21
18
17
18
17
15
15
17
19
19
17
17
18
15
15
14
13
14
14
14
14
16
18
18
18
17
17
15
15
16
16
16
16
15
18
18
19
18
17
19
17
17
17
16
16
18
16
14
15
16
16
19
22
16
15
16
15
18
16
15
16
17
20
17
17
16
17
16
17
18
18
18
18
19
20
17
19
18
20
17
17
19
16
18
20
21
20
19
18
18
19
19
19
20
21
22
20
18
17
18
18
19
17
19
20
20
19
20
18
19
18
19
19
18
20
20
22
21
20
20
22
24
28
26
26
25
22
27
20
23
25
24
26
26
28
27
29
28
26
23
25
27
25
24
25
29
30
27
27
26
27
29
27
26
28
30
28
29
30
29
30
32
34
30
31
30
29
28
28
27
27
26
30
28
30
29
29
28
27
32
29
30
30
28
28
27
30
29
28
27
28
28
32
36
33
31
32
32
30
35
36
36
33
28
30
28
30
29
27
29
30
28
29
33
27
26
31
27
29
35
26
31
31
30
30
27
28
26
25
24
25
24
26
26
26
25
25
23
49
38
28
24
24
22
25
23
22
22
23
23
22
22
20
