2
5
3
8
2
2
2
2
2
4
6
5
2
2
2
2
2
2
2
2
2
2
2
2
2
2
2
2
2
2
2
2
2
2
2
2
2
2
2
2
2
2
2
2
2
2
2
2
18
41
30
45
11
3
3
7
6
20
36
40
2
3
2
2
2
2
2
2
5
2
2
2
2
2
3
4
2
2
2
2
2
2
2
2
2
2
4
2
2
2
2
2
2
2
6
2
2
2
30
44
3
2
2
2
2
2
2
2
2
27
31
49
2
3
2
2
2
18
43
8
2
2
2
2
2
2
2
2
2
2
3
4
2
2
2
2
2
2
2
2
2
2
2
2
2
2
2
2
2
3
4
2
2
2
2
2
3
2
5
2
5
2
2
2
8
2
2
2
3
3
5
2
2
2
28
40
28
6
2
2
2
2
2
6
2
2
2
2
2
3
2
2
2
2
2
5
2
2
2
2
2
26
43
2
4
5
2
2
2
2
2
2
5
2
2
6
2
5
6
4
2
2
2
2
2
2
4
2
12
42
20
2
32
50
7
3
3
20
30
2
2
2
2
6
3
2
2
2
2
2
2
2
2
2
2
2
2
2
5
4
2
2
5
5
2
2
2
5
2
2
2
2
2
2
2
2
5
2
2
5
2
7
2
2
2
6
2
2
