2
2
2
2
2
2
2
2
2
2
4
2
2
2
2
2
6
41
2
10
22
3
2
2
2
2
2
2
2
2
6
26
2
2
2
2
2
2
4
2
11
47
13
2
2
2
2
2
9
29
38
4
2
2
2
2
2
4
2
2
2
3
4
2
2
2
2
2
2
4
2
2
2
5
2
2
2
2
32
41
2
2
2
2
2
2
2
2
2
2
2
2
2
2
7
18
12
25
48
7
26
35
2
2
2
2
2
2
2
2
9
40
33
2
5
39
3
2
2
2
2
2
2
2
2
2
2
2
2
6
2
2
4
3
2
2
2
2
2
2
2
2
2
2
2
2
2
2
2
2
2
2
2
2
2
10
43
14
2
3
7
5
2
2
2
2
2
2
16
36
46
6
2
2
2
2
2
4
10
43
6
2
2
2
2
5
2
2
2
2
2
2
2
2
2
2
2
2
2
2
2
3
4
2
2
2
2
2
25
4
2
2
2
2
2
2
8
39
2
2
2
5
2
2
2
15
28
2
2
2
2
2
2
2
2
2
2
2
2
6
5
2
2
2
2
2
2
2
2
2
2
2
2
2
2
2
2
2
2
2
2
5
3
2
2
2
5
3
2
4
2
2
2
2
2
2
2
2
2
4
7
43
4
4
4
2
2
5
