2
2
2
2
2
16
47
4
2
2
2
2
2
2
2
2
2
2
2
2
2
2
2
4
2
2
2
2
5
2
7
34
35
3
2
2
2
2
2
2
2
2
2
2
2
2
2
2
2
2
2
2
18
46
36
30
2
2
2
2
2
2
2
2
2
2
3
2
6
2
2
2
2
2
2
2
2
2
2
2
2
2
2
2
2
2
2
7
2
2
2
2
2
3
23
38
2
2
2
2
5
2
2
2
2
2
2
2
2
2
2
2
2
4
2
2
2
32
2
2
2
2
2
5
2
2
2
2
2
2
2
2
2
2
2
2
2
2
2
2
2
2
2
2
2
2
2
2
2
2
18
41
47
2
3
2
6
2
2
2
2
2
2
2
2
2
2
2
4
2
2
2
2
6
2
2
36
48
3
2
2
2
2
2
4
2
31
42
2
2
2
2
2
2
2
2
6
2
2
2
2
2
2
2
2
2
2
6
2
2
2
2
2
5
2
2
2
5
2
2
2
2
2
2
2
2
2
2
2
2
2
2
6
6
2
2
34
37
2
2
2
2
2
2
2
2
2
2
2
2
2
2
2
2
2
2
2
2
2
2
2
2
2
2
2
2
2
2
2
2
6
5
2
2
6
2
2
5
2
2
2
2
2
2
2
2
2
2
