77
78
76
77
79
84
87
83
78
76
84
81
85
81
81
90
85
88
77
75
80
85
80
90
86
79
81
86
79
83
85
96
87
86
85
75
81
77
74
84
77
69
68
73
77
79
87
89
92
89
83
81
75
82
82
87
89
94
73
74
74
72
76
88
76
86
65
61
70
78
77
81
81
86
81
80
81
78
70
69
68
73
82
75
67
68
77
73
77
83
91
91
85
83
80
78
77
78
77
82
75
81
78
79
79
70
68
71
72
74
69
69
68
68
62
64
65
65
73
68
65
62
68
66
72
70
76
67
60
62
63
64
65
67
69
69
68
72
63
59
61
61
61
61
59
61
72
79
64
61
63
63
64
64
63
79
68
63
65
68
68
69
69
62
61
71
76
62
65
68
65
68
67
70
82
71
68
61
59
62
63
62
71
81
66
65
65
68
65
60
66
84
82
75
72
70
72
72
72
79
92
85
72
72
71
69
74
75
74
88
76
67
72
72
76
72
73
79
71
68
68
66
68
70
67
70
79
72
73
71
67
66
68
72
79
67
68
64
68
72
76
71
81
69
74
76
72
73
71
71
74
83
73
74
72
70
72
71
72
79
75
74
69
71
67
70
68
71
72
71
74
73
77
85
72
69
66
71
69
71
72
79
73
67
66
66
65
68
