48
48
43
51
46
54
48
54
45
50
41
53
49
60
48
58
47
54
50
50
46
52
48
53
54
59
52
55
49
55
48
55
47
58
48
61
53
59
53
58
47
55
48
60
50
56
44
50
43
50
41
44
35
46
39
42
36
47
35
46
38
46
37
42
34
42
34
43
34
41
33
45
36
44
34
40
32
41
33
39
30
35
28
37
29
37
28
37
28
38
30
38
30
40
31
39
31
36
29
38
29
38
28
37
28
35
27
37
30
36
28
37
29
36
29
34
32
43
33
40
32
37
29
33
30
36
28
35
29
43
36
36
29
37
29
34
28
35
29
36
28
37
28
34
28
36
27
34
27
37
28
36
28
36
27
33
30
40
32
37
31
39
33
37
30
36
32
39
34
44
32
41
33
42
33
39
32
42
34
42
35
44
36
40
38
51
49
51
40
45
38
49
45
49
42
46
38
46
37
44
38
45
37
42
38
46
38
44
39
47
38
43
37
39
36
46
40
46
39
46
38
43
36
45
38
48
39
46
39
45
38
48
41
48
42
43
37
46
38
46
43
48
41
41
36
44
37
40
36
42
38
42
37
44
37
43
35
43
38
42
36
45
35
43
35
41
35
45
36
46
38
44
36
41
34
39
36
42
36
44
36
45
36
44
37
42
35
41
