59
56
56
57
58
58
61
59
57
55
56
54
54
58
57
59
59
56
54
54
53
53
53
53
52
54
55
0
54
54
55
56
55
52
53
52
51
53
51
53
51
49
47
49
48
48
48
47
47
44
45
44
45
42
45
42
41
42
40
40
39
40
40
40
40
36
38
38
36
37
36
36
35
36
35
36
36
33
31
30
32
30
30
30
31
29
31
29
32
30
31
31
29
29
28
28
27
27
28
27
27
25
26
25
25
25
25
26
26
25
24
23
26
24
24
24
24
25
25
24
25
25
23
25
25
24
24
23
22
23
24
23
24
24
25
25
26
26
28
26
27
27
27
28
29
30
31
32
32
34
34
33
35
36
36
37
39
38
43
40
42
42
43
43
44
44
44
45
45
45
47
45
46
47
46
47
46
47
44
45
46
49
47
47
45
46
48
49
47
47
47
48
48
48
48
50
48
49
49
49
49
50
49
49
50
49
49
48
48
49
49
51
48
50
48
52
48
48
50
48
48
49
48
49
47
48
48
47
50
49
48
48
48
49
48
51
57
57
58
58
59
57
58
57
59
57
58
63
62
60
60
62
61
60
60
59
60
62
61
61
64
61
59
60
60
61
62
60
59
59
60
61
60
59
59
59
60
60
59
59
60
61
58
62
61
62
66
64
