57
55
58
55
55
55
59
57
57
57
57
56
54
55
56
55
56
54
56
54
54
54
53
54
53
53
54
53
54
53
53
53
54
54
55
54
56
53
52
51
50
50
50
49
49
51
47
49
49
47
48
47
46
43
44
42
42
41
41
39
40
0
0
0
0
0
0
0
0
0
0
0
0
0
0
0
0
0
0
0
0
0
0
0
0
0
0
0
0
0
0
0
0
0
0
0
0
0
0
0
0
0
0
0
0
0
0
0
0
0
0
0
0
0
0
0
0
0
0
0
0
0
0
0
0
0
0
0
0
0
0
0
0
0
0
0
0
0
0
0
0
0
0
0
0
0
0
0
0
0
0
0
0
0
0
0
0
0
0
0
0
0
0
0
0
0
0
0
0
0
0
0
0
13
49
50
50
53
50
48
48
48
50
50
50
49
48
50
50
50
47
49
50
48
47
49
48
50
50
49
49
50
50
50
49
48
49
51
48
50
49
50
52
52
51
51
50
53
52
52
50
49
51
50
49
50
51
50
52
52
51
50
51
54
50
52
59
58
60
59
60
58
60
61
59
58
62
63
64
65
64
62
63
63
63
66
66
65
65
66
66
65
62
62
62
63
60
63
62
62
65
64
65
66
65
64
62
64
62
64
64
65
63
64
67
66
67
67
