1
1
2
8
0
0
2
1
0
2
15
22
4
9
11
14
4
1
7
7
15
7
1
3
6
13
12
2
2
7
9
6
6
5
3
3
9
3
1
0
0
0
0
0
0
0
0
0
0
0
1
0
0
0
0
1
0
0
0
0
0
0
0
0
0
0
0
0
0
1
0
1
0
0
0
0
0
0
4
0
0
0
0
0
0
0
0
0
2
0
0
1
0
1
0
0
0
0
0
0
0
1
0
0
0
1
3
4
0
2
0
0
0
1
0
0
0
0
0
1
0
2
0
0
0
0
0
0
4
0
3
0
0
0
0
0
1
0
0
0
0
0
0
0
0
0
0
0
0
0
0
0
0
0
0
0
0
0
0
0
0
0
0
0
2
0
0
0
0
0
0
0
0
0
0
0
0
0
0
0
0
0
0
0
0
0
0
1
1
0
0
0
0
0
0
0
3
0
0
1
0
0
0
1
0
0
3
1
0
1
0
0
0
1
1
0
1
0
0
1
0
1
1
1
1
0
1
6
0
2
0
1
0
0
0
1
0
0
0
1
0
0
0
2
0
0
0
2
0
1
0
0
0
0
0
0
0
0
0
0
0
0
0
0
0
0
0
0
0
0
0
0
0
0
0
0
0
1
0
0
0
0
0
0
0
0
0
0
