40
40
39
40
43
42
42
43
43
44
44
43
44
43
40
38
39
40
38
38
38
37
38
37
37
38
38
38
38
37
37
37
38
35
36
36
37
36
35
34
34
35
34
34
33
33
32
33
35
33
32
32
31
31
30
30
30
28
28
27
28
27
28
26
27
27
26
25
25
0
16
0
0
0
0
0
0
0
0
0
0
0
0
0
0
0
0
0
0
0
0
0
0
0
0
0
0
0
0
0
0
0
0
0
0
0
0
0
0
0
0
0
0
0
0
0
0
0
0
0
0
0
0
0
0
0
0
0
0
0
0
0
0
0
0
0
0
0
0
0
0
0
0
0
0
0
0
0
0
0
0
0
0
10
19
26
25
26
26
27
28
28
28
27
27
29
29
27
29
29
29
30
32
32
32
33
33
33
32
32
32
32
35
34
33
34
35
35
36
35
35
35
35
35
35
36
36
35
35
36
37
36
36
36
36
36
36
36
35
36
37
35
37
35
34
35
35
34
35
35
36
36
35
35
35
36
36
35
35
35
35
35
35
37
37
36
36
35
35
34
34
34
35
34
35
35
33
36
36
35
36
36
35
35
34
34
34
34
35
36
36
36
36
35
36
35
35
37
36
36
36
36
37
35
36
36
37
37
36
36
36
37
33
37
37
37
37
37
