36
36
33
34
34
32
34
31
32
31
31
29
28
29
29
28
27
27
26
28
26
27
26
25
24
25
26
24
25
25
25
24
24
24
23
24
24
24
24
23
22
21
23
23
22
23
23
23
23
22
21
22
21
22
21
21
20
21
21
21
20
21
21
21
22
20
19
19
19
19
18
18
19
18
19
18
18
19
21
20
20
20
20
20
20
20
20
22
22
21
22
24
23
23
24
24
24
24
25
25
26
25
28
28
27
27
27
27
27
29
28
29
29
28
30
31
30
31
30
30
32
31
30
31
32
30
31
30
31
33
32
32
32
33
33
31
33
35
34
34
34
34
35
35
35
35
35
35
34
33
37
37
37
37
35
37
37
37
39
40
39
39
38
38
40
40
41
42
39
40
41
42
43
42
47
45
46
46
45
45
44
45
44
47
47
48
47
47
48
47
48
48
46
48
48
49
47
48
48
51
51
51
51
51
49
49
49
50
52
51
51
53
54
54
54
52
51
52
51
53
51
52
52
53
49
52
53
52
50
50
50
52
50
54
55
56
56
57
55
58
58
56
58
58
59
59
55
56
55
58
58
60
56
56
57
57
53
55
53
53
52
52
52
51
52
50
48
51
48
48
47
46
46
47
43
41
42
41
39
39
38
37
35
34
34
33
33
32
