191
198
208
232
223
213
191
190
204
171
183
177
175
174
162
197
208
208
208
206
216
219
201
196
175
172
201
203
214
209
212
214
228
227
240
236
234
222
222
223
227
235
207
204
202
207
219
208
225
242
232
230
254
236
222
212
196
188
190
205
216
220
223
220
240
246
235
202
195
190
235
224
218
203
208
197
207
226
217
214
221
214
232
222
213
227
218
205
206
213
201
186
194
206
225
221
205
207
225
229
220
215
204
219
206
210
200
183
182
221
208
206
198
212
204
211
189
188
171
164
182
195
204
205
198
184
205
209
213
213
195
209
195
197
200
194
167
197
187
172
178
189
170
200
229
232
197
192
220
210
192
207
189
182
186
192
194
229
226
221
248
231
228
239
225
238
223
212
230
240
227
225
220
208
199
214
218
215
213
200
208
210
202
208
223
212
208
208
202
196
204
206
203
208
209
208
216
230
219
212
204
215
211
198
197
193
183
191
181
184
167
171
190
188
207
219
215
220
221
230
210
203
209
237
225
227
227
227
214
222
222
212
181
184
199
209
207
202
201
192
209
179
213
182
194
205
201
217
224
204
170
173
197
205
188
216
210
204
210
236
212
202
188
211
186
166
200
183
216
198
204
212
214
218
208
218
226
226
229
218
232
236
229
238
227
205
198
188
