11
12
12
13
12
16
11
12
18
14
14
14
14
13
13
12
18
12
11
12
11
11
12
11
16
12
12
12
15
13
14
13
16
15
12
12
11
12
19
7
7
12
10
7
7
9
8
7
7
9
13
8
7
7
7
7
6
6
14
7
7
8
7
7
7
7
8
16
7
7
8
8
8
6
8
15
8
7
6
7
7
9
6
6
15
9
8
7
7
7
7
7
12
8
7
7
7
7
10
7
7
8
14
7
7
7
7
6
7
6
7
15
7
7
7
7
7
7
7
7
15
7
8
8
8
7
7
7
15
9
7
8
9
8
8
8
8
7
7
10
14
9
8
9
7
8
9
8
7
13
7
7
7
7
7
7
8
14
9
7
7
8
9
7
8
8
7
13
8
8
8
12
8
12
14
11
18
12
11
13
12
11
12
11
11
18
12
13
13
12
12
11
13
16
15
12
12
11
13
12
13
12
18
13
12
12
12
12
12
15
10
14
8
8
8
8
23
15
10
15
8
8
8
8
7
6
7
14
8
9
9
9
8
8
7
15
8
8
8
8
7
8
7
13
9
9
10
9
8
7
7
8
8
14
9
8
8
8
10
8
8
13
10
7
8
8
7
8
8
8
10
8
7
7
12
8
8
8
8
8
8
7
7
9
13
7
8
7
