2
39
26
38
33
29
36
43
46
30
31
14
8
13
2
2
2
2
2
2
2
14
3
2
2
2
2
6
28
32
33
50
54
38
61
48
39
20
57
5
3
2
2
2
2
27
51
51
42
60
32
14
4
3
2
2
2
2
2
5
49
60
57
30
16
6
3
2
2
2
2
17
54
52
56
22
28
3
2
2
2
2
2
2
2
14
41
78
41
67
28
6
4
2
2
2
2
2
2
2
50
45
63
60
18
20
3
2
2
2
2
2
2
11
47
35
57
41
30
32
6
4
3
2
2
14
2
2
2
2
2
2
2
18
5
3
2
2
2
2
2
2
2
2
2
2
2
2
2
2
2
2
2
2
7
2
2
2
2
2
2
2
2
2
2
2
2
2
2
2
2
2
31
17
24
31
30
9
4
2
2
2
2
2
6
68
33
19
18
8
4
2
2
2
2
2
2
2
5
33
33
37
40
22
3
2
2
2
2
2
2
2
2
2
23
30
48
46
43
25
7
4
2
2
2
2
2
13
41
31
34
52
35
14
4
2
2
2
2
2
2
12
60
62
29
49
34
12
4
2
2
2
2
2
2
3
45
37
51
47
61
59
23
18
3
2
2
2
2
3
52
40
30
25
44
24
48
8
2
2
2
2
2
16
31
35
75
27
