8
8
9
7
7
7
10
7
8
43
19
6
17
12
9
7
7
6
6
6
6
6
6
7
5
6
15
8
7
9
7
10
14
11
21
15
10
10
14
13
10
14
16
6
8
9
7
7
13
22
15
21
15
12
12
11
8
14
8
8
7
7
10
7
7
11
19
15
12
9
9
10
11
13
10
8
9
9
13
15
13
10
11
21
24
22
10
11
9
8
9
8
9
9
8
7
7
15
4
8
14
9
9
9
10
20
16
8
8
12
10
8
13
18
9
9
13
10
14
12
11
12
10
20
12
13
9
9
9
10
9
8
9
12
11
9
11
17
15
10
10
10
12
11
15
15
11
15
11
11
11
13
14
9
9
11
10
12
11
10
12
10
13
10
12
16
12
27
12
13
16
17
15
26
12
13
17
13
11
16
21
17
14
24
14
14
14
37
14
19
12
21
13
12
14
26
13
30
11
12
18
15
13
23
24
26
18
18
33
35
15
17
19
18
18
18
29
32
47
40
21
27
19
23
23
24
26
38
29
41
47
30
43
30
36
28
26
27
39
25
25
36
28
33
20
22
22
24
22
23
18
26
19
15
20
16
17
29
18
21
16
21
17
25
20
24
21
17
15
22
28
18
19
17
16
19
16
17
17
22
16
14
14
20
18
16
16
22
