44
45
55
73
74
105
106
103
61
54
58
65
60
58
60
73
66
62
65
67
68
72
83
77
76
81
81
69
60
63
74
69
70
72
72
64
68
66
65
69
69
66
69
71
73
66
63
65
57
49
51
57
52
50
53
73
53
56
61
60
61
66
58
63
63
57
94
106
96
58
52
58
54
50
55
64
76
69
57
54
52
67
57
60
73
66
67
76
113
92
124
86
54
54
68
47
52
57
57
66
105
77
61
79
66
74
53
65
80
67
69
70
78
62
52
53
66
65
64
64
79
97
75
71
101
71
61
67
100
95
89
81
117
109
109
58
69
74
55
67
75
80
75
103
81
86
70
124
141
95
64
89
81
122
81
86
112
76
74
68
92
62
87
70
83
68
82
132
82
84
91
89
115
88
73
87
88
97
142
135
122
93
107
106
87
94
122
135
98
77
78
68
58
56
78
111
126
115
116
119
110
128
81
81
80
103
101
103
101
102
63
62
70
53
67
87
109
83
103
140
93
66
67
70
56
53
55
54
70
60
57
101
86
87
43
64
63
60
52
49
50
48
62
53
84
106
64
56
54
74
104
102
117
72
55
86
75
79
99
121
86
79
77
122
85
91
70
109
116
70
58
94
75
106
82
105
63
78
90
125
96
101
119
76
68
80
62
80
