90
35
70
37
45
66
91
118
94
72
61
50
87
58
55
67
78
92
62
62
67
70
74
88
125
66
62
74
87
54
69
70
91
93
83
67
26
74
48
44
70
56
55
54
57
49
32
40
53
47
49
59
71
62
53
54
51
50
54
54
66
61
45
53
56
56
54
57
50
57
58
79
61
68
56
75
100
112
64
64
58
60
78
99
124
60
53
69
70
51
47
58
59
60
59
59
78
86
107
90
86
50
66
61
70
62
68
76
77
107
98
62
89
94
59
60
84
63
61
107
71
77
77
116
95
84
91
73
102
87
108
101
83
78
94
122
132
63
96
122
112
69
80
84
86
129
130
87
106
77
64
67
73
107
74
122
87
105
84
118
81
63
90
78
87
72
89
87
78
92
113
97
114
62
120
108
85
79
150
156
147
163
155
161
136
144
78
68
66
78
83
100
71
88
70
87
113
159
142
160
127
110
86
94
75
56
72
158
162
149
132
62
65
68
83
75
85
78
55
72
51
82
83
83
70
93
56
51
54
79
83
94
67
52
51
84
62
84
45
62
52
64
75
88
92
81
76
73
104
113
85
105
60
69
57
99
55
82
62
49
102
90
74
97
76
75
81
72
109
146
97
52
107
71
76
78
61
87
78
95
122
71
83
91
79
122
85
115
