29
49
86
30
87
81
119
94
44
92
96
80
152
101
129
41
72
46
40
70
64
67
40
39
38
55
45
51
55
110
89
102
72
78
64
93
54
53
46
58
60
66
61
56
53
55
69
63
57
57
63
76
58
64
69
57
57
72
69
77
71
75
79
68
73
81
70
60
69
79
72
69
77
67
71
78
78
91
75
73
75
78
78
76
85
82
68
76
80
82
78
68
73
69
74
78
84
82
77
79
79
84
94
87
85
86
84
87
88
84
107
52
62
74
58
67
64
68
63
74
107
91
92
86
73
82
79
76
96
80
121
86
73
88
69
66
70
75
90
67
83
93
69
77
70
94
86
74
92
75
69
73
80
75
67
68
101
72
71
74
70
66
73
82
82
95
75
74
82
143
119
103
127
89
84
101
84
97
98
127
129
121
132
131
90
92
112
60
74
58
69
70
68
77
66
56
89
116
102
81
101
84
97
117
78
82
72
102
131
65
69
53
54
64
104
77
67
55
72
127
102
107
102
61
50
49
58
86
77
66
45
47
60
49
49
66
61
47
46
44
67
80
35
85
114
55
47
57
47
53
60
65
74
99
88
90
113
95
146
68
70
83
100
55
98
81
77
96
126
64
82
90
80
80
103
63
78
59
68
121
68
60
90
78
78
122
101
111
