2
21
37
45
26
31
45
33
23
35
25
10
4
3
2
2
2
2
2
1
1
1
1
2
2
2
1
2
41
57
78
35
38
40
33
22
21
20
9
4
2
2
2
2
10
16
60
39
42
42
55
26
2
2
2
2
2
1
1
2
37
61
45
18
34
5
2
2
1
1
1
10
42
38
29
24
31
3
2
2
1
1
2
1
2
3
47
42
26
35
20
6
3
4
1
2
1
2
1
8
30
48
63
27
20
8
9
2
2
2
2
2
2
4
34
40
40
24
51
19
16
3
2
2
2
2
2
2
2
2
2
11
2
15
4
12
2
2
2
2
2
2
2
2
2
1
2
1
1
2
2
2
1
1
13
2
1
1
1
1
1
1
1
1
1
1
1
1
1
1
1
3
44
32
31
37
15
18
3
2
2
1
1
1
9
79
70
52
17
9
4
2
2
1
1
1
1
1
5
44
32
30
16
9
3
2
2
2
1
1
2
2
2
1
26
43
41
50
35
11
6
3
2
2
2
1
1
10
91
48
45
68
52
9
3
2
2
1
1
1
2
14
81
59
52
38
21
8
4
2
2
2
2
2
1
3
45
63
57
76
37
19
10
4
3
2
11
2
2
2
37
47
40
48
43
23
10
4
2
2
2
10
11
2
22
35
60
51
