75
66
87
59
62
116
53
57
88
75
55
65
56
96
72
66
66
57
52
67
59
80
60
79
72
56
53
52
63
64
68
60
78
89
64
75
66
87
64
60
60
50
45
45
46
60
43
52
46
46
45
45
84
40
55
62
56
98
104
73
70
51
87
69
95
60
56
111
72
86
74
70
70
91
92
61
59
73
53
66
87
84
98
54
103
82
64
68
52
80
89
65
115
81
74
62
63
84
92
105
63
85
88
77
56
86
95
67
62
63
59
73
54
82
72
58
87
70
59
89
65
73
73
67
113
120
92
85
59
72
59
64
80
107
121
123
120
89
115
99
107
100
91
72
87
63
70
95
172
78
103
112
52
67
61
60
76
107
117
105
85
75
76
117
113
93
98
90
111
101
96
112
113
77
54
92
140
67
84
89
118
147
58
64
117
63
52
51
72
66
87
59
113
93
62
39
48
93
107
67
107
123
111
70
88
89
65
75
77
61
66
73
94
52
50
51
67
68
72
94
56
69
104
100
62
70
46
37
45
47
79
58
55
45
52
53
42
48
42
38
50
52
47
55
62
95
56
45
58
55
50
56
61
81
91
60
96
61
84
103
60
50
76
97
58
44
64
86
63
76
52
72
48
41
87
43
62
57
80
56
44
81
70
48
56
80
59
49
