2
22
55
36
21
24
24
46
54
79
25
14
23
4
3
3
2
2
2
2
2
2
2
2
2
2
9
10
33
37
24
28
32
32
55
70
69
47
29
8
4
3
3
2
2
27
57
33
47
87
79
41
15
3
2
2
2
2
5
4
25
47
44
66
43
18
4
3
2
2
2
9
48
43
53
69
16
5
3
2
11
2
2
2
2
4
20
37
63
58
36
11
5
3
3
3
3
3
3
3
18
31
52
68
56
27
4
3
3
3
3
2
2
5
27
21
44
49
90
47
13
6
4
11
3
3
3
3
3
2
3
2
2
19
6
4
3
2
2
2
2
2
2
2
2
2
2
2
2
10
3
2
2
2
16
2
2
2
2
2
2
2
2
2
2
2
2
2
2
2
2
16
34
28
24
41
42
14
5
3
2
2
2
2
19
76
70
38
35
16
7
3
2
2
2
2
2
2
14
56
37
46
42
36
4
11
3
7
2
2
2
2
2
2
31
38
39
51
37
15
20
4
3
2
2
2
2
20
50
71
69
82
46
29
4
3
2
2
2
2
2
22
94
32
37
31
23
19
4
3
16
2
2
2
2
22
24
34
35
39
32
24
10
5
6
3
2
2
2
20
29
33
58
45
48
26
13
4
3
2
2
2
2
6
29
54
38
60
