35
35
39
40
39
38
41
40
41
43
47
41
45
41
41
39
39
39
40
50
37
39
37
34
37
35
35
34
34
32
35
35
34
33
35
34
35
34
33
32
31
32
30
31
29
29
29
28
29
29
29
26
32
26
25
23
24
23
24
24
26
21
20
24
32
20
19
19
18
18
18
17
23
16
17
15
29
16
16
17
18
15
22
16
14
14
15
15
15
15
14
14
13
14
14
14
14
14
14
16
15
13
23
14
14
17
16
15
30
14
13
12
12
16
13
14
13
20
14
13
12
13
13
12
13
13
13
13
15
31
15
14
14
15
14
15
15
15
15
15
16
16
17
16
17
18
18
17
19
19
18
36
18
19
20
21
20
21
22
23
23
23
24
24
23
23
24
23
24
24
27
24
26
24
26
26
25
26
27
27
28
27
28
41
28
27
28
28
29
31
29
29
29
34
29
45
29
30
43
45
31
30
34
31
32
31
31
31
32
32
33
33
35
50
32
31
34
33
33
31
41
33
31
33
38
30
33
32
32
32
31
30
29
30
31
30
30
31
32
30
45
30
31
30
30
31
31
31
34
37
33
32
31
33
31
30
31
35
31
31
31
31
31
32
31
31
32
44
32
32
32
32
31
39
35
33
37
32
32
32
32
33
33
33
32
33
34
33
