46
41
43
44
49
43
66
67
47
47
45
47
50
45
53
48
44
44
46
45
41
44
55
46
41
40
42
39
46
37
38
39
40
40
44
46
45
44
42
45
44
39
40
54
39
37
36
35
48
35
35
41
34
34
32
30
32
29
31
31
29
26
25
25
25
26
38
22
23
23
23
22
26
23
22
22
20
22
18
19
23
20
18
17
17
17
33
17
17
16
22
17
16
16
15
15
15
15
15
19
16
14
16
14
18
15
16
14
19
18
18
15
14
14
15
14
16
17
17
16
15
16
16
15
16
16
16
16
15
17
19
18
18
18
18
19
18
28
21
20
20
21
24
21
21
26
23
29
23
23
25
25
25
27
27
29
31
30
33
29
30
32
29
30
31
31
31
31
36
31
31
30
34
34
44
34
33
36
38
37
38
40
42
40
36
35
43
38
35
37
38
35
40
35
36
40
36
36
40
37
41
36
46
49
38
41
36
37
40
42
43
38
41
38
38
39
44
41
42
36
37
36
39
46
44
41
43
41
38
36
37
37
42
42
36
36
35
37
39
38
46
42
46
39
37
37
41
41
46
44
43
42
39
48
39
40
37
38
43
39
40
43
42
45
48
38
38
41
42
41
37
43
39
45
46
46
59
52
39
39
39
43
47
45
41
39
39
41
