37
32
36
36
38
39
36
41
33
33
35
33
33
34
35
40
31
39
46
50
36
39
36
38
44
32
29
29
32
31
33
44
32
31
32
36
36
29
29
29
40
27
28
31
30
30
33
35
33
42
42
28
37
31
35
31
29
31
26
30
33
29
28
27
24
27
20
20
20
21
23
21
22
21
20
20
20
21
29
24
28
21
18
20
18
19
19
22
19
19
19
20
20
22
28
38
19
18
18
27
34
21
24
20
20
18
20
18
30
27
20
19
19
19
27
34
22
20
17
16
16
16
15
16
20
18
15
16
15
15
15
15
16
17
16
17
19
24
17
18
18
18
18
18
26
20
26
23
22
24
25
25
24
26
28
39
31
33
27
21
22
23
26
28
26
28
29
32
43
36
32
33
34
36
33
37
26
26
28
29
32
34
35
48
37
36
36
44
29
31
33
37
34
35
32
52
35
35
36
43
32
33
37
48
43
32
32
33
34
34
39
49
59
33
33
34
35
39
33
35
33
33
35
39
40
32
32
32
38
33
35
34
33
70
32
35
27
29
31
35
35
33
35
35
39
36
30
31
33
34
34
39
41
53
31
31
27
29
32
32
31
34
37
30
35
31
32
48
33
34
33
37
31
43
43
41
41
43
33
35
33
34
35
44
35
38
30
31
