49
50
54
50
53
52
56
53
54
54
57
56
54
54
51
54
50
51
52
50
51
46
48
48
46
49
47
46
44
45
47
49
46
47
44
44
43
45
49
42
42
43
41
43
42
43
39
55
44
38
43
34
37
39
37
43
32
39
34
33
32
29
31
28
27
27
24
27
29
22
23
22
22
22
21
22
21
23
20
22
24
23
24
21
20
20
20
19
21
20
19
19
23
18
17
20
17
20
16
19
19
16
21
25
21
22
27
19
19
20
17
16
17
18
19
16
17
31
18
18
16
17
31
30
18
17
17
18
18
22
20
24
20
20
20
22
21
21
21
27
21
22
24
21
23
27
23
28
28
28
32
31
32
34
29
29
34
29
33
31
38
35
34
41
40
58
33
35
36
34
41
37
42
40
39
36
36
48
55
44
52
42
41
43
45
44
46
47
45
48
44
45
42
46
41
42
45
43
49
50
45
43
44
45
47
44
44
50
48
47
43
46
43
44
45
46
48
50
50
59
50
48
48
48
60
43
51
45
50
42
42
48
42
49
41
50
44
42
47
41
42
47
46
49
42
40
44
45
53
43
47
45
54
47
46
43
43
42
48
42
44
47
49
46
46
44
45
53
48
51
61
47
53
53
66
55
56
50
52
51
59
49
50
53
57
55
50
51
