38
40
32
39
32
32
32
34
34
35
39
35
36
40
41
30
32
34
31
41
29
29
36
29
31
32
32
32
31
54
41
33
39
33
40
29
29
30
30
30
29
27
29
37
28
28
30
31
33
33
31
43
48
36
34
32
33
26
27
26
37
29
27
43
24
24
31
23
24
24
24
25
24
27
23
25
17
18
17
22
31
33
25
23
24
24
25
25
26
26
25
25
24
26
26
26
26
27
26
48
37
24
24
24
24
29
27
26
31
30
24
23
23
24
27
25
24
39
19
20
20
19
24
16
17
16
17
31
28
18
23
16
20
25
21
22
17
38
17
24
15
16
16
16
16
16
17
17
23
30
33
36
26
18
17
18
19
23
30
34
31
33
31
30
22
22
23
24
28
35
38
40
27
24
26
19
19
20
23
22
22
28
25
26
33
30
27
42
34
25
23
29
22
23
21
42
24
23
29
26
26
31
32
37
27
29
30
34
32
29
25
26
47
30
28
35
32
38
29
32
27
27
27
30
39
33
42
35
28
44
30
24
26
27
27
27
29
33
28
27
29
29
31
31
32
32
33
36
34
31
29
30
33
34
27
29
35
30
29
31
31
44
43
36
44
53
53
72
49
50
50
46
46
58
51
38
44
28
29
30
32
32
34
35
47
38
38
30
