50
50
55
58
61
64
54
53
54
68
53
57
49
55
55
58
57
57
69
59
69
60
47
50
48
48
51
48
48
50
54
56
56
59
58
54
56
83
65
58
50
48
53
43
41
44
46
45
50
52
52
48
54
61
39
40
44
42
42
43
41
43
31
31
32
33
32
29
30
31
31
31
32
35
27
27
28
48
25
24
30
24
21
20
19
34
24
22
24
33
22
22
27
30
22
20
18
20
19
24
30
20
20
21
20
22
24
23
26
29
25
20
22
18
21
22
21
24
25
22
21
22
27
22
26
27
23
25
22
25
26
24
35
27
22
23
24
23
24
26
25
47
42
44
27
28
30
49
46
47
51
53
53
54
51
56
44
43
35
35
35
34
31
38
44
42
41
30
32
33
36
38
41
41
42
48
60
50
46
41
40
41
40
46
51
51
45
33
33
35
39
38
40
41
42
56
50
55
64
36
38
38
48
41
34
37
37
39
43
42
47
45
49
49
49
47
38
43
41
44
46
48
40
42
62
42
54
42
42
49
40
44
45
48
41
44
40
44
46
49
39
42
41
43
48
46
51
45
42
47
47
70
47
49
51
48
64
52
55
52
47
48
51
43
40
42
47
66
60
61
64
68
61
71
51
56
68
45
44
45
45
44
43
57
69
52
54
50
