46
51
47
47
46
48
47
49
49
49
55
45
65
48
47
45
46
45
48
46
42
43
44
40
43
52
59
37
38
39
37
38
37
37
35
35
36
35
47
36
33
32
33
34
32
32
28
32
29
28
30
33
43
28
26
26
25
25
28
27
34
24
22
22
19
21
19
19
19
19
20
18
18
17
17
18
19
19
21
19
32
16
15
15
15
15
14
14
14
15
13
14
14
14
15
17
15
16
15
25
27
15
15
15
17
17
16
18
24
18
15
14
14
14
14
13
13
13
28
20
14
14
15
14
15
14
15
15
14
16
18
16
16
16
16
21
22
20
16
17
16
17
17
17
18
19
19
19
19
21
21
21
19
21
21
36
22
23
24
24
25
25
24
24
27
31
34
38
29
29
29
30
31
31
30
37
29
30
29
32
31
31
31
33
32
32
32
31
33
32
32
35
31
31
34
57
39
42
34
34
34
36
44
41
35
35
40
37
33
35
35
34
35
36
34
35
35
37
39
50
37
36
38
39
56
37
34
34
40
40
34
35
34
35
32
33
34
37
36
36
35
35
36
33
50
34
34
35
37
37
38
34
36
37
35
35
33
33
34
35
34
35
35
34
34
33
36
54
34
35
33
34
39
63
37
39
38
35
37
36
39
36
48
37
39
40
36
37
