20
19
23
26
24
23
26
27
26
25
26
25
26
25
24
23
21
22
23
20
20
19
19
17
18
18
17
18
17
16
17
17
18
17
17
18
18
17
17
18
17
16
16
15
16
14
16
15
30
17
15
15
16
18
18
18
17
16
15
17
20
18
17
19
19
16
15
17
17
15
14
13
10
9
12
11
11
12
10
10
7
11
10
10
10
9
10
10
10
9
9
10
9
9
8
8
9
9
8
6
6
5
4
3
4
5
4
4
5
6
6
6
8
9
7
10
10
9
9
4
7
9
9
9
10
9
9
10
10
11
11
11
11
9
9
9
10
10
10
9
11
11
7
9
10
10
10
12
13
13
11
13
14
14
15
16
16
14
15
16
17
17
18
18
18
15
17
17
17
17
17
16
19
19
18
18
19
18
19
15
15
15
15
15
15
15
15
16
16
15
15
15
16
15
15
16
16
16
16
87
21
19
16
17
16
16
16
16
16
17
16
17
17
17
17
17
17
16
17
16
16
16
17
16
16
17
16
15
15
15
15
16
15
15
15
15
14
15
15
15
15
15
15
14
15
15
15
15
15
14
16
16
15
15
15
14
15
15
16
15
15
16
17
17
16
16
16
17
18
17
17
17
17
18
17
17
17
17
18
17
17
17
17
17
17
16
16
16
