24
25
23
24
24
24
26
23
25
24
23
23
25
24
23
23
21
23
23
23
24
23
24
23
24
23
24
25
24
25
25
26
24
23
23
20
19
19
20
19
20
20
19
20
19
19
19
19
18
18
18
18
17
19
20
21
19
18
18
17
17
18
18
18
18
18
18
18
19
19
20
19
18
20
21
21
19
19
19
17
18
17
16
17
16
16
16
16
15
15
17
16
16
16
16
16
16
16
15
16
17
17
16
16
16
15
15
16
15
16
17
18
17
17
18
17
17
18
18
19
17
16
17
18
19
18
18
16
17
16
18
17
17
17
18
18
18
18
17
18
17
17
16
17
17
17
18
17
17
17
17
17
17
18
18
18
19
21
20
19
20
20
21
21
21
21
21
21
22
22
21
23
22
23
22
22
23
23
22
22
23
23
23
23
23
23
24
24
23
24
26
24
23
24
24
24
23
24
23
24
24
24
23
24
23
24
25
24
25
24
23
23
24
24
23
23
24
23
24
22
22
22
21
21
21
21
21
21
21
21
21
20
20
20
20
22
22
21
21
21
21
21
22
20
21
21
20
21
22
21
21
21
20
19
20
19
19
20
20
21
19
19
18
18
18
18
19
19
19
19
19
19
19
19
20
19
19
19
19
19
20
19
20
20
20
19
19
19
