74
76
72
71
73
73
73
72
72
75
69
71
67
67
64
64
64
65
67
67
70
67
70
66
69
69
67
66
71
64
71
70
65
67
68
68
70
69
70
67
65
65
63
64
62
62
63
60
60
58
59
58
55
57
54
59
51
53
53
54
48
47
47
46
48
44
43
42
41
36
36
36
36
33
32
32
32
34
33
33
31
31
30
28
27
25
26
23
22
25
24
23
23
22
24
22
21
23
22
20
20
23
23
19
18
19
22
19
18
18
20
20
17
16
18
19
24
25
26
24
18
18
17
18
18
17
17
17
19
20
21
20
21
20
21
21
21
21
20
23
25
26
25
24
24
26
26
29
30
32
34
35
35
35
37
37
40
42
43
41
46
45
47
46
47
48
48
47
48
52
52
53
51
54
54
54
58
59
61
61
61
62
62
61
62
64
62
62
63
62
63
64
60
59
62
63
67
71
66
70
69
69
70
67
67
68
68
67
68
68
68
70
75
75
75
71
69
68
71
70
67
63
66
69
65
64
65
64
66
65
63
64
63
67
69
68
71
68
68
67
66
63
70
67
68
64
63
64
65
65
68
63
63
63
66
69
67
66
63
64
63
62
64
63
65
64
61
62
63
63
64
69
68
64
63
62
63
67
64
65
65
62
63
63
71
69
69
77
