46
46
48
44
44
43
43
46
42
38
38
39
43
41
39
41
38
46
43
46
46
44
45
42
42
41
40
38
40
42
43
47
41
41
38
39
41
38
38
40
41
36
36
37
35
36
35
34
39
35
36
32
36
36
36
37
35
34
31
31
30
33
33
33
32
29
29
29
32
29
29
28
27
29
30
31
30
31
30
29
29
28
30
29
30
30
33
32
29
29
26
26
26
26
26
27
27
28
28
29
30
29
29
28
29
30
26
25
25
25
25
25
26
27
26
27
28
28
29
28
28
33
29
30
30
29
30
29
32
31
30
28
28
28
29
27
28
26
26
26
27
27
26
30
28
28
29
29
29
29
31
33
32
31
31
30
30
32
32
31
28
30
33
41
32
33
32
34
33
35
41
36
36
35
35
34
37
37
37
40
40
40
43
37
37
38
37
36
40
38
36
38
39
39
40
39
39
41
41
43
40
40
40
39
41
39
38
39
36
38
40
38
37
39
38
42
41
38
41
41
41
44
43
44
43
42
42
39
39
38
38
38
38
40
41
43
40
40
40
39
37
38
39
43
39
42
38
36
35
38
36
38
40
39
39
41
38
38
37
37
38
36
38
37
38
39
38
41
37
39
38
38
41
37
38
35
37
37
39
37
34
35
36
37
38
41
36
37
