48
47
45
45
47
46
46
44
43
44
44
44
44
43
42
44
41
44
45
43
42
42
42
39
41
39
39
38
38
41
41
43
41
42
43
42
42
40
41
41
39
38
35
36
38
37
38
41
39
38
38
38
36
37
37
36
36
39
36
35
37
38
38
37
36
37
35
36
38
37
35
36
38
37
38
36
37
40
35
34
33
32
33
32
30
30
32
33
31
30
31
33
33
32
33
33
34
31
32
36
35
35
31
32
34
31
29
29
29
28
29
30
28
28
28
28
31
33
33
33
31
29
28
29
30
31
30
28
28
29
28
32
35
37
30
32
33
28
26
26
26
27
27
27
27
28
30
31
31
32
32
32
31
31
32
33
33
34
34
35
32
33
33
31
30
30
30
30
32
32
35
32
33
35
36
35
37
34
36
38
39
40
40
38
39
36
36
34
34
35
35
37
37
35
35
36
39
36
38
39
40
39
39
38
37
37
36
36
36
35
36
36
36
38
37
39
40
40
40
40
39
40
40
41
38
38
38
35
37
36
35
35
37
40
38
38
38
38
37
38
43
37
36
36
39
39
37
38
36
36
36
39
37
34
32
33
32
35
36
35
34
35
34
34
34
36
37
39
39
35
36
35
36
37
36
37
37
37
36
36
34
35
34
34
37
37
37
36
