39
44
37
38
38
39
36
37
43
41
40
37
38
39
38
38
37
33
38
34
32
35
32
33
32
32
32
33
30
34
34
33
33
33
38
35
34
35
34
39
34
31
33
31
31
35
32
31
32
32
35
34
31
30
29
29
32
30
28
27
29
27
28
31
26
26
26
26
26
28
26
25
26
30
30
29
30
27
27
25
26
24
24
24
26
23
24
24
24
24
24
25
27
26
23
24
25
24
24
24
28
23
22
23
23
22
22
22
26
25
23
24
24
24
24
23
27
24
25
23
24
23
23
23
23
28
23
22
22
22
21
23
23
26
22
24
25
23
23
24
24
27
23
23
25
24
26
25
26
27
26
26
25
25
26
25
31
33
32
30
31
32
34
34
30
28
29
29
30
33
34
31
30
31
32
31
33
30
30
32
34
32
35
32
32
33
33
35
33
35
33
34
36
36
33
37
34
35
39
35
35
36
35
38
37
34
37
35
37
34
36
35
34
37
36
36
37
35
38
34
39
38
38
42
39
41
38
38
39
36
36
38
37
39
35
36
34
34
38
35
36
36
35
35
39
35
37
33
33
36
36
34
35
33
33
35
34
36
34
34
35
38
34
35
34
33
34
32
30
30
32
33
35
34
31
29
31
30
33
31
31
30
31
31
33
30
31
31
