7
6
6
5
6
5
5
5
5
5
4
13
18
18
16
16
15
14
13
14
14
13
13
12
17
16
16
12
14
12
12
12
13
13
13
14
12
12
24
11
11
10
18
13
11
6
5
5
5
4
5
4
5
4
4
5
4
4
4
5
5
5
5
6
5
5
5
5
5
5
5
5
6
6
5
5
4
5
5
4
0
5
5
5
6
6
5
5
4
5
5
5
5
4
5
5
5
5
5
5
5
5
5
5
5
4
5
4
5
5
4
5
4
4
5
5
5
5
5
5
5
6
5
5
5
5
6
5
5
5
5
5
5
7
5
5
5
5
5
5
5
6
5
5
6
7
6
5
5
5
5
5
5
5
5
5
6
6
6
5
5
5
5
5
6
5
5
5
6
6
6
6
7
6
7
6
7
8
8
8
9
11
12
11
12
13
12
11
12
14
13
14
19
17
20
15
17
16
15
13
11
8
8
7
9
8
7
8
8
8
8
7
7
6
7
6
7
8
7
6
6
6
6
7
6
6
6
6
6
6
6
6
6
6
6
5
5
5
5
5
5
6
5
5
5
5
5
5
4
4
5
4
5
5
5
4
5
5
5
4
4
4
4
5
5
4
4
4
4
5
4
4
4
4
4
4
5
5
5
4
4
4
4
4
4
4
4
4
