93
91
89
92
85
85
96
92
89
88
81
82
88
80
84
82
80
77
83
80
77
83
77
75
78
81
81
81
83
70
79
89
85
83
77
78
85
75
75
71
74
81
77
79
72
81
75
68
69
65
79
67
67
59
63
57
56
52
46
47
43
50
45
43
40
37
33
33
31
30
26
27
24
24
25
21
19
19
17
18
15
17
13
15
14
12
13
14
11
11
13
12
10
11
10
10
11
9
8
10
10
10
8
9
12
8
8
12
9
8
7
7
7
6
7
6
6
7
7
7
7
7
7
7
7
7
9
9
9
10
11
11
12
13
15
14
14
15
16
16
21
21
20
19
20
24
20
23
27
27
30
31
30
31
31
32
37
35
38
37
39
41
41
44
43
43
44
40
47
47
50
54
64
65
55
58
57
59
67
67
67
67
64
71
67
76
75
73
73
78
79
71
73
72
76
79
79
86
84
83
86
81
82
86
78
76
83
86
84
88
81
80
85
79
80
87
80
84
83
79
79
81
81
85
78
78
81
71
74
75
72
82
78
78
81
87
74
74
78
82
76
76
71
83
76
70
73
78
73
80
78
79
78
81
72
84
87
90
79
77
77
85
85
81
84
96
81
84
87
77
81
85
79
80
73
82
80
81
76
76
76
76
69
74
79
82
75
80
