45
44
47
47
45
45
45
47
47
47
47
45
44
45
43
44
43
43
44
44
44
44
43
43
45
45
46
46
45
44
44
44
44
44
44
43
43
44
44
44
44
43
43
43
42
45
48
45
41
38
37
36
35
35
34
33
33
31
31
30
29
27
27
26
26
25
24
24
24
24
22
22
21
20
20
18
19
17
17
17
16
15
17
15
17
15
14
14
13
13
13
13
12
12
12
12
12
13
12
11
11
11
12
11
11
10
11
11
11
11
11
11
11
10
10
10
10
10
10
11
11
11
10
9
10
10
10
10
11
10
11
12
13
12
13
13
13
14
14
14
15
16
17
16
18
17
19
20
20
21
22
22
23
24
25
27
27
27
29
29
30
31
30
31
32
33
33
33
34
34
34
35
35
35
38
38
37
37
39
38
40
39
41
40
40
41
40
42
41
42
42
42
42
42
42
46
44
43
43
42
44
43
44
43
43
42
43
42
42
43
42
42
43
43
42
41
40
40
44
45
44
43
43
43
44
44
41
41
41
41
42
43
40
40
40
40
40
41
42
40
41
40
40
39
40
40
42
43
43
42
42
42
41
41
43
42
44
43
40
40
40
41
41
41
41
41
40
42
42
41
40
40
41
42
40
40
40
39
40
40
39
39
39
41
40
41
42
41
