23
21
25
28
27
25
27
29
26
26
25
23
25
24
22
22
22
20
25
25
23
23
22
19
23
22
22
22
21
22
22
22
22
20
21
20
22
19
21
19
21
19
22
19
20
20
20
19
19
17
20
18
17
16
15
14
15
15
16
15
13
13
13
12
13
12
11
11
11
10
10
10
11
10
9
9
8
8
8
9
7
8
6
7
6
6
5
6
7
6
5
6
5
7
6
5
5
5
6
5
5
4
4
4
4
6
4
4
5
4
5
6
4
5
4
4
4
5
6
5
6
5
5
5
7
4
5
5
5
5
7
6
6
8
6
6
6
8
7
6
7
9
8
10
9
9
10
12
9
12
10
10
12
11
14
12
13
12
13
13
14
15
15
14
15
17
15
16
16
15
17
15
18
18
17
19
17
19
19
20
17
20
20
17
20
21
21
18
20
21
20
20
20
21
20
18
21
21
22
22
22
21
21
22
21
22
22
21
21
22
22
20
22
21
20
22
21
22
21
21
22
21
21
21
22
19
23
23
22
21
19
21
22
23
19
22
20
21
22
21
22
22
20
21
20
19
22
22
22
22
21
19
22
21
19
22
21
21
20
21
22
24
23
21
22
21
21
22
20
22
24
19
22
23
24
21
23
22
22
22
20
22
22
22
22
23
20
22
