51
50
53
60
60
49
51
57
51
53
51
49
31
46
60
55
58
62
63
66
63
63
62
60
64
59
57
51
59
56
40
19
48
62
62
62
59
58
61
61
62
53
57
65
63
40
67
72
64
59
58
57
54
55
57
55
51
51
52
53
55
55
54
55
54
53
51
51
56
55
54
59
60
59
59
54
58
61
52
51
50
49
51
53
48
49
58
60
49
34
50
58
58
57
58
59
55
49
53
59
59
56
53
56
58
56
51
52
51
51
52
47
47
46
49
51
57
59
57
56
53
49
52
54
58
63
55
49
50
52
52
52
54
57
52
56
62
53
52
52
54
51
52
51
50
55
51
50
51
54
52
52
51
52
50
55
53
55
55
53
53
51
54
52
51
53
54
52
56
55
53
53
49
56
56
54
53
54
49
53
59
60
60
53
55
55
57
53
50
51
52
60
60
56
55
56
55
56
56
56
54
54
54
56
57
53
54
58
56
55
54
52
56
48
54
55
57
56
57
57
55
52
57
56
54
48
54
52
51
51
51
51
53
57
55
54
53
54
55
55
57
53
57
52
57
61
54
54
50
52
53
58
54
53
51
49
51
56
59
53
53
53
50
54
50
54
57
59
58
56
57
55
56
53
52
49
57
60
49
51
54
54
50
54
55
54
53
59
