22
18
23
19
24
21
26
28
25
20
22
31
19
24
22
21
21
26
16
24
18
22
20
17
18
20
20
25
19
18
15
17
21
19
16
20
16
16
21
22
19
16
14
24
22
17
16
18
19
20
14
21
22
17
19
23
15
16
15
20
18
19
15
15
18
16
15
17
17
15
14
12
19
15
18
16
11
20
16
16
20
18
17
17
10
17
17
22
13
12
16
22
14
14
15
16
18
10
11
17
14
12
18
10
13
10
12
12
16
8
11
16
13
12
9
12
14
12
13
16
14
14
14
11
14
17
13
16
11
20
10
11
12
9
10
15
10
12
10
13
17
17
11
15
13
11
11
12
16
10
11
20
16
16
16
16
17
13
16
17
20
15
16
12
15
17
16
18
19
12
16
22
16
25
21
14
20
18
15
18
18
15
22
15
21
17
21
15
20
23
16
19
17
20
14
19
20
17
22
19
17
15
20
18
17
17
18
15
14
19
14
17
20
17
16
16
18
19
15
15
16
17
19
18
17
18
18
21
17
15
14
17
19
17
20
23
17
13
17
18
23
20
17
17
21
17
14
18
15
19
17
22
22
17
21
16
13
12
22
14
18
20
21
16
17
19
15
15
19
16
16
18
22
18
19
17
13
17
27
17
19
16
18
15
23
22
17
21
