18
18
19
18
19
18
19
19
21
19
18
20
18
19
19
20
18
18
18
18
19
19
19
18
18
18
19
20
19
20
18
19
19
19
20
19
19
19
19
21
20
19
19
18
20
20
19
19
18
17
19
18
17
17
17
18
17
18
18
17
18
19
20
19
18
19
18
17
18
19
20
18
17
17
93
473
49
32
16
16
17
18
18
16
16
16
17
17
16
16
15
16
17
17
17
18
18
18
17
17
16
16
17
17
17
18
18
17
16
16
17
17
17
17
17
16
17
16
16
16
16
16
17
17
16
16
16
16
16
16
16
16
16
16
15
15
16
16
16
16
16
16
17
16
15
15
16
16
15
16
16
16
18
18
18
19
20
20
21
20
23
21
21
23
23
25
24
23
23
23
22
22
23
23
24
23
14
21
15
10
14
14
14
16
21
25
23
24
25
23
23
22
22
23
25
23
24
24
24
24
24
24
24
26
25
25
23
23
23
23
24
23
24
25
23
24
24
23
22
22
24
24
24
24
24
25
25
24
24
26
25
28
25
26
26
26
24
22
24
24
25
24
23
23
24
24
25
23
23
24
25
24
24
25
24
23
24
23
22
24
23
23
24
23
23
23
23
23
24
23
23
23
23
23
23
219
450
56
36
23
21
23
24
22
21
22
22
23
