24
23
25
23
24
22
21
22
20
20
18
19
19
20
18
21
20
21
23
23
22
22
20
19
20
21
20
19
20
19
19
18
19
18
20
18
19
18
19
18
18
17
18
17
18
17
16
16
17
17
11
23
18
18
17
16
15
16
14
15
15
17
16
18
16
15
15
15
14
15
14
14
16
14
14
12
14
14
14
13
12
14
13
14
14
15
15
15
14
16
17
18
16
17
18
16
17
17
17
17
16
16
16
17
16
16
17
17
18
17
17
18
17
18
17
17
18
19
18
17
18
17
17
16
15
15
15
16
17
17
16
16
16
16
16
16
16
15
16
15
15
15
14
15
15
14
16
15
15
15
15
15
14
14
14
16
18
18
17
16
16
17
18
17
17
17
17
18
18
19
19
19
18
19
20
19
19
19
19
19
19
19
19
18
19
19
19
18
19
18
19
20
18
18
18
18
18
19
19
19
19
19
20
19
19
19
19
19
19
19
20
20
19
20
19
20
20
20
19
18
20
19
19
19
18
18
17
20
19
18
19
18
18
19
19
20
20
20
20
19
20
20
20
19
19
20
19
18
18
18
19
19
19
20
19
18
18
19
19
19
19
18
19
18
19
18
19
20
19
20
20
19
19
20
20
20
20
20
20
20
21
21
21
22
21
21
20
20
