86
93
88
89
88
90
88
89
93
88
86
87
86
91
87
94
84
90
87
84
83
86
84
88
86
81
81
85
81
83
82
81
81
83
84
84
84
90
84
82
78
77
81
88
86
83
84
85
85
83
82
82
78
81
82
83
81
83
83
79
82
77
84
84
80
80
81
80
79
80
81
83
79
79
79
78
77
80
78
81
76
79
78
80
77
77
76
79
81
86
78
82
89
84
85
85
84
87
83
91
90
86
89
87
88
81
87
86
84
90
86
91
86
83
81
82
84
84
86
88
86
86
90
91
91
92
84
90
89
85
88
92
90
98
87
92
82
79
79
80
80
84
81
78
79
84
84
83
83
90
92
88
89
91
88
92
88
98
100
105
93
100
86
89
86
81
81
86
82
91
96
89
90
90
92
92
89
88
85
87
86
87
87
86
88
87
83
86
90
85
86
87
86
89
88
94
90
95
89
87
82
84
83
88
88
87
83
85
90
89
82
89
86
90
83
88
85
87
84
84
83
87
84
86
85
85
82
83
85
86
82
87
89
95
94
94
91
95
93
99
99
97
100
102
105
103
94
100
97
98
92
96
93
98
90
91
92
93
96
98
94
90
96
91
88
90
95
100
97
97
89
97
91
87
86
88
88
92
85
88
86
92
87
91
91
95
98
96
