93
114
114
99
99
106
115
115
106
114
115
115
115
115
112
114
108
115
114
115
103
114
112
112
115
108
111
114
112
114
90
106
117
115
114
117
115
117
117
114
114
117
106
114
114
103
109
117
115
111
115
97
94
115
114
112
114
102
114
114
114
115
115
114
100
103
108
114
111
114
114
111
114
114
115
115
115
115
115
115
115
111
111
114
115
115
115
115
115
115
114
108
106
115
114
115
112
115
100
115
117
117
103
109
99
112
112
115
114
112
103
112
115
114
106
115
99
112
115
114
114
105
115
112
114
115
114
106
115
112
109
105
115
114
114
114
112
112
109
114
108
115
114
115
112
105
112
114
112
117
114
97
114
112
114
115
114
99
114
115
112
112
114
114
111
115
67
109
115
103
114
105
114
114
112
105
114
114
115
115
106
115
117
112
114
109
114
108
114
117
115
112
109
115
108
115
115
115
106
117
114
114
111
111
96
97
114
105
114
115
96
115
114
115
117
109
106
117
90
117
114
112
115
106
115
117
114
115
115
99
117
117
112
115
105
114
114
100
115
112
112
115
111
112
112
102
106
115
112
115
115
105
115
117
109
115
109
91
115
103
111
117
117
114
103
115
103
114
112
115
114
103
114
100
99
115
117
108
115
114
112
115
115
114
114
115
115
115
