9
0
3
6
3
6
3
9
13
4
0
6
0
7
0
13
6
0
0
12
0
6
15
10
9
0
3
0
0
3
0
6
9
0
9
3
15
0
0
0
0
0
6
3
3
3
3
0
15
0
0
7
0
9
12
0
9
0
3
3
0
3
12
6
0
0
9
3
22
6
13
3
6
6
9
3
6
6
0
9
0
16
3
3
0
12
0
0
6
15
9
0
0
3
0
6
10
6
9
0
0
0
0
3
0
12
3
0
3
0
0
4
10
22
7
3
9
3
0
3
0
3
3
0
0
3
3
3
3
3
13
6
40
19
3
9
0
6
0
0
13
0
0
0
12
3
0
0
0
6
0
3
0
3
3
3
3
3
0
3
0
9
3
6
6
13
0
3
3
6
0
6
0
0
3
19
3
16
3
9
6
0
3
3
3
12
0
7
0
3
0
3
9
3
0
3
0
0
0
3
3
0
13
6
3
0
0
0
12
0
3
0
6
3
3
3
0
0
3
6
0
3
3
3
0
0
0
0
0
9
0
0
15
3
13
9
6
0
3
3
3
3
9
0
0
0
0
15
0
0
9
9
6
0
3
6
0
0
0
9
6
0
3
0
3
0
3
3
25
0
3
12
0
0
10
3
0
0
3
3
6
9
43
9
3
0
15
0
