7
6
0
3
7
0
3
0
0
0
0
106
0
0
4
0
0
0
6
0
9
3
0
6
9
9
0
3
0
6
3
9
6
6
7
3
3
9
0
3
0
6
0
12
0
0
6
0
0
6
3
0
9
6
9
0
3
6
3
9
3
0
0
0
0
6
7
3
3
3
0
6
0
13
0
0
3
6
0
0
3
6
9
6
0
0
6
0
3
0
7
0
4
0
6
0
0
3
3
0
6
0
0
3
3
0
9
0
6
3
3
15
3
0
7
3
3
12
7
6
7
0
0
7
0
0
3
0
3
3
0
0
6
0
6
0
6
3
0
0
6
0
3
3
3
3
6
9
6
6
3
4
9
0
3
3
0
12
3
0
10
84
0
6
0
0
0
6
0
6
1
3
3
0
9
3
52
6
6
3
18
0
6
3
0
0
6
3
3
0
0
15
6
0
1
0
0
18
7
3
4
6
0
6
6
3
0
3
10
6
96
0
0
0
3
18
6
0
6
0
6
3
3
3
3
3
6
0
0
3
0
3
3
0
0
9
3
6
0
6
3
76
0
3
6
0
75
0
6
1
9
0
3
0
9
3
3
3
0
0
3
3
6
3
0
9
6
6
3
0
6
7
6
6
0
0
3
7
3
3
0
3
3
4
0
0
3
0
