0
114
82
0
3
130
114
3
0
0
93
63
0
0
48
94
105
103
70
22
0
4
0
108
0
82
0
118
0
90
112
72
0
0
0
0
0
66
0
0
0
3
0
0
0
0
0
124
109
0
136
0
16
144
3
0
138
0
0
63
100
0
0
0
0
0
78
0
73
87
0
0
90
96
0
6
0
123
63
133
114
3
0
0
0
111
103
0
0
0
130
0
4
100
0
0
0
4
6
91
0
3
90
0
78
66
0
0
3
145
21
93
0
72
0
90
0
93
0
37
0
0
0
72
102
10
79
103
0
0
28
102
0
0
90
108
0
0
96
3
3
0
13
0
0
106
27
0
120
3
111
99
3
0
0
0
99
45
0
90
121
0
0
0
45
0
66
0
0
57
75
0
105
109
0
0
84
3
0
0
0
0
0
0
0
91
75
0
0
0
0
0
52
15
0
58
0
106
88
0
0
0
103
117
0
25
124
0
42
76
102
0
0
3
72
66
49
0
4
0
0
0
123
120
0
0
9
108
0
79
0
3
0
0
108
0
100
88
3
0
100
0
3
0
0
126
37
0
126
0
6
3
3
0
142
79
0
3
0
118
0
0
0
0
115
114
0
60
0
0
0
0
0
112
0
0
79
0
0
0
88
0
0
120
48
93
0
0
