91
114
109
106
78
78
76
105
91
60
109
81
102
85
123
82
81
94
99
85
87
109
124
85
100
109
106
63
117
106
63
121
63
109
100
123
55
114
121
109
102
106
126
85
105
111
112
103
111
109
109
70
109
102
70
84
96
90
97
90
78
88
58
94
54
82
55
69
105
69
78
55
105
43
115
99
105
66
54
64
91
109
102
117
94
114
61
96
69
102
109
58
87
64
54
91
79
99
106
61
87
91
67
54
48
45
66
100
73
109
100
69
90
73
93
78
45
51
111
111
88
105
114
63
61
63
111
90
70
103
85
87
112
109
84
88
88
64
109
105
103
111
76
78
108
85
61
70
90
91
103
106
103
70
87
100
111
82
60
40
100
100
70
57
99
52
82
115
103
69
120
111
100
112
100
103
108
64
108
112
73
55
70
100
103
108
24
43
105
51
93
79
102
112
70
99
102
88
82
76
112
100
97
57
51
96
64
49
54
54
69
105
105
60
67
117
61
88
87
100
75
69
109
42
118
94
117
61
94
61
109
87
123
109
60
100
111
79
114
106
76
94
124
100
108
118
93
114
120
121
100
117
90
79
66
81
103
90
106
55
76
85
100
115
106
93
117
103
64
94
112
72
64
76
51
118
57
99
96
124
123
94
103
75
118
100
27
76
