10
3
0
3
3
3
6
3
3
6
3
0
3
0
6
0
3
0
6
6
6
25
3
6
6
3
6
6
3
6
12
9
3
6
3
7
3
3
3
0
0
3
3
3
0
6
9
6
3
3
7
0
12
0
13
0
0
6
3
3
6
9
6
6
3
6
0
10
3
3
6
10
3
3
3
6
10
19
3
3
6
3
9
6
6
6
1
6
3
3
6
6
13
3
9
6
4
3
0
3
3
7
0
3
10
6
6
0
3
3
6
0
0
3
3
0
6
3
3
3
3
3
3
6
3
6
3
6
0
0
3
3
3
9
13
3
9
3
3
3
6
3
6
7
10
3
3
6
0
3
6
6
6
0
3
10
6
3
6
3
6
6
3
3
10
6
0
3
16
3
3
0
3
3
0
3
6
3
6
0
6
6
3
6
6
3
6
6
3
3
6
3
3
3
7
6
6
6
0
0
6
3
6
3
6
3
3
0
7
3
3
3
9
0
9
6
3
0
0
3
6
0
3
3
7
4
0
9
9
3
3
6
3
3
16
6
3
12
3
3
6
0
6
9
3
3
3
0
0
3
9
15
3
6
3
3
0
3
3
6
3
6
6
6
6
6
4
0
7
6
6
9
25
0
3
0
3
0
3
6
3
3
3
0
3
3
3
0
