45
51
34
25
16
42
37
39
45
72
81
39
51
30
57
121
39
54
58
4
24
25
25
42
69
33
49
31
34
36
75
28
39
28
34
55
51
18
61
10
40
48
36
57
22
37
39
57
21
37
27
28
28
27
45
63
30
67
48
48
66
43
46
45
34
90
45
45
28
72
42
31
19
45
97
25
48
64
51
25
22
22
19
67
31
16
37
36
37
52
73
48
60
19
54
45
76
57
16
34
39
34
64
40
19
42
19
60
42
76
58
49
13
64
36
63
48
48
57
76
22
85
49
39
39
13
28
51
31
34
45
30
28
60
33
42
42
16
34
33
25
57
10
25
48
31
16
25
96
33
52
52
22
45
55
39
30
93
33
39
24
51
37
33
46
57
58
19
25
28
19
39
42
63
36
30
48
39
55
19
27
42
16
48
27
48
54
54
13
19
36
39
54
24
45
54
73
37
34
10
40
49
63
43
19
70
45
25
51
54
54
36
55
42
48
54
25
66
30
37
19
45
19
22
22
51
48
34
42
37
39
48
19
19
48
30
25
36
25
16
22
33
25
31
25
13
19
31
22
33
31
28
13
16
16
7
22
19
31
66
10
13
10
16
18
22
16
22
19
13
46
13
31
52
36
19
27
27
34
19
13
10
16
13
25
22
24
39
