13
6
4
10
9
12
12
9
7
3
9
10
3
4
12
13
9
4
6
3
3
6
0
0
9
0
3
3
0
0
0
6
3
3
0
12
12
9
4
6
13
6
6
3
6
7
7
7
0
12
0
3
6
0
3
3
0
4
0
0
0
0
3
3
3
4
0
7
10
12
13
0
4
10
6
3
0
6
12
4
15
12
9
6
3
13
6
3
0
0
19
6
6
6
10
7
3
3
6
3
0
10
12
7
3
3
15
6
6
6
7
3
3
6
3
6
0
4
3
12
6
13
9
6
13
27
3
9
13
19
10
15
0
15
15
12
9
13
12
4
6
3
3
3
0
4
6
3
3
3
3
4
4
4
3
3
3
21
10
3
0
0
6
3
3
3
0
3
4
0
4
9
7
3
6
3
0
4
0
0
0
3
6
3
0
24
0
12
0
4
7
4
13
9
3
6
6
9
27
7
10
9
4
12
6
9
3
3
6
7
15
16
0
10
7
7
7
4
7
13
3
3
18
6
3
3
3
0
3
13
3
0
0
3
0
0
3
6
0
0
6
0
3
0
0
3
3
9
3
18
6
3
4
3
3
3
0
12
9
6
9
3
3
6
3
0
4
3
3
3
3
3
6
6
9
9
9
4
3
18
6
10
3
10
9
15
6
0
