6
6
6
6
6
6
6
6
6
6
6
6
6
6
6
3
6
9
9
9
6
6
9
6
6
6
6
6
6
6
9
6
6
6
6
6
6
6
6
6
6
6
3
6
6
6
9
6
9
6
6
6
6
6
6
6
6
6
6
6
6
6
6
6
6
6
6
6
6
6
6
6
6
6
6
6
6
6
6
6
6
6
6
12
6
9
6
6
9
6
6
6
9
6
6
6
6
9
9
6
9
6
6
6
6
6
6
6
6
6
6
6
9
6
9
6
3
4
6
6
6
3
6
6
6
6
6
6
6
6
6
6
6
6
6
6
6
6
6
6
6
6
6
9
4
6
6
6
6
6
6
6
6
6
6
6
9
9
6
9
6
6
6
6
6
6
6
6
6
6
3
6
3
6
6
6
6
6
6
6
6
9
6
6
6
6
6
6
6
6
9
6
6
6
6
6
6
6
9
6
9
6
9
6
9
6
6
9
3
4
6
6
6
6
6
9
6
6
6
9
6
6
4
6
6
6
6
6
6
6
6
6
6
6
3
9
6
4
12
9
9
6
6
9
6
6
6
6
6
6
6
6
6
6
7
6
6
6
6
9
6
6
6
6
6
6
6
6
6
6
6
6
6
6
9
9
7
6
6
6
9
9
6
6
6
6
6
6
