6
6
12
9
9
7
12
9
6
9
12
18
12
6
12
13
12
12
9
9
9
6
12
12
9
6
9
12
9
19
9
7
9
12
6
12
6
9
9
13
15
6
6
12
12
12
18
15
9
9
13
9
15
9
15
12
9
13
9
12
15
6
9
15
9
12
3
10
6
9
9
6
12
12
12
9
9
6
3
12
12
12
12
13
6
9
12
15
10
10
12
9
9
6
12
12
9
12
9
9
3
9
9
12
6
16
9
15
9
7
9
6
9
3
9
12
13
6
9
9
6
6
12
7
15
10
12
9
12
10
15
9
13
3
12
12
15
6
12
9
6
12
9
12
6
13
12
12
6
15
24
12
12
6
9
12
9
12
9
10
13
12
9
12
12
6
7
12
12
15
9
6
12
13
9
16
9
15
9
9
7
9
9
9
7
12
12
9
10
3
15
12
9
12
12
6
9
12
9
9
10
10
15
12
10
9
12
9
12
15
12
6
12
12
19
7
9
12
15
9
15
9
6
3
9
9
9
6
9
9
9
15
6
6
6
16
12
6
9
9
6
9
9
12
9
6
12
12
9
12
12
12
9
6
12
13
6
9
12
9
9
12
6
18
9
12
12
6
12
6
9
12
9
12
7
6
12
6
6
15
9
12
9
18
10
9
6
16
