54
48
42
51
52
51
51
49
40
54
54
51
48
54
48
52
52
52
54
52
46
52
51
52
51
51
48
49
49
54
49
48
52
54
54
51
46
52
52
52
52
48
51
49
52
54
48
52
54
30
48
52
31
52
49
40
52
51
51
51
54
36
51
39
51
40
45
42
54
51
43
52
49
40
54
46
48
49
46
45
37
45
46
48
45
52
45
54
46
51
48
48
52
40
49
52
39
51
51
49
54
49
46
54
49
54
51
52
34
55
46
52
42
45
39
54
51
48
52
51
37
46
40
43
37
51
42
49
40
48
52
42
37
51
54
54
52
45
51
54
49
52
51
40
37
51
49
48
48
51
43
43
51
52
51
49
49
49
48
39
42
45
49
45
45
52
49
46
43
52
52
54
51
46
54
45
52
42
54
42
52
52
54
51
52
42
49
46
54
54
45
40
52
52
52
51
43
46
49
52
48
52
52
49
51
51
52
51
52
40
45
54
43
55
45
45
45
54
55
52
49
51
46
48
54
37
48
45
46
49
51
37
52
49
52
52
51
49
45
42
54
49
54
43
43
51
46
52
51
45
45
43
51
51
49
43
43
45
52
51
52
40
52
54
51
49
54
43
51
42
48
52
52
45
37
51
55
51
52
54
46
52
54
52
54
54
34
48
