75
0
42
43
64
111
51
96
88
78
112
63
127
108
40
87
93
90
49
97
100
112
72
108
115
54
97
103
73
112
96
94
97
84
115
94
130
133
97
0
0
108
57
79
54
72
94
43
139
79
91
43
43
112
99
69
55
28
118
63
139
75
108
99
103
100
25
43
142
43
123
108
49
136
97
94
112
66
94
37
57
90
55
37
120
106
94
34
102
97
99
87
24
103
67
115
126
100
108
103
100
51
19
70
97
43
114
108
109
123
33
85
99
84
96
100
55
94
111
0
126
106
31
85
97
85
93
48
51
75
49
106
120
97
100
70
94
91
76
51
106
43
105
57
132
87
82
87
60
82
75
78
75
88
28
82
81
18
103
73
64
120
28
99
18
78
94
114
127
109
85
112
96
75
84
91
69
13
100
129
109
81
76
54
85
99
96
43
43
106
85
109
85
103
37
76
60
66
88
88
129
67
102
99
25
27
88
79
103
63
43
90
106
45
100
82
72
127
87
79
60
31
99
88
129
57
66
42
97
28
60
108
40
42
100
46
78
94
132
120
49
45
84
79
16
22
87
79
60
79
123
112
66
45
66
72
33
40
45
64
34
106
109
124
114
63
13
72
90
91
97
112
46
94
127
51
135
133
75
43
70
0
81
33
102
114
0
75
