6
0
0
10
0
3
40
4
3
0
3
3
3
22
3
9
34
4
0
3
3
3
3
3
0
28
55
3
52
3
0
4
60
30
25
37
10
7
18
10
6
0
28
25
3
0
3
3
3
27
91
3
31
3
0
4
3
3
3
0
3
15
21
3
16
0
0
0
3
13
6
10
0
34
9
4
13
18
15
0
3
4
4
3
3
42
0
6
37
3
0
1
3
13
3
3
4
4
24
6
21
36
4
3
3
3
1
1
0
0
4
0
0
0
4
3
4
1
0
3
3
33
22
3
10
0
0
0
36
34
22
1
15
16
19
57
22
3
15
3
0
6
3
3
0
28
40
3
43
1
0
3
6
3
1
0
0
52
39
0
4
25
3
4
3
6
3
3
0
4
39
40
6
4
3
3
3
3
3
4
0
40
21
3
43
3
3
4
7
3
7
3
0
28
31
10
79
0
3
7
3
3
3
7
0
13
0
4
27
3
3
0
3
4
6
4
0
36
31
51
27
3
7
4
0
3
3
4
3
3
3
3
0
3
0
0
0
3
3
0
34
30
75
46
10
3
3
0
3
0
4
3
0
55
6
6
0
4
3
0
3
3
0
3
0
51
7
4
0
0
0
0
0
0
1
3
0
19
3
22
3
19
0
12
0
4
4
4
