12
12
10
12
10
15
12
9
6
6
9
6
12
9
6
9
12
7
6
7
9
12
13
9
9
12
12
12
10
22
12
9
9
12
9
15
15
13
15
10
19
10
16
15
9
10
12
16
9
12
15
16
12
13
16
12
12
9
13
12
12
9
28
15
16
19
10
12
10
19
19
13
4
12
15
13
12
16
9
18
9
9
16
13
15
10
13
12
16
16
22
10
13
10
12
9
7
15
22
13
10
10
10
13
9
12
6
9
9
12
16
19
16
21
21
16
10
9
24
37
19
13
12
13
16
4
36
9
24
16
13
24
13
9
16
25
22
25
12
15
9
13
12
6
13
7
12
12
12
7
22
13
16
9
13
9
12
10
18
15
13
13
18
9
13
12
16
9
6
9
10
13
13
10
15
12
6
13
16
9
7
12
22
9
7
13
13
12
13
9
19
10
15
12
27
9
10
16
19
10
22
16
22
9
15
15
9
12
19
16
12
12
12
9
12
6
15
121
7
13
13
6
9
10
18
22
19
16
12
13
13
12
9
6
12
22
10
9
15
9
12
10
6
12
6
7
12
13
12
9
12
12
12
7
12
16
12
13
12
9
12
12
12
12
3
9
12
7
4
10
16
12
12
12
9
12
15
7
13
9
7
7
6
9
6
12
18
9
