0
15
21
15
21
15
6
24
15
6
15
15
18
12
12
13
15
12
6
9
9
9
3
15
6
15
6
3
3
10
9
9
3
6
0
3
12
15
9
0
3
0
12
12
9
0
3
21
12
6
9
12
21
9
6
12
9
6
6
9
3
12
9
9
12
6
15
0
9
12
9
3
12
3
12
15
6
6
3
9
9
9
12
6
3
12
3
12
3
3
12
15
6
3
12
6
6
0
6
9
9
21
15
9
18
9
9
12
3
12
12
6
9
12
3
3
9
12
15
15
9
6
6
6
15
3
12
12
18
3
0
6
3
0
9
9
6
0
6
3
3
19
6
9
0
12
15
12
6
9
9
9
9
9
0
6
9
6
3
18
27
36
31
21
34
34
3
18
15
21
30
21
9
22
12
22
30
22
15
40
34
64
28
9
18
25
24
37
31
24
9
15
30
46
27
31
46
15
37
15
24
25
24
21
12
24
24
18
28
9
30
24
22
15
21
21
27
12
9
40
19
28
15
27
6
37
15
15
15
43
15
18
12
43
22
19
6
9
24
15
10
22
24
6
15
24
15
15
12
28
15
12
12
21
12
9
15
9
12
25
25
12
6
43
9
10
9
12
9
40
9
12
21
21
12
3
34
18
21
12
18
6
18
34
27
6
27
31
