15
15
27
30
9
15
9
9
9
18
6
18
6
36
9
30
3
9
6
12
15
15
12
6
18
57
21
15
15
15
18
24
24
18
12
12
9
6
6
15
9
15
15
24
15
18
9
12
30
12
6
21
9
9
3
12
9
21
12
21
57
12
15
12
3
15
18
12
21
18
6
12
27
18
18
15
24
18
21
27
21
15
42
21
27
3
12
12
15
15
18
27
21
18
36
9
12
15
18
24
21
12
18
6
21
27
15
9
12
21
12
15
21
27
15
21
12
15
24
18
12
27
6
12
18
9
27
15
12
12
18
12
15
15
18
30
21
24
15
18
15
18
30
21
6
6
12
6
18
21
12
9
12
9
12
9
9
6
6
9
6
12
21
9
6
3
9
12
0
0
21
21
15
0
3
3
15
6
15
18
21
6
21
3
9
0
15
9
15
12
15
0
9
18
9
9
6
12
24
12
15
15
15
3
15
6
18
9
15
12
15
15
12
9
12
6
6
6
18
15
9
21
9
9
12
18
9
12
12
18
9
15
3
18
12
12
15
12
21
3
9
9
3
15
9
6
3
30
9
21
9
12
6
3
24
6
6
12
12
3
6
9
3
9
18
12
12
12
21
6
12
9
9
15
9
12
15
6
18
21
12
3
9
24
3
3
6
3
