6
3
0
34
0
34
0
3
6
3
0
3
3
6
6
3
6
12
3
0
3
3
3
3
6
3
9
6
3
6
3
3
6
0
9
3
3
3
0
0
3
3
0
3
3
3
3
0
3
40
21
6
3
34
3
3
3
3
3
6
0
3
0
0
6
0
3
3
6
3
15
6
3
0
0
6
3
3
0
22
9
3
6
9
3
3
3
3
3
3
12
3
0
6
10
0
3
6
0
3
6
3
0
3
0
0
3
3
3
3
3
0
3
9
6
25
3
9
3
3
3
0
6
6
3
3
9
3
21
39
3
0
6
3
40
0
0
0
37
6
0
3
3
0
0
3
3
3
12
0
9
9
0
3
0
6
3
3
3
3
0
31
3
6
0
0
3
3
3
19
6
37
27
0
9
3
0
6
0
6
3
0
3
34
0
9
3
3
3
3
3
18
6
3
0
22
3
3
31
6
0
6
9
6
6
3
6
66
0
42
6
3
6
3
6
3
0
0
3
33
0
9
3
6
9
25
3
3
0
3
3
6
3
12
3
3
3
3
3
3
3
3
9
3
3
3
0
15
3
0
3
0
0
3
0
24
9
3
3
6
3
3
6
0
3
0
3
24
43
3
3
3
34
3
3
6
6
43
3
9
0
3
6
6
6
6
3
0
