0
1
3
3
3
0
1
3
3
0
0
0
1
1
9
3
0
1
1
1
0
3
1
0
1
1
0
3
1
1
3
1
3
0
0
1
0
3
1
1
0
3
3
1
0
1
3
0
1
3
0
3
4
0
3
3
3
0
0
1
1
1
1
1
0
0
0
0
1
3
3
0
0
1
1
0
0
1
1
3
1
3
3
0
1
1
3
1
1
0
1
1
0
1
1
0
1
0
3
1
0
1
1
1
1
3
1
1
0
1
3
1
1
3
1
3
1
1
1
3
3
3
1
3
1
3
0
1
1
0
1
3
0
3
3
1
0
1
1
1
3
0
0
3
7
3
1
1
1
1
1
0
1
3
3
0
1
0
0
1
1
1
3
1
3
3
1
1
0
10
3
1
6
1
0
0
1
1
3
1
1
0
1
0
1
0
3
0
0
1
0
1
1
0
1
0
1
0
0
0
1
0
1
3
1
0
0
0
1
3
3
1
0
3
0
0
0
3
3
0
1
3
3
0
0
0
1
1
3
3
1
3
3
1
0
0
3
3
3
1
3
6
1
1
3
1
0
10
1
0
0
3
1
3
1
0
1
0
1
3
3
3
12
0
1
10
0
7
1
1
4
0
1
1
0
0
0
0
3
0
0
3
0
9
1
1
0
0
