34
12
19
15
16
15
25
21
22
31
18
13
16
28
25
24
18
22
16
25
25
12
31
13
31
22
31
12
18
9
18
24
25
18
21
28
46
15
22
22
18
34
18
12
21
6
24
16
18
9
12
6
18
18
6
25
21
13
22
9
18
9
22
27
9
28
6
15
9
15
15
28
12
6
15
22
24
10
12
9
6
31
25
9
18
12
15
28
9
21
12
18
9
16
34
28
34
18
6
18
12
31
18
19
24
18
12
21
21
9
6
10
24
25
6
34
19
24
18
15
33
24
28
12
25
31
12
31
31
9
15
31
6
15
21
40
22
21
36
43
18
31
43
15
22
12
34
9
31
6
19
18
28
18
34
16
15
18
25
9
37
18
28
18
19
46
10
28
10
12
16
21
25
25
28
15
28
18
34
22
16
28
34
15
6
18
24
31
25
9
18
15
21
25
9
31
22
33
28
34
25
18
21
12
15
19
40
19
28
15
24
12
12
28
25
3
19
22
18
28
28
12
21
15
25
9
18
34
21
18
18
18
22
46
16
31
28
25
18
15
19
24
3
15
22
19
25
25
15
15
19
25
15
12
31
15
18
12
12
3
7
15
21
69
12
6
15
12
10
40
25
6
7
31
12
3
3
34
12
6
3
3
12
25
15
15
24
9
