13
9
16
25
25
10
13
19
30
9
7
6
13
16
22
24
12
27
10
24
13
16
13
16
16
13
22
10
19
10
39
13
19
25
16
25
13
21
9
19
19
16
7
9
13
6
3
10
10
13
27
9
7
10
10
6
16
16
13
10
6
10
27
22
19
19
13
16
19
27
9
22
19
16
16
19
24
24
13
10
24
16
27
18
13
25
10
10
16
10
19
36
19
13
21
10
16
25
10
10
13
31
16
15
13
19
16
15
27
24
13
33
22
33
15
19
9
12
19
30
18
27
28
19
19
13
13
31
19
21
12
24
33
13
15
16
16
10
24
33
12
16
19
7
18
13
24
13
19
7
18
6
16
10
10
37
27
16
12
22
10
6
16
13
25
19
24
9
22
13
22
28
16
10
9
7
37
18
16
19
12
22
19
24
15
33
24
25
16
7
42
18
24
13
39
27
10
16
13
36
27
22
33
19
7
28
42
13
9
16
28
12
28
30
19
27
13
21
10
27
22
19
25
30
19
25
10
18
10
13
13
7
16
12
25
22
13
10
19
6
13
6
10
9
13
3
12
13
13
3
6
9
15
7
13
9
10
7
16
16
10
3
10
6
25
16
19
9
19
19
6
6
15
21
10
19
19
6
30
7
6
7
7
16
7
13
7
13
