22
22
34
18
69
37
28
25
16
13
12
12
16
22
40
22
12
12
34
18
31
21
16
10
25
16
25
15
16
19
21
22
12
25
19
22
9
13
19
12
25
6
12
13
19
18
28
19
25
19
12
22
36
9
28
10
36
22
13
25
19
9
16
22
18
22
22
16
16
19
16
9
25
18
12
12
16
42
13
19
16
12
16
31
12
9
13
28
25
22
16
25
15
22
22
25
15
22
16
28
22
25
12
78
28
15
48
12
9
15
12
28
25
34
28
19
25
33
31
25
25
31
10
19
12
31
12
28
15
19
28
28
10
9
10
9
19
16
16
19
22
33
13
25
45
15
16
19
6
19
13
12
28
22
25
25
18
28
19
16
22
25
16
28
34
6
25
16
22
13
34
18
6
19
16
31
16
6
22
9
15
10
6
18
22
28
16
19
28
16
28
25
25
9
28
9
22
37
37
19
9
12
33
25
22
12
19
10
34
19
30
25
16
22
16
22
19
22
10
16
16
9
6
19
9
6
3
19
12
13
22
15
9
9
16
15
9
16
12
13
12
6
6
16
18
18
13
25
3
25
9
22
22
25
12
3
18
16
9
9
16
9
12
9
22
19
12
15
9
6
18
12
37
9
6
10
9
9
9
16
6
10
13
6
19
13
3
22
