13
13
16
0
10
13
10
9
10
16
22
10
7
10
19
9
31
10
19
16
61
9
33
16
19
22
21
15
13
19
25
10
9
13
19
88
16
16
10
13
13
13
10
10
21
16
10
7
19
13
10
25
19
16
22
19
13
13
9
12
6
34
13
19
10
13
13
21
22
28
12
18
12
7
33
10
13
25
16
25
9
13
10
7
12
10
7
27
10
9
16
7
6
10
13
16
6
22
19
10
7
16
10
37
25
13
22
13
10
0
18
13
21
16
10
24
19
19
103
9
10
18
10
6
13
19
49
16
13
28
72
42
6
24
6
34
43
10
6
10
27
6
10
9
16
13
10
10
13
16
6
16
16
18
15
10
19
13
10
16
18
87
10
13
16
10
24
6
10
22
7
21
16
28
10
13
19
13
13
25
7
24
9
13
27
19
7
10
16
9
7
10
9
16
10
16
25
4
16
24
39
13
27
9
7
13
33
27
9
27
10
7
22
18
34
15
4
10
22
16
10
13
12
22
9
10
19
7
9
69
13
10
27
7
16
10
25
10
10
43
13
4
9
6
18
10
9
10
13
9
25
19
9
22
16
7
13
10
15
49
10
10
10
43
16
10
12
7
10
10
15
6
10
7
12
15
16
13
13
19
16
13
7
27
9
13
7
10
