10
42
19
16
106
16
19
7
60
10
1
10
4
4
10
4
10
100
28
4
13
10
114
84
16
22
22
19
7
114
4
22
19
25
106
10
25
4
30
52
45
7
28
13
91
7
22
4
112
19
42
13
25
13
39
10
13
25
13
82
10
7
99
16
121
10
12
13
39
93
19
16
94
69
19
13
78
4
22
19
40
19
25
19
13
16
19
18
34
10
16
19
22
88
78
70
13
22
13
66
16
82
84
21
33
13
16
16
7
33
34
4
10
22
109
22
16
37
25
13
10
16
22
16
27
13
22
7
19
42
28
16
10
39
12
10
72
16
25
24
13
76
33
76
19
16
64
30
13
106
13
27
100
16
39
13
39
55
13
7
85
25
96
93
10
45
10
13
102
27
7
85
22
19
18
16
27
10
34
19
22
10
54
33
97
88
1
31
19
60
106
4
7
34
7
4
10
4
10
7
7
67
4
19
10
7
64
10
22
7
13
7
4
22
106
4
19
16
4
94
13
15
79
7
10
81
1
19
67
63
129
4
13
72
25
10
22
25
24
4
16
28
7
87
13
1
10
48
10
96
4
1
16
10
16
10
10
99
15
28
7
10
10
16
36
39
33
22
10
114
93
7
13
7
36
115
13
126
16
7
10
19
16
13
1
7
7
25
