1
1
13
1
1
1
1
0
13
6
6
1
0
0
1
4
0
1
0
0
7
6
0
0
24
4
4
0
13
1
1
6
0
10
16
1
1
0
12
16
1
4
1
4
3
27
4
4
0
0
3
4
1
1
21
1
1
1
0
3
13
9
9
7
12
13
1
6
0
16
7
1
0
0
12
18
1
0
1
1
0
12
7
3
3
0
0
12
19
3
1
1
0
12
7
7
13
18
0
0
3
0
0
0
0
4
4
0
18
0
0
0
16
15
3
1
1
0
10
6
3
3
0
0
10
18
1
6
0
0
16
7
4
0
0
0
21
16
3
1
0
0
4
7
10
6
0
0
12
27
0
13
9
1
4
1
1
10
12
7
0
1
0
0
0
13
13
3
1
3
0
7
9
7
0
3
0
3
21
1
1
4
0
0
13
7
7
12
9
12
0
15
1
4
0
1
0
1
0
0
10
10
1
1
1
0
0
0
0
19
6
1
7
16
1
0
12
12
4
0
0
0
0
13
12
0
0
0
4
10
7
0
13
1
1
3
9
12
1
3
0
0
10
16
3
1
1
0
3
10
12
3
3
0
0
4
13
0
1
1
1
0
7
9
7
4
3
10
7
19
6
0
1
13
31
0
0
0
3
6
7
9
0
10
37
6
1
0
