54
51
28
24
31
57
36
42
28
25
45
63
36
42
63
36
36
34
22
42
0
45
31
25
39
45
37
42
31
22
54
76
22
51
39
13
111
25
36
30
34
31
28
13
43
48
64
16
27
19
25
42
25
37
40
19
37
57
55
24
25
25
27
33
15
39
63
33
42
36
48
39
37
43
45
27
57
36
64
45
34
49
57
57
42
28
30
48
49
39
55
34
25
51
31
40
45
42
52
67
39
54
45
46
42
48
16
25
39
13
100
28
102
19
27
28
91
37
48
48
54
39
70
27
57
37
63
64
70
28
73
36
48
30
1
43
52
70
51
69
42
48
51
42
36
64
31
70
57
22
67
51
34
36
21
78
61
52
54
67
45
61
33
37
73
39
63
76
21
33
48
24
57
64
37
49
27
34
42
48
19
51
22
40
37
7
42
57
69
39
25
45
39
25
51
31
48
19
109
33
61
28
61
28
51
16
52
19
48
43
96
42
61
33
24
36
13
111
51
37
88
28
37
54
25
25
36
64
48
57
10
27
54
37
16
30
10
25
24
12
28
19
22
16
27
48
28
19
10
24
48
63
57
13
37
34
19
27
45
18
51
28
102
52
54
33
22
1
13
27
22
22
21
19
22
13
0
10
10
19
19
30
16
13
28
7
19
42
