6
3
3
0
0
0
0
3
9
3
10
6
6
6
3
3
66
3
16
3
1
3
7
10
3
9
0
0
3
3
3
6
0
3
0
3
0
0
0
0
0
0
3
0
0
6
3
0
0
3
0
3
0
0
3
0
0
6
9
3
7
6
3
3
87
3
3
3
6
0
6
3
10
3
3
0
9
3
6
3
0
0
3
0
3
3
0
7
3
0
0
0
10
87
7
25
3
3
3
3
36
3
0
3
3
9
0
3
6
3
3
3
114
3
9
3
9
3
6
3
6
0
81
0
3
6
3
0
3
0
3
0
3
0
0
72
93
46
3
3
3
0
6
6
10
6
6
0
0
0
75
0
3
3
3
6
3
3
3
0
0
3
3
0
3
3
0
0
3
0
0
3
0
3
0
0
6
0
0
3
0
0
0
3
3
0
0
0
3
0
0
3
0
3
3
0
3
3
0
0
0
3
0
3
3
3
0
3
3
0
0
0
0
0
3
3
0
0
0
3
3
3
0
0
0
3
0
0
0
3
3
0
0
16
3
3
3
9
6
6
0
10
3
3
34
3
6
3
3
6
4
3
6
3
3
3
0
3
0
0
0
0
0
6
4
3
0
3
108
3
6
7
6
10
4
3
0
0
3
13
51
7
7
3
0
7
10
10
