117
109
108
103
93
117
114
108
109
117
97
117
115
108
108
109
114
114
112
109
108
115
117
115
106
112
108
111
118
117
114
114
109
109
115
115
117
105
108
106
117
115
111
103
109
117
102
105
115
109
118
105
100
115
109
105
117
115
109
114
106
117
108
111
114
106
106
114
115
115
117
108
106
114
115
112
117
115
109
117
112
115
112
106
118
117
111
114
114
105
115
109
103
114
117
108
115
103
117
112
105
111
109
115
114
82
115
115
105
109
114
97
114
108
112
109
115
108
114
106
111
106
117
111
108
114
115
109
117
115
99
115
114
111
111
115
108
114
114
99
108
115
114
114
115
108
114
108
109
111
114
111
112
106
109
115
105
99
111
100
109
112
114
114
111
105
114
114
106
109
114
108
109
117
115
105
115
97
117
102
115
112
115
117
114
117
115
115
96
115
109
115
115
111
103
103
96
114
114
114
102
87
105
117
111
115
72
94
100
108
112
112
106
114
106
105
115
112
106
112
114
88
115
105
114
114
115
109
109
100
103
114
117
115
111
90
105
108
115
114
114
108
112
117
117
105
112
105
109
115
115
117
105
111
106
118
114
109
102
109
114
118
108
115
108
87
112
112
111
115
105
111
108
117
102
117
109
109
108
117
106
115
109
111
102
111
111
117
