12
0
0
0
0
3
1
0
1
15
10
21
0
0
9
4
0
0
1
27
9
12
0
0
0
6
1
0
15
34
0
0
0
7
4
0
16
22
13
15
0
0
0
0
7
0
3
0
0
0
6
13
16
13
0
0
0
3
10
4
10
10
60
0
0
0
0
0
0
0
7
1
0
0
13
18
10
22
0
0
0
1
0
0
1
21
30
13
21
0
0
0
0
0
0
6
1
0
0
9
15
4
0
0
4
0
4
0
21
10
30
1
0
0
0
0
7
0
0
0
15
7
12
24
0
0
0
0
0
0
4
0
0
12
9
22
25
0
0
0
1
0
1
4
0
9
6
12
12
24
9
3
7
1
1
1
0
1
12
7
7
9
12
0
0
0
3
3
1
1
0
9
9
7
10
12
18
0
0
1
1
1
0
0
10
7
9
10
6
10
0
0
0
3
1
1
0
0
10
16
9
9
15
0
0
3
3
3
0
0
9
9
7
15
25
0
0
0
4
0
0
0
0
15
15
10
15
15
0
0
0
0
1
1
0
0
12
12
9
16
12
0
0
0
3
1
1
0
1
7
10
6
9
13
0
0
0
1
1
1
1
0
9
9
7
7
10
9
7
0
0
0
3
3
6
0
3
4
10
6
6
9
0
0
0
1
3
1
