10
30
76
55
60
64
30
69
54
114
36
60
27
48
36
49
31
49
45
39
93
46
51
25
28
48
46
69
34
54
81
58
61
19
49
36
27
46
28
46
51
33
25
40
43
48
48
28
30
43
52
49
67
46
52
10
31
28
75
72
105
63
61
51
78
40
54
81
49
70
42
37
84
127
52
61
60
90
63
48
66
51
75
66
79
36
49
69
42
48
51
48
52
112
91
79
37
78
66
70
79
67
57
82
118
40
45
40
31
118
42
94
90
72
69
106
76
52
81
72
63
69
55
49
79
63
76
37
58
108
100
39
72
79
60
69
96
76
72
58
54
60
61
73
66
55
79
60
49
45
72
19
57
48
67
66
61
34
54
58
52
43
10
64
34
55
82
90
108
46
54
49
24
75
28
48
46
78
69
40
75
70
66
46
49
55
54
66
79
90
75
34
88
43
64
90
96
66
90
58
73
67
52
28
66
52
45
42
76
63
63
42
58
48
84
49
43
57
61
51
88
67
37
54
85
34
42
48
49
42
54
39
42
49
31
66
42
66
42
49
51
37
43
31
39
54
40
22
28
70
36
55
45
43
31
7
54
46
46
22
57
34
30
33
49
63
28
72
40
33
36
60
69
22
64
48
28
31
19
31
28
40
39
25
46
33
27
49
