18
18
24
12
18
18
21
18
15
21
15
15
27
15
21
6
21
24
9
22
25
12
15
6
12
12
28
15
18
6
31
24
15
12
12
6
6
12
9
3
9
21
6
9
9
18
18
13
21
3
25
9
6
15
3
18
9
15
9
21
9
12
6
12
9
15
15
15
18
15
16
37
18
12
24
18
12
15
0
18
9
15
12
6
9
31
25
9
22
18
6
27
16
6
22
63
12
21
9
15
12
22
25
3
6
9
43
15
15
19
18
15
21
25
18
18
15
12
15
18
6
21
18
55
21
15
18
15
12
22
15
3
21
12
22
12
33
15
15
16
15
18
9
12
25
12
18
12
18
15
18
15
18
3
12
21
21
18
13
6
15
12
21
16
22
28
24
18
12
25
18
6
9
19
25
6
13
12
18
15
28
9
9
6
15
34
18
12
9
18
21
34
18
15
18
15
25
3
6
15
28
3
9
24
18
25
12
52
24
15
9
21
9
18
12
28
22
9
18
18
15
21
18
6
6
34
12
21
40
15
9
15
15
12
12
12
12
12
9
21
12
15
12
9
3
6
3
28
3
6
12
6
6
9
12
15
46
12
21
0
3
6
9
12
12
15
6
18
6
12
15
6
15
12
18
21
21
9
3
6
18
6
18
9
21
12
9
15
