13
10
13
3
6
3
9
6
9
3
3
0
4
9
0
6
3
6
6
6
3
6
10
6
12
3
3
0
9
6
9
9
31
21
3
12
3
6
10
12
3
46
6
12
3
15
9
7
6
16
6
9
6
18
9
9
13
6
6
15
22
9
6
9
21
12
6
9
3
3
54
15
6
10
12
15
12
42
13
18
7
10
10
15
16
12
19
15
10
10
7
33
10
6
21
16
25
27
9
13
16
15
10
6
7
3
9
3
10
10
7
9
9
9
12
28
12
13
12
7
12
22
34
7
18
10
7
16
6
9
4
9
9
3
21
12
16
22
7
12
24
12
15
10
28
15
15
6
4
19
45
12
10
9
25
6
3
24
22
15
10
13
19
10
6
10
13
10
6
13
16
9
6
9
13
9
10
13
25
7
6
25
10
13
22
12
6
10
10
19
51
12
15
3
18
10
6
9
13
12
3
3
21
4
13
12
31
24
13
12
12
15
9
10
10
4
16
9
10
9
13
10
13
4
13
7
9
6
12
4
18
9
7
3
6
16
10
6
10
24
31
9
9
9
3
6
9
12
9
10
3
3
6
13
6
3
3
7
10
9
13
7
7
10
9
10
7
7
6
9
6
7
6
6
9
10
3
12
4
6
15
9
3
10
9
3
10
4
