3
0
3
0
3
0
0
0
15
3
0
3
9
0
3
0
6
0
0
3
0
0
6
3
0
0
3
0
6
3
6
0
0
3
9
0
3
6
3
0
0
3
0
6
0
0
0
0
3
0
0
0
0
3
3
9
0
3
6
6
9
10
3
3
0
18
6
0
7
3
0
0
3
0
0
3
3
6
3
3
3
3
3
3
6
0
3
0
0
0
3
6
3
0
9
0
3
0
0
3
6
0
3
6
0
0
3
0
3
9
0
6
0
0
3
3
6
3
3
0
3
0
0
0
3
3
3
3
0
0
0
3
6
0
0
6
0
0
0
0
0
3
0
1
6
0
0
9
0
3
3
3
3
6
3
3
0
0
3
0
9
3
3
6
0
3
0
3
0
3
3
0
6
15
0
0
3
0
9
0
0
3
9
3
3
12
3
0
3
0
0
3
3
0
0
3
0
3
6
3
3
3
12
3
0
3
3
3
0
0
3
0
0
0
3
0
7
0
3
6
0
3
0
0
3
3
0
3
3
12
0
0
3
3
0
3
3
3
3
3
3
3
6
3
0
18
0
12
3
3
0
9
3
3
0
3
3
0
3
0
3
0
6
0
0
9
3
3
3
0
0
0
3
6
3
9
0
0
4
0
0
6
0
0
3
9
3
0
