0
12
12
12
19
9
16
12
15
9
22
9
22
6
12
18
36
12
6
13
30
12
9
10
28
12
9
15
13
9
22
21
9
9
13
22
12
12
9
19
19
12
16
9
22
12
16
9
22
15
22
9
27
15
15
19
16
19
25
22
13
12
13
36
25
13
10
6
12
22
3
13
16
6
25
12
18
28
45
24
24
43
48
22
16
28
25
13
10
25
15
42
28
36
34
19
15
13
22
12
16
19
13
28
12
24
22
28
19
16
9
34
16
19
22
19
16
16
22
28
10
28
18
12
19
16
13
24
6
25
22
21
39
25
15
19
22
19
43
19
19
25
34
13
28
25
13
18
16
28
10
19
31
19
19
21
16
25
24
31
28
19
25
22
25
31
22
28
25
9
31
25
19
19
25
10
22
25
10
22
16
19
28
28
13
16
25
25
28
15
25
19
25
22
25
34
33
18
28
30
16
40
24
19
9
28
25
31
22
13
22
19
22
25
25
28
25
31
31
40
31
25
9
9
10
10
36
30
12
19
22
6
13
25
39
25
6
16
12
28
31
13
22
25
16
16
18
22
6
28
61
10
12
13
66
13
22
9
22
30
22
9
13
49
15
22
16
18
6
25
12
13
18
13
46
24
12
10
13
13
16
13
16
3
10
6
16
6
