12
3
9
6
6
12
12
18
9
9
6
6
6
15
9
6
9
6
9
3
12
9
6
9
6
15
6
10
9
12
49
12
12
6
3
9
6
15
0
9
18
15
18
18
19
15
12
19
12
25
22
13
12
22
22
15
25
25
31
15
18
25
18
15
12
15
15
12
31
25
25
28
28
12
28
25
25
31
34
22
22
34
22
22
28
19
31
25
34
9
19
22
18
18
49
28
94
28
31
15
40
34
15
12
25
22
45
18
25
19
22
28
37
19
16
19
19
22
15
22
25
15
49
28
28
22
25
19
25
31
19
25
22
12
34
19
60
43
22
37
12
31
40
46
25
31
34
31
19
58
19
28
39
19
37
52
12
37
34
18
12
28
63
54
12
19
34
16
69
34
15
34
43
16
63
34
22
22
28
19
31
37
6
12
3
9
3
6
6
3
3
6
6
6
6
3
3
3
0
6
0
12
12
9
6
12
9
6
9
6
9
12
12
22
15
9
25
18
12
9
3
12
6
6
12
6
6
6
12
3
6
16
6
9
6
18
6
15
3
6
6
9
12
6
12
22
12
3
9
0
3
6
19
9
6
9
9
9
12
6
9
6
6
12
12
12
0
12
6
12
9
6
3
15
3
0
9
12
6
13
54
12
22
6
6
12
6
9
