46
27
103
63
111
57
16
61
79
34
60
123
40
51
76
96
40
30
24
30
96
75
46
72
22
46
22
63
27
31
70
30
27
40
84
55
27
51
63
61
85
81
72
27
54
57
61
69
28
58
27
76
67
66
69
63
73
54
34
28
36
30
33
34
69
48
60
49
31
64
48
66
90
40
40
69
27
28
31
69
27
78
43
57
25
37
78
33
36
57
52
57
111
37
55
36
34
43
30
28
34
36
40
30
36
55
42
57
63
24
81
19
37
66
24
94
40
43
28
69
70
100
36
72
36
73
39
30
97
28
72
57
81
45
78
30
19
33
28
28
61
55
28
39
25
27
30
30
64
30
28
60
30
94
97
31
70
30
34
30
33
39
40
36
57
66
45
34
22
24
67
36
88
54
72
69
36
31
75
30
28
55
27
69
27
82
42
19
37
36
52
31
36
33
28
54
40
40
28
81
33
18
27
63
24
16
36
55
34
63
82
46
33
70
28
43
37
54
76
51
25
57
31
36
31
69
39
30
63
28
39
64
54
19
31
60
67
70
82
37
49
67
46
36
28
45
75
64
25
63
64
42
33
67
42
43
55
28
28
75
69
76
79
34
45
36
69
31
27
36
33
96
36
33
67
48
39
22
73
61
31
73
33
33
52
49
42
58
