10
13
18
16
19
13
12
12
12
21
18
19
19
15
13
22
13
19
19
10
123
31
31
30
22
69
67
24
19
16
25
15
16
12
16
16
28
28
33
28
16
24
25
19
45
31
45
45
40
9
49
13
25
13
22
12
16
21
31
16
16
16
40
22
39
42
18
78
28
31
45
30
13
21
58
19
16
24
16
43
39
31
81
19
127
13
22
7
22
18
19
30
9
16
10
10
16
34
28
27
12
13
34
19
19
22
16
18
19
6
13
13
22
22
18
46
28
25
42
31
34
49
13
45
21
34
21
42
24
39
46
40
13
16
19
13
13
63
22
16
10
6
16
10
28
19
40
46
22
33
16
16
16
31
108
52
30
18
52
25
27
25
40
13
70
28
81
22
13
13
25
33
31
13
28
10
33
16
19
25
12
19
24
24
10
16
19
81
27
25
28
13
27
36
39
13
27
9
25
10
16
27
42
24
61
28
37
31
39
45
31
28
28
16
13
24
13
36
19
13
16
127
16
30
13
36
42
22
22
25
24
22
25
37
30
13
79
25
13
19
19
16
16
12
16
16
22
33
21
31
21
18
34
36
31
25
13
19
19
19
16
15
22
6
16
27
28
16
16
24
30
36
30
16
9
16
0
22
21
15
33
21
19
16
19
24
13
25
