3
0
3
6
3
0
3
12
1
0
0
1
6
6
16
3
6
3
0
6
3
9
3
0
0
0
9
0
3
0
3
3
6
0
3
6
3
9
0
9
3
3
3
15
10
3
0
0
0
6
7
6
0
3
6
6
3
6
0
0
1
0
3
10
12
3
6
6
4
10
6
4
3
4
3
0
0
3
3
3
9
0
0
3
0
10
6
4
6
0
0
6
6
6
0
6
0
3
16
3
0
0
0
7
0
10
0
6
3
3
18
0
3
0
3
12
6
9
0
10
0
0
0
4
3
6
4
6
9
6
6
3
3
6
7
4
6
7
0
4
4
12
3
3
0
0
0
0
0
1
0
9
6
3
0
3
3
6
3
3
6
6
1
4
3
0
0
3
3
0
0
3
7
6
3
6
7
3
6
3
0
4
7
4
3
6
0
4
6
6
0
3
3
3
3
4
7
0
4
6
6
6
0
3
3
0
0
1
3
19
9
3
6
3
3
0
1
3
3
6
4
0
0
3
6
3
0
0
0
0
0
0
0
9
0
3
0
3
0
4
7
0
10
6
0
12
3
13
0
6
3
0
6
3
3
3
4
0
0
0
3
3
0
0
0
0
3
0
3
6
6
1
6
6
6
3
3
4
3
0
0
0
0
9
3
4
0
0
