57
45
28
58
40
72
40
48
36
19
45
40
30
42
39
57
19
31
46
36
72
36
60
22
27
37
43
34
31
25
54
48
22
39
45
28
42
43
75
30
36
22
27
15
22
36
54
30
75
45
24
31
51
40
18
37
49
45
79
42
40
45
79
58
51
66
43
46
49
78
61
45
33
37
61
63
57
30
55
34
76
48
54
51
22
57
60
55
45
79
72
54
69
54
82
33
64
52
85
48
39
87
25
72
46
36
66
87
33
45
70
22
67
78
72
51
33
54
42
31
43
43
58
102
52
45
88
60
52
82
72
45
42
39
69
48
43
75
51
54
100
60
40
54
39
19
52
54
63
55
39
52
16
4
54
51
27
40
13
34
57
28
24
19
24
54
48
22
33
45
28
28
22
51
52
27
16
28
40
51
7
34
27
63
51
42
25
22
45
31
33
42
39
60
48
28
54
37
49
52
45
49
52
54
22
37
49
10
27
22
37
13
10
33
55
37
22
33
40
81
48
39
7
25
13
49
31
54
30
58
34
57
42
64
51
31
25
87
21
51
37
24
10
27
19
91
22
19
34
67
49
31
33
25
45
21
33
22
33
36
34
40
31
39
24
36
16
33
36
19
25
19
31
21
25
28
40
24
37
54
18
25
37
21
19
13
40
21
