4
3
0
0
6
3
3
3
3
6
6
25
3
4
3
3
0
0
3
0
6
6
0
3
3
0
3
3
6
0
0
0
0
3
13
4
6
0
3
3
0
3
27
3
3
0
3
4
3
0
21
0
4
3
6
3
0
3
0
3
4
3
3
0
0
3
6
0
0
3
0
3
0
3
3
6
3
3
6
3
6
3
3
4
3
3
0
3
0
6
3
6
0
3
0
3
0
3
6
0
3
3
3
4
1
6
0
0
3
3
0
0
0
3
3
3
3
3
6
0
0
0
3
24
3
0
0
0
0
6
3
3
3
3
3
0
0
0
3
3
3
3
3
4
6
4
0
3
9
3
3
0
3
3
3
3
3
6
3
0
0
3
0
6
6
0
0
0
4
4
0
3
6
0
3
0
0
0
3
3
3
3
0
3
3
3
0
3
0
6
3
0
0
22
0
0
0
3
4
0
3
3
0
6
3
0
3
0
3
0
0
0
3
3
3
3
27
3
3
0
3
3
6
4
0
3
0
3
0
0
3
3
3
0
3
1
6
0
3
0
0
3
3
0
0
6
3
0
3
3
0
3
3
3
6
3
3
0
3
18
0
6
0
3
6
0
3
3
0
3
3
3
0
6
3
3
6
3
6
0
0
3
0
0
3
0
6
4
