0
3
3
3
0
3
3
6
3
0
3
3
9
0
3
7
3
3
3
6
3
3
3
0
3
0
3
0
0
3
3
3
0
0
0
0
3
0
0
0
3
0
3
3
0
0
3
0
3
3
3
7
0
0
3
3
0
0
0
0
3
0
0
3
3
0
3
3
3
3
1
3
0
3
3
3
3
3
0
0
0
3
3
3
0
0
1
3
0
3
3
3
3
3
3
3
1
3
3
3
0
7
3
3
3
3
3
3
0
0
3
0
3
3
3
0
3
0
0
3
0
3
3
3
3
0
3
3
3
3
3
3
0
3
3
3
9
3
3
0
3
3
3
6
3
3
3
0
0
7
3
3
3
3
7
3
0
3
3
0
3
0
6
3
3
10
3
3
0
3
0
3
3
3
3
0
0
10
0
3
0
3
3
0
10
3
3
3
3
0
0
3
3
3
0
0
0
0
6
3
3
10
0
0
3
0
3
0
3
3
3
3
0
0
3
3
3
0
0
0
9
0
3
0
0
0
3
0
0
0
3
3
0
3
3
0
0
7
0
0
7
0
0
3
3
3
3
3
0
3
3
3
3
4
3
0
3
0
3
0
3
3
3
3
0
7
0
3
0
0
7
0
1
13
0
3
3
0
3
0
1
0
0
0
3
3
3
3
