18
9
6
12
6
6
15
3
18
12
12
9
9
9
0
12
18
9
9
18
6
9
15
18
13
6
3
3
9
34
12
18
9
12
3
9
6
9
12
6
12
6
9
12
9
6
9
6
12
6
12
9
6
9
12
12
12
12
15
12
3
6
3
9
6
6
6
6
12
3
3
3
9
12
6
9
12
6
6
3
9
12
9
13
12
12
6
9
12
3
12
12
3
6
6
6
15
6
9
6
12
12
6
12
9
6
3
6
6
10
9
9
15
9
16
12
3
12
15
19
12
12
12
3
6
12
18
9
15
9
9
6
9
9
6
12
13
9
12
12
9
6
9
9
9
6
6
9
6
3
9
9
9
6
16
3
9
9
9
6
12
15
12
16
15
9
6
9
12
15
12
15
6
9
6
15
6
18
6
6
6
6
12
12
9
15
12
6
18
6
6
6
12
12
15
12
12
6
12
31
15
18
21
9
6
12
12
15
13
12
15
12
6
9
9
3
9
12
22
15
13
15
12
9
9
12
6
6
6
6
12
6
6
9
9
6
6
3
9
9
12
9
9
9
6
15
6
15
6
6
9
12
9
12
6
6
3
9
6
3
3
0
6
3
91
9
6
9
3
6
6
3
18
9
12
6
6
3
6
3
3
3
6
6
6
3
15
3
