3
3
9
3
0
3
1
3
0
0
3
0
3
0
0
3
0
3
3
0
0
3
0
6
6
3
4
3
0
3
3
0
6
0
3
3
6
4
9
3
0
3
0
3
0
3
3
0
3
0
6
0
0
3
0
3
0
0
0
3
3
3
3
3
3
3
3
0
3
0
0
3
0
0
3
3
3
0
6
88
3
0
3
0
4
0
0
0
6
3
6
3
9
3
3
0
0
0
3
3
0
3
3
10
0
0
0
6
0
3
6
0
9
3
9
7
3
6
12
0
0
0
0
3
3
0
6
6
0
3
3
6
3
4
3
0
7
3
3
3
3
7
3
3
0
0
3
0
3
3
0
0
0
4
3
6
3
4
0
3
0
3
4
3
0
7
0
3
3
6
15
0
3
0
0
0
0
0
3
0
0
3
0
3
6
3
3
0
0
0
0
0
0
0
0
0
0
0
0
0
0
6
0
0
0
0
0
0
0
0
0
0
0
0
0
0
0
0
0
0
3
0
0
3
0
0
0
0
0
0
0
97
3
0
0
3
0
3
0
0
3
6
0
0
6
3
4
0
3
6
3
3
3
9
6
6
9
3
3
3
9
9
9
3
3
12
4
7
9
12
4
9
3
7
12
3
6
6
3
3
12
3
6
6
3
3
9
4
