13
12
13
39
6
18
13
55
13
7
25
13
12
12
0
12
0
13
12
13
13
13
12
13
13
13
33
12
12
39
12
13
13
13
13
10
10
52
12
0
13
13
13
13
22
25
39
12
13
12
37
16
12
0
12
0
13
13
12
13
13
13
25
10
3
0
0
13
12
0
13
13
13
12
13
39
60
12
12
13
12
12
13
12
0
13
0
12
13
10
13
13
10
12
13
49
52
12
13
73
0
63
13
36
4
13
31
13
34
0
13
4
13
12
13
13
52
49
51
13
13
12
0
13
0
36
3
12
0
18
12
0
12
12
12
12
12
3
13
24
0
12
13
13
13
0
13
0
12
12
10
3
10
12
13
12
13
13
13
13
13
0
12
13
13
12
12
12
12
10
13
0
13
40
13
13
12
25
0
15
13
12
0
12
13
31
13
0
12
12
25
25
25
12
12
13
0
13
21
13
12
12
12
10
13
13
36
0
12
12
13
52
13
13
13
12
13
10
13
13
9
13
12
13
12
10
12
13
13
13
13
7
12
4
13
13
13
13
4
13
13
18
13
13
13
13
0
13
13
10
12
36
12
0
0
12
25
21
12
13
13
12
12
10
12
52
0
13
13
13
12
13
31
13
13
13
49
51
13
3
13
33
13
12
0
25
13
12
