10
12
24
22
9
18
24
21
27
24
18
21
21
21
22
31
24
16
33
33
28
9
22
7
33
36
16
13
19
18
13
16
24
21
13
33
15
21
30
24
21
10
27
6
22
10
27
28
21
16
28
27
10
16
10
19
10
28
31
19
18
22
19
30
24
19
24
13
21
19
15
19
16
30
16
12
15
4
15
21
28
27
36
13
12
30
27
27
13
15
22
21
24
22
22
28
30
15
27
24
19
12
30
13
30
21
27
19
9
22
16
12
27
24
24
21
10
13
18
24
16
28
15
19
28
24
19
16
27
9
13
18
9
21
18
22
9
10
18
12
18
27
13
19
12
30
10
15
30
24
16
9
22
19
13
19
22
27
10
22
27
22
33
24
13
27
19
22
18
12
27
18
21
21
7
27
22
27
15
21
30
24
16
15
27
18
48
31
27
27
33
34
45
37
42
36
31
24
34
19
45
48
54
34
45
22
31
24
21
22
37
34
48
33
34
37
31
39
43
27
24
33
24
24
54
21
22
21
34
33
28
42
31
22
27
40
34
37
28
31
28
31
18
42
36
36
33
27
27
36
37
24
24
19
37
16
22
42
40
42
30
33
27
24
22
30
36
31
43
33
27
33
33
28
40
31
27
34
37
39
27
27
28
21
28
22
33
21
