1
0
34
138
48
3
31
1
0
25
0
13
6
60
0
3
6
18
0
91
0
0
0
0
0
0
0
57
130
138
0
0
0
0
0
0
0
0
138
100
108
0
0
0
0
0
0
0
0
0
115
117
129
0
3
0
0
0
0
0
0
0
0
19
46
10
40
3
3
48
24
6
55
45
3
0
0
28
103
93
0
52
82
0
109
0
3
0
0
121
90
3
0
22
129
0
0
0
9
66
60
3
9
126
61
0
0
0
0
0
0
103
45
21
129
120
100
97
3
0
0
0
0
7
0
0
6
105
57
0
0
12
3
3
0
0
0
0
0
6
0
3
0
10
31
0
3
3
0
31
3
54
0
61
0
0
49
13
0
0
0
60
40
76
3
3
3
0
3
3
0
97
0
57
0
0
0
141
87
16
0
64
0
0
0
37
45
135
0
51
63
0
42
129
0
85
0
69
3
81
10
3
3
4
3
3
54
25
112
0
3
16
64
16
118
0
106
0
0
3
142
49
78
60
3
114
0
0
0
0
3
15
0
42
126
117
0
0
0
0
0
0
144
115
73
0
0
0
0
0
0
0
0
0
6
106
121
0
0
3
0
0
0
0
0
0
0
78
69
0
0
0
0
0
0
0
0
0
90
141
94
0
0
0
0
0
0
0
