84
55
36
61
60
78
43
51
67
30
45
73
66
43
21
73
48
40
25
64
46
49
51
58
81
55
31
46
64
69
76
97
46
42
63
40
75
54
30
49
67
94
100
36
67
43
63
58
55
45
52
63
24
49
103
75
85
97
91
46
54
61
81
61
64
76
78
31
73
66
112
64
84
109
75
96
100
67
61
79
96
97
85
105
75
52
33
36
88
85
88
82
67
81
114
52
75
103
40
64
75
97
67
78
75
33
52
33
40
37
105
88
63
55
55
51
66
40
49
60
66
61
60
88
73
84
87
135
61
87
66
63
112
67
91
66
84
102
49
81
96
58
78
66
102
66
96
31
70
90
69
75
85
81
81
121
103
106
109
76
69
79
60
76
84
81
117
105
87
99
81
127
45
111
114
88
96
96
52
69
93
42
90
87
57
102
81
79
79
55
75
88
46
27
81
57
55
78
70
85
64
43
28
58
63
78
42
76
78
99
48
51
52
64
40
69
43
67
55
36
66
58
19
37
90
27
64
73
33
78
46
30
69
46
27
49
19
88
30
43
37
12
19
10
10
37
49
22
46
46
34
19
27
13
13
13
39
55
43
6
67
43
33
33
55
37
52
58
55
54
22
22
46
45
25
16
15
33
24
19
52
43
12
15
16
58
27
34
