18
15
18
6
22
12
9
15
9
6
28
15
22
18
18
9
6
12
12
3
15
6
9
19
18
12
12
12
12
9
6
22
15
15
6
6
9
15
15
9
3
18
9
3
9
15
15
6
3
9
3
21
6
12
15
18
18
15
12
9
18
12
18
12
12
9
19
9
18
15
9
31
21
60
9
6
9
18
21
9
6
15
6
9
15
9
6
12
9
9
15
15
12
12
25
19
18
21
9
9
31
18
15
9
12
9
18
9
21
12
21
19
18
21
12
19
18
15
12
15
18
15
21
12
18
9
15
19
18
19
18
18
9
12
9
22
15
12
58
21
12
19
18
21
9
25
15
18
15
21
15
15
3
9
25
9
18
22
18
9
15
6
12
9
12
18
15
12
15
9
12
12
9
18
18
9
25
15
12
19
9
9
15
12
22
15
9
12
15
9
9
21
15
18
22
21
6
6
21
21
22
19
21
6
19
21
6
21
15
12
15
22
21
18
12
3
12
9
18
12
9
21
9
15
15
9
12
9
22
9
12
18
18
15
72
9
9
9
21
9
15
15
15
25
18
18
18
18
22
6
15
18
12
18
6
15
9
12
15
9
19
9
12
12
12
6
9
6
18
12
15
12
58
9
12
18
21
6
3
15
6
9
18
15
19
19
6
15
