90
6
3
0
0
3
6
7
3
142
3
0
3
6
4
3
3
3
6
3
3
0
3
0
0
0
3
0
3
0
3
3
3
3
3
0
7
0
7
6
7
3
3
3
3
0
0
3
73
7
3
3
3
3
0
6
3
6
3
3
0
3
63
0
3
0
6
0
0
6
3
0
1
82
7
0
1
0
3
3
6
6
3
0
3
1
3
4
3
6
3
4
3
0
7
3
3
6
6
0
6
0
3
6
1
6
0
3
3
102
0
0
3
3
0
0
3
3
0
0
6
0
19
3
3
0
3
3
0
3
3
3
0
3
6
0
3
0
0
0
3
3
3
6
142
6
4
4
3
3
4
0
78
3
0
3
6
0
6
6
0
0
0
3
0
6
0
0
6
3
0
3
0
3
0
0
0
0
0
3
3
0
3
3
6
0
4
0
0
6
6
0
6
6
3
0
3
3
0
3
0
3
3
0
3
0
3
3
3
3
3
0
3
3
93
3
0
1
0
0
3
6
3
0
3
0
3
0
0
6
0
6
3
3
3
3
3
3
6
3
3
3
0
0
0
6
6
6
3
3
3
0
0
0
0
1
4
3
6
0
9
7
1
3
3
6
0
3
3
0
6
0
0
3
3
0
1
0
3
6
0
1
0
3
3
1
3
3
