36
18
45
27
27
24
30
10
30
58
43
24
33
18
51
24
33
40
33
24
39
39
55
51
54
27
24
54
15
18
57
36
55
24
48
28
16
24
48
21
27
39
42
27
45
34
9
24
25
27
30
21
36
33
22
24
24
25
9
30
45
33
36
30
36
30
24
36
45
24
51
37
16
33
28
36
33
31
30
10
31
30
15
36
60
42
19
57
73
15
3
42
21
3
31
72
6
24
9
73
28
12
31
60
7
27
51
12
30
27
45
12
37
36
28
27
27
9
30
30
6
30
18
12
54
13
31
9
42
39
18
51
21
45
31
40
51
15
24
27
67
15
0
52
25
30
12
25
39
12
45
0
46
79
3
12
64
73
73
0
30
60
45
60
12
9
79
0
0
22
46
24
21
58
12
58
12
58
36
15
9
46
39
7
18
39
31
54
33
25
15
12
15
33
36
30
43
21
36
27
31
39
30
36
36
21
24
27
27
25
42
37
36
27
48
30
22
36
27
51
40
27
37
42
27
27
28
36
52
30
30
48
18
33
55
30
24
6
58
55
54
0
30
51
78
45
72
66
43
0
58
36
0
33
45
7
12
12
33
70
3
70
42
66
76
22
54
18
18
67
21
57
64
49
61
78
10
12
48
0
61
10
51
6
36
36
9
15
