9
9
9
9
9
9
9
9
9
9
9
9
9
9
9
9
9
9
9
9
9
9
9
9
9
9
10
9
9
9
9
9
9
9
9
10
9
9
9
10
10
12
12
12
10
12
12
12
12
12
12
12
10
10
12
10
12
10
10
10
10
10
10
10
9
9
9
9
9
9
9
9
9
9
7
7
7
9
9
9
7
7
7
7
7
7
6
6
6
6
6
6
6
6
6
6
4
4
4
4
4
4
4
4
4
4
4
4
4
4
4
4
4
4
4
4
3
3
3
3
4
3
3
3
3
3
3
3
3
4
4
4
4
4
4
4
4
4
4
4
6
6
6
4
4
4
4
6
6
6
4
6
6
6
6
6
6
7
7
7
7
7
7
7
7
7
7
6
7
7
7
7
7
9
9
9
7
7
9
7
7
7
7
7
7
7
7
7
7
7
7
9
9
9
9
9
9
9
9
7
7
7
9
9
9
7
7
7
7
7
7
9
7
7
9
9
9
7
7
9
9
9
9
9
9
9
9
9
7
9
7
9
7
7
7
9
9
10
10
10
10
10
10
10
9
9
10
10
10
10
10
10
9
9
9
9
9
9
9
9
9
10
10
10
10
10
10
9
10
10
9
10
9
9
9
9
10
7
6
7
10
10
12
7
7
7
9
10
