39
9
9
10
9
9
7
7
7
9
13
13
10
10
10
9
9
10
9
7
9
12
9
7
12
7
9
9
7
9
12
9
7
13
7
7
7
7
10
46
70
43
7
9
6
9
7
7
7
9
43
76
19
9
10
7
7
7
6
10
10
9
9
9
9
10
6
6
9
9
15
7
10
7
7
7
7
7
10
7
10
13
9
10
9
10
9
7
7
7
9
9
7
12
9
9
7
9
7
7
9
9
12
9
7
7
9
9
9
7
9
9
7
9
9
9
7
7
15
9
7
9
15
10
7
9
7
16
48
30
70
45
10
10
9
7
9
9
9
10
9
7
7
9
9
9
9
15
9
10
37
76
49
16
10
9
19
76
39
63
73
7
10
9
54
78
63
70
7
39
52
7
10
7
7
7
7
7
9
9
9
13
9
7
7
7
7
7
12
7
6
6
9
6
9
9
13
7
7
6
6
6
4
4
4
4
4
4
4
4
4
4
4
48
75
16
7
4
4
4
3
4
4
6
4
4
4
4
4
4
4
4
9
9
4
12
4
3
4
25
58
52
37
69
48
66
4
7
9
4
6
4
4
4
4
19
27
4
4
4
4
6
54
69
4
12
4
42
73
46
60
82
13
6
6
4
4
4
4
4
4
4
10
3
3
3
3
4
