9
6
31
54
9
10
9
9
10
7
9
7
9
9
9
7
9
9
9
10
12
69
87
9
10
9
12
7
9
6
6
10
9
7
9
24
58
10
13
9
9
10
9
7
9
9
7
7
9
10
10
10
7
9
9
7
9
9
10
7
10
7
9
7
10
10
7
7
7
9
9
25
63
76
18
13
46
72
63
40
10
9
7
9
7
7
9
27
60
78
63
33
12
54
67
9
51
61
9
12
9
9
7
9
6
18
49
43
84
13
10
9
10
9
9
7
7
9
13
7
7
10
10
10
10
9
9
9
9
7
9
46
75
15
12
9
10
39
72
13
12
9
9
9
12
9
7
7
10
10
7
19
61
81
10
12
9
7
9
7
7
7
10
7
10
10
13
10
7
9
10
48
79
13
7
9
9
10
10
9
12
54
81
24
9
9
10
58
87
24
9
18
70
67
78
9
12
9
9
9
7
6
6
6
4
4
4
39
64
48
52
4
4
4
4
4
4
24
7
13
69
18
4
6
4
4
4
4
4
40
64
64
49
75
37
4
4
3
16
28
4
4
4
4
4
4
4
4
4
4
4
4
4
4
4
4
4
4
4
4
4
4
4
4
4
4
4
4
4
9
66
25
4
4
4
4
4
4
4
4
4
4
4
7
6
4
9
4
