13
7
33
72
76
18
75
42
7
30
72
13
7
7
7
7
13
9
6
6
7
7
7
9
7
7
9
7
7
9
12
7
9
6
9
10
6
7
9
9
10
9
9
10
7
16
61
61
9
9
16
67
33
7
10
7
7
9
10
7
9
9
9
9
7
10
12
10
7
36
73
10
9
10
48
72
7
7
9
7
9
9
9
7
9
7
9
7
9
7
7
10
7
9
9
7
9
9
9
9
9
9
7
7
10
9
9
9
9
9
21
48
9
10
61
46
12
9
9
9
9
7
7
10
9
7
10
33
64
67
10
10
9
9
10
7
7
9
7
10
9
16
9
7
10
9
7
9
12
9
7
22
63
64
10
10
13
52
61
7
9
9
7
10
7
9
7
10
9
43
72
15
10
9
10
6
9
7
10
10
9
7
9
9
9
13
9
60
55
9
9
21
31
13
13
9
9
12
9
10
9
9
6
6
4
4
4
4
6
45
69
30
4
4
4
4
4
4
4
9
3
4
3
3
3
3
3
3
4
3
3
4
4
4
3
4
9
3
4
4
45
78
12
4
4
24
52
34
4
10
4
4
4
4
4
7
4
4
4
4
4
4
4
4
4
4
4
4
4
9
4
4
4
4
4
4
4
4
4
4
4
4
4
4
4
4
4
4
