12
7
10
7
46
69
7
9
9
34
70
9
12
9
6
9
13
7
7
7
13
7
9
9
18
48
7
7
12
7
9
9
7
9
7
9
7
13
61
7
7
10
7
7
10
7
46
84
55
48
10
9
7
12
7
19
73
64
46
7
9
9
7
7
6
10
9
7
7
42
72
76
15
25
70
39
9
6
7
6
6
51
67
6
7
6
7
7
6
6
7
6
9
9
7
6
6
9
7
7
6
6
6
6
7
6
6
9
7
6
6
7
7
6
9
7
9
7
9
36
27
7
43
36
7
49
76
16
9
10
9
10
9
7
7
6
7
7
10
9
9
61
6
10
16
72
25
30
45
9
7
7
54
48
7
9
7
7
7
7
10
6
12
6
9
7
7
9
7
7
7
7
9
6
6
7
10
7
7
7
7
7
9
7
7
9
6
7
9
9
9
9
9
7
9
7
9
9
9
6
7
9
6
58
43
4
4
7
4
4
4
27
70
10
4
4
4
4
4
4
10
4
4
4
4
4
4
4
4
6
7
4
4
4
4
4
9
4
4
4
4
4
4
4
4
4
4
4
4
42
25
10
4
15
4
4
6
4
4
4
4
4
33
69
4
6
6
6
4
4
6
4
4
4
4
4
4
4
4
4
4
28
52
15
4
4
4
15
