6
10
6
9
9
7
9
7
7
13
6
6
7
6
9
7
7
10
9
7
7
7
6
6
48
42
13
6
7
7
6
6
7
6
15
61
55
6
46
39
9
9
6
7
7
6
7
7
25
63
57
10
7
7
7
9
7
7
7
7
9
6
7
9
7
7
7
7
9
7
9
7
7
9
9
10
7
7
7
10
7
7
7
9
7
10
13
7
7
9
10
7
7
9
9
9
9
10
10
7
9
9
39
75
58
75
48
7
9
69
40
9
7
13
30
60
6
7
9
7
10
7
7
9
7
52
81
9
9
10
7
10
7
9
10
7
9
7
7
7
33
63
73
75
75
54
15
12
7
19
63
6
9
10
7
9
7
9
6
6
7
6
10
9
7
6
7
9
6
7
9
9
10
9
6
7
6
6
6
6
10
7
7
9
54
81
12
4
7
6
7
6
6
33
70
36
6
7
7
9
6
4
4
4
6
3
3
3
3
3
3
3
3
7
3
3
3
3
3
3
3
3
3
3
3
3
3
7
3
3
3
3
3
3
3
3
3
3
3
3
3
3
3
3
3
3
7
4
9
9
58
64
55
67
63
39
4
6
4
3
3
12
55
22
3
3
3
3
3
3
3
3
3
3
4
40
63
3
3
3
3
3
10
3
3
3
3
28
