85
87
90
85
84
84
85
84
108
81
81
82
84
84
90
84
85
87
85
84
112
90
90
88
87
84
88
85
84
84
87
88
117
87
87
85
87
87
90
90
94
90
90
90
118
88
87
82
82
87
91
87
85
84
87
87
118
87
84
85
84
87
93
85
90
90
90
87
112
85
85
87
87
88
93
84
88
91
91
88
115
87
88
87
85
88
90
82
84
84
82
84
111
93
90
90
85
85
90
81
85
85
87
85
114
84
78
81
82
81
90
87
87
87
88
87
102
94
84
82
84
84
91
82
81
81
82
82
111
85
84
82
82
82
88
82
82
82
81
79
109
85
82
82
84
82
87
85
84
84
85
88
118
88
90
91
93
91
97
93
96
97
99
97
126
94
93
94
96
91
96
91
93
91
94
93
121
91
94
91
90
90
96
90
93
99
100
102
136
99
99
102
105
106
108
99
96
97
99
97
127
94
96
100
103
100
108
102
103
103
103
100
129
96
100
99
105
106
114
112
112
112
111
112
144
105
105
106
106
108
111
108
108
105
105
102
136
105
111
108
108
106
112
108
108
106
105
105
141
105
106
106
105
103
109
108
109
109
106
108
139
102
102
100
111
111
111
108
103
103
105
100
135
103
100
103
99
99
106
100
105
105
106
109
138
103
103
108
