102
99
94
111
117
115
105
105
100
97
100
97
100
94
103
99
100
103
102
106
105
108
106
106
100
99
105
105
102
102
102
97
96
91
85
81
76
75
76
76
79
72
69
66
67
64
70
63
67
64
58
60
57
54
57
49
48
48
46
42
43
40
39
37
37
37
34
36
34
30
28
30
28
30
27
25
25
27
22
24
22
21
22
19
19
21
19
19
18
19
19
18
18
18
16
16
16
15
16
16
16
15
16
15
16
15
15
15
15
15
15
13
16
13
15
15
15
15
15
15
16
15
15
16
16
15
16
19
21
18
19
19
19
19
22
22
24
22
25
24
27
25
27
28
30
33
31
34
33
34
36
36
37
37
39
37
42
46
45
48
43
46
51
52
54
52
55
57
58
57
63
61
64
67
61
67
67
70
72
70
70
70
70
69
75
76
76
75
76
79
78
70
72
78
76
82
81
84
84
90
93
91
94
93
88
96
100
99
102
105
106
106
100
97
99
100
102
100
105
102
103
105
102
106
108
96
96
88
88
93
96
96
94
96
91
94
97
94
91
91
91
91
91
97
97
91
88
96
99
94
94
94
100
103
96
100
100
100
108
103
108
108
112
102
100
96
99
103
105
109
118
114
108
117
127
120
132
136
127
130
133
136
130
127
130
135
130
127
