90
87
90
91
88
87
88
88
88
90
90
87
87
85
84
87
90
90
90
94
90
94
91
88
96
91
90
88
90
91
90
90
91
91
93
85
88
90
90
93
91
94
90
87
85
84
82
81
85
84
81
96
85
85
87
84
84
85
82
81
81
87
85
78
78
76
82
79
78
79
75
79
78
73
75
76
79
78
75
75
72
72
72
72
72
72
72
72
70
72
75
70
69
72
76
72
72
69
70
69
69
73
73
70
69
70
70
72
73
72
72
70
70
67
70
70
70
70
69
70
70
70
73
72
72
72
75
75
72
72
73
73
75
75
73
73
73
75
76
76
79
79
82
81
84
84
88
91
94
93
94
99
99
103
100
102
105
106
109
111
114
115
123
123
126
129
133
136
145
145
148
144
147
147
186
187
186
189
195
178
177
183
174
174
169
177
180
180
172
174
171
166
175
175
177
171
178
181
178
175
175
180
177
172
172
172
174
177
186
187
177
175
175
174
180
174
165
160
162
165
168
166
169
168
163
162
162
166
163
162
160
166
166
163
162
159
166
171
168
168
165
174
168
171
171
184
178
178
178
174
177
183
180
171
166
163
160
160
159
166
183
178
177
186
160
136
139
133
126
126
126
124
123
118
97
42
51
51
48
66
115
109
108
105
103
106
105
105
