78
76
75
76
75
76
75
76
75
73
76
75
73
75
73
76
78
79
79
78
79
78
76
78
78
78
79
78
79
82
81
81
79
76
78
78
78
76
76
78
73
75
72
75
72
69
67
64
64
69
72
70
67
64
64
58
67
63
63
70
72
63
61
58
67
63
52
51
49
46
48
48
49
45
43
43
42
42
40
37
40
39
34
33
34
33
31
30
30
28
27
27
24
24
24
24
24
22
22
24
21
21
21
19
19
19
19
19
18
18
18
19
19
18
19
18
18
19
18
18
21
18
19
19
21
21
21
22
24
25
25
25
25
27
28
30
31
30
31
34
34
36
40
40
40
42
43
46
45
48
48
48
51
51
52
55
55
55
57
60
58
60
60
63
63
63
66
64
64
66
67
70
70
69
70
70
70
70
70
70
75
72
75
73
76
73
76
75
76
75
75
76
75
75
78
76
76
75
76
76
76
78
76
75
75
76
78
76
78
81
79
78
79
81
82
82
79
78
84
81
79
82
84
84
84
85
87
85
84
84
85
85
85
84
87
85
85
85
87
87
84
87
88
88
87
87
88
87
90
87
87
90
84
84
85
87
91
91
87
87
85
85
84
82
87
88
87
85
88
87
84
85
87
85
87
82
79
78
76
79
79
81
76
75
76
76
79
76
