73
78
73
78
75
76
78
75
73
72
72
78
75
75
75
76
78
81
81
79
79
78
78
78
82
78
73
78
76
79
75
76
76
75
75
76
76
75
75
75
76
76
75
76
73
75
72
69
66
70
69
72
69
64
67
57
67
63
61
70
78
61
63
60
67
58
54
52
51
46
49
49
51
46
46
43
42
42
0
0
0
0
0
0
0
0
0
0
0
0
0
0
0
0
0
0
0
0
0
0
0
0
0
0
0
0
0
0
0
0
0
0
0
0
0
0
0
0
0
0
0
0
0
0
0
0
0
0
0
0
0
0
0
0
0
0
0
0
0
0
0
0
0
0
0
0
0
0
0
0
0
0
0
27
55
60
60
57
58
58
60
61
61
61
61
63
66
69
70
69
72
73
70
67
70
72
72
76
73
72
72
70
73
75
75
75
75
73
76
76
76
73
73
73
76
78
75
75
76
78
78
75
79
75
75
75
75
76
76
75
79
81
79
78
79
81
82
82
82
84
82
82
79
81
82
85
87
85
81
82
84
82
84
84
87
88
87
85
85
85
87
87
87
87
85
87
90
87
88
87
85
85
85
84
82
87
87
82
85
90
87
87
84
81
85
88
85
87
87
85
85
84
87
84
84
79
78
76
75
78
76
75
76
75
78
76
79
75
