43
36
40
39
34
39
36
37
37
39
37
34
34
36
34
39
42
37
40
40
42
39
40
37
40
42
36
42
46
42
48
49
48
48
40
46
46
46
48
63
51
42
43
43
43
43
37
37
43
45
45
42
43
40
36
40
40
28
25
30
39
39
39
42
34
36
37
37
36
33
34
39
34
36
37
37
39
34
31
36
36
33
33
30
33
36
34
34
36
37
39
39
37
46
36
43
37
37
37
34
37
36
37
40
40
42
46
51
51
42
40
45
39
33
34
36
36
40
40
43
45
42
39
42
48
42
46
48
42
48
45
39
40
49
45
45
37
42
39
37
39
42
48
42
45
43
42
43
43
43
37
39
45
43
46
43
43
49
43
43
45
48
48
45
52
54
48
46
45
45
49
48
43
49
51
46
51
51
49
51
48
54
58
54
51
54
52
51
58
55
63
63
57
63
57
60
60
55
58
63
57
57
64
60
57
58
58
63
54
52
60
61
51
61
55
54
49
51
52
58
58
54
52
63
63
57
60
60
61
55
58
63
63
63
64
69
75
66
75
69
69
61
60
57
60
60
63
64
60
63
55
64
63
61
66
67
64
64
58
58
63
54
54
54
45
51
49
45
45
42
40
43
42
37
39
37
40
40
40
40
40
34
33
37
36
31
36
31
