10
9
10
9
9
9
9
9
9
9
9
7
9
9
7
27
19
7
7
7
7
7
7
7
7
7
7
7
7
7
7
7
7
7
6
6
6
6
6
6
6
6
6
6
6
6
6
4
4
4
4
4
4
4
4
4
4
4
4
4
4
4
4
4
4
4
4
4
4
4
4
3
3
4
4
4
3
4
3
4
4
4
4
4
4
4
4
4
4
4
4
6
4
4
6
6
6
6
7
7
7
7
7
7
7
7
7
7
9
7
7
9
7
7
7
9
9
9
10
9
9
7
7
9
9
9
9
9
9
9
9
9
9
7
9
9
10
9
9
9
9
9
9
9
9
9
9
9
9
9
9
9
9
9
10
9
9
10
10
10
12
10
10
10
10
10
12
12
12
12
12
12
12
12
12
12
12
12
13
13
13
13
13
13
13
13
13
13
13
13
13
13
13
13
13
13
13
13
13
13
13
13
13
13
13
13
13
13
13
12
13
12
13
13
12
13
13
12
13
13
13
13
12
13
13
13
13
13
12
13
12
12
13
13
13
13
13
13
13
13
13
13
13
13
13
13
15
15
15
13
13
12
12
13
43
15
15
15
15
16
16
18
15
15
15
13
13
15
15
16
13
15
15
12
12
12
10
12
10
12
13
13
15
10
10
10
13
12
