0
0
0
0
0
0
0
0
0
0
0
0
0
0
0
0
0
0
0
0
0
0
0
0
0
0
0
0
0
0
0
0
0
0
0
0
0
0
0
0
0
0
0
0
0
0
0
0
0
0
0
0
0
0
0
0
0
0
0
0
0
0
0
0
0
0
0
0
0
0
0
0
0
0
0
0
0
0
0
0
0
0
0
0
0
0
0
0
0
0
0
0
0
0
52
91
76
97
79
96
109
99
73
91
90
96
96
121
85
81
81
85
88
100
99
79
96
67
118
121
108
103
103
103
111
85
88
82
93
79
111
81
76
64
72
102
94
96
93
93
91
94
99
99
133
102
99
96
96
93
103
114
96
111
106
109
106
102
133
93
117
87
111
138
103
94
108
108
117
114
106
123
111
90
100
103
109
105
87
99
79
81
84
114
106
114
114
118
123
100
151
123
94
73
87
99
106
124
127
150
144
129
99
105
115
126
121
124
121
115
112
135
97
90
102
124
129
96
106
117
111
148
99
100
99
93
141
133
126
127
105
142
130
121
154
136
141
195
192
109
90
109
111
123
136
135
132
121
127
141
148
148
133
126
118
145
123
139
127
88
87
100
106
124
96
105
115
88
103
118
115
126
109
151
144
123
91
90
102
120
112
154
126
0
0
0
0
0
