4
3
1
1
1
3
3
10
106
85
46
60
48
30
4
3
1
3
1
3
3
54
78
67
42
40
28
3
3
1
1
1
3
1
1
27
106
100
84
46
52
3
3
3
3
1
3
3
3
3
90
75
70
67
37
9
3
3
3
1
3
3
3
1
70
108
115
76
81
58
3
19
3
3
1
3
1
1
1
1
1
21
90
118
75
63
24
3
3
1
3
3
27
81
82
91
45
15
3
3
1
1
1
1
1
1
10
91
120
48
69
19
3
3
12
3
3
3
1
21
79
78
45
36
10
3
18
3
3
3
3
10
9
10
3
3
1
1
3
3
3
1
1
1
6
1
3
1
1
1
1
1
1
1
1
1
1
1
1
1
1
1
1
7
19
28
33
27
24
39
3
3
1
1
1
1
1
67
96
79
37
12
3
1
1
1
1
1
1
1
1
33
79
58
55
42
36
4
3
1
3
1
3
1
1
1
51
67
60
106
61
33
7
3
3
1
3
3
1
1
3
85
76
42
144
67
64
61
4
3
3
1
1
3
1
1
1
22
58
54
103
55
90
46
16
6
9
3
3
3
3
3
3
3
3
3
28
69
112
28
102
87
81
75
31
4
3
3
1
3
3
3
3
31
118
36
60
88
79
66
87
52
24
4
3
3
3
3
