12
3
3
3
3
3
3
21
94
64
87
58
67
37
4
4
3
3
3
3
19
55
54
88
138
16
39
4
10
3
3
3
3
3
3
24
94
54
45
73
30
4
12
3
3
3
3
3
3
6
76
52
70
43
76
9
4
3
3
3
3
3
3
3
64
108
70
48
133
25
4
3
3
3
3
3
3
3
3
3
3
25
60
105
69
102
43
4
3
3
3
3
24
85
64
66
43
36
4
4
21
3
3
3
3
3
21
70
79
49
54
34
4
3
3
21
3
3
9
25
81
114
66
49
7
4
3
3
3
24
6
3
16
16
4
3
3
3
3
3
3
3
3
3
9
3
3
3
3
3
3
3
3
3
3
1
3
3
3
3
3
3
3
4
15
45
19
36
66
15
3
3
3
3
3
3
3
19
102
97
106
27
3
3
3
3
3
3
3
3
3
6
46
37
66
31
21
6
3
3
3
3
3
3
3
3
9
60
64
91
75
25
6
3
3
3
3
3
3
3
3
30
66
103
90
127
70
42
4
3
3
3
3
3
3
3
3
9
46
64
61
88
127
66
15
9
22
12
4
3
3
3
3
3
3
3
37
63
99
97
103
148
52
36
13
4
3
3
3
3
3
3
3
39
36
84
111
42
45
48
58
87
37
4
4
3
3
3
