6
4
3
3
3
3
3
21
85
112
79
49
75
57
4
3
3
3
3
3
3
54
73
45
51
88
102
16
4
3
3
3
3
3
3
19
52
57
60
63
60
10
3
3
3
3
3
3
3
13
46
82
106
115
52
28
4
3
3
3
3
4
3
3
37
91
97
55
78
30
4
4
3
3
3
3
3
3
3
3
3
16
76
78
54
58
70
24
4
3
16
21
18
73
85
73
61
18
4
4
13
12
9
3
3
3
16
79
126
111
100
73
6
4
4
4
3
3
3
19
66
57
55
70
13
4
4
4
3
3
3
4
3
28
4
4
3
3
3
4
3
3
3
3
10
3
3
3
3
3
3
3
3
3
3
3
3
3
3
3
1
3
3
6
49
51
31
31
40
16
3
3
3
3
3
3
3
67
117
96
60
12
3
3
3
3
3
3
3
3
3
16
67
36
64
31
34
6
3
3
3
3
3
3
3
3
25
88
43
81
52
46
7
4
3
3
3
3
3
3
6
111
90
72
100
115
82
37
6
4
3
3
3
3
3
3
3
31
52
70
90
103
121
85
48
15
13
4
4
3
3
3
3
3
3
3
43
90
114
94
63
81
106
105
22
4
3
3
3
3
3
3
3
52
76
78
85
45
90
127
73
34
52
6
4
3
3
3
