13
19
16
10
13
16
28
18
13
13
16
15
15
12
12
18
34
15
13
13
22
13
25
22
13
16
12
15
18
18
13
16
15
22
16
12
12
12
13
22
31
18
15
13
12
15
15
12
10
28
39
10
13
12
33
12
36
12
13
25
22
19
12
16
13
12
10
18
16
16
13
13
12
12
12
12
12
13
10
12
12
9
12
12
12
12
10
10
13
15
10
48
42
49
93
51
43
27
24
40
52
31
39
40
33
52
30
33
51
30
36
51
36
39
45
45
31
42
37
30
31
27
28
48
52
34
28
27
28
28
15
34
36
19
24
30
22
30
42
18
27
22
22
31
21
22
33
22
21
64
21
24
28
19
27
24
24
34
22
21
30
24
22
30
28
21
27
34
24
24
33
24
22
28
21
31
37
19
24
34
21
21
34
19
18
46
24
19
31
18
33
45
22
28
33
22
22
39
21
30
45
22
31
33
18
21
45
19
34
31
34
48
51
30
37
37
22
34
27
33
31
31
40
31
24
22
24
31
22
25
25
30
22
24
19
27
16
18
30
31
30
78
31
21
27
25
24
27
24
25
22
21
27
22
30
22
22
22
28
25
42
22
28
21
27
21
34
21
19
28
22
21
24
16
16
22
42
28
21
21
19
30
22
21
34
22
30
16
