4
3
3
3
3
3
3
18
39
58
102
75
85
55
4
3
3
3
3
3
3
33
64
78
87
58
55
4
4
3
3
3
3
3
3
21
82
55
73
84
28
4
3
3
3
3
3
3
3
4
57
102
117
85
46
27
4
3
3
3
3
3
3
3
51
115
84
91
72
60
6
4
3
3
3
3
3
3
3
4
3
21
63
97
120
60
27
6
4
3
3
3
22
61
88
84
54
16
4
4
3
3
3
3
3
3
16
55
79
72
57
18
4
4
3
3
3
4
4
27
109
82
70
30
16
4
4
3
10
4
3
4
3
12
4
4
3
3
3
4
3
3
3
3
4
3
3
3
3
3
3
3
3
3
3
3
3
3
3
3
3
3
3
3
4
18
7
15
72
43
4
3
3
3
3
3
3
7
43
112
70
15
3
3
3
3
3
3
3
3
3
6
28
54
79
54
70
6
4
3
3
3
3
3
3
3
6
21
49
93
49
24
7
4
3
3
3
3
3
3
3
24
46
81
105
90
63
16
6
4
27
3
3
3
3
3
3
4
42
100
72
126
67
82
64
10
9
4
3
3
3
3
3
3
3
3
31
42
120
63
75
142
22
48
16
12
3
3
3
3
3
3
3
34
67
111
96
129
46
36
43
55
33
4
3
3
3
3
