4
3
1
1
1
1
1
6
46
51
94
75
67
25
4
3
1
1
1
1
1
36
52
94
60
81
33
4
3
3
1
1
1
3
3
19
40
78
76
70
52
12
3
3
1
1
1
1
1
3
60
76
118
75
81
13
9
3
1
6
1
7
13
3
46
70
82
103
76
27
3
3
1
1
1
1
3
1
1
1
1
22
51
61
66
54
45
3
3
21
3
3
19
57
87
63
63
13
6
3
1
1
3
1
3
1
6
73
78
96
88
39
3
3
3
1
1
3
3
13
42
72
87
85
57
3
3
1
3
3
1
1
16
16
3
3
3
13
3
3
1
1
1
1
10
1
1
1
1
1
1
1
1
1
1
1
1
1
1
1
1
1
1
22
55
57
48
82
66
24
3
3
1
1
1
1
3
76
103
97
93
18
3
3
1
1
1
1
1
1
1
42
97
69
40
63
54
6
3
1
1
1
1
1
1
1
66
51
67
37
67
46
7
3
18
1
1
1
1
1
3
63
60
111
76
88
63
16
4
3
3
1
1
13
6
1
1
16
70
93
123
69
81
109
48
46
31
25
9
21
4
3
3
3
3
3
37
84
93
58
106
73
82
106
27
4
3
3
1
3
1
3
3
58
60
79
81
66
48
45
99
88
19
4
3
3
3
3
