84
84
33
58
61
70
60
61
67
84
63
58
91
88
76
94
48
49
49
54
66
64
108
118
100
136
93
70
177
114
70
57
96
51
51
70
66
48
96
69
49
52
52
46
124
51
55
79
64
49
60
70
79
123
144
64
42
139
138
70
73
55
76
57
51
63
54
84
63
90
60
54
73
67
79
72
223
94
63
67
72
81
63
109
61
97
51
58
63
72
48
87
105
75
45
49
93
73
76
48
52
79
127
64
63
63
48
75
54
70
61
57
55
120
66
124
121
127
42
148
60
103
121
78
136
208
105
96
132
69
97
99
93
117
64
112
147
139
109
154
147
100
93
114
84
142
78
115
126
100
124
168
118
123
93
121
118
102
94
97
103
175
108
136
118
118
111
141
117
103
154
208
129
160
157
150
193
184
174
165
162
111
69
88
139
73
102
108
108
105
73
115
51
187
120
193
106
99
141
154
169
162
117
142
106
147
93
85
132
111
102
130
90
192
123
72
150
180
225
190
129
102
108
115
118
123
102
103
130
102
195
109
136
102
172
99
105
60
93
120
82
90
115
67
142
57
67
106
106
93
102
135
124
69
94
97
132
106
115
163
106
121
79
157
126
195
147
81
82
88
114
96
166
70
99
81
129
64
87
84
94
109
129
133
102
100
91
124
