193
168
148
73
69
96
132
99
222
84
61
52
82
81
115
186
99
76
121
100
72
124
72
120
120
103
93
127
93
117
102
94
88
106
159
208
138
144
147
136
133
109
105
123
243
198
201
184
189
187
135
145
198
159
234
243
205
204
138
132
129
127
177
195
193
171
168
184
174
204
223
195
231
195
240
144
136
160
165
187
231
222
198
154
127
150
187
186
124
157
183
180
165
168
123
181
174
154
150
181
160
192
211
193
135
111
133
147
145
132
157
202
78
118
117
133
109
144
223
177
175
99
115
151
157
108
88
85
123
187
160
93
117
162
99
94
102
123
192
169
102
78
94
135
148
181
121
186
85
142
139
90
84
114
130
117
138
138
154
145
132
34
58
79
133
64
69
103
61
61
75
159
148
96
91
120
120
102
153
145
130
157
157
133
259
130
127
117
114
115
154
156
126
138
133
78
118
129
154
124
168
121
109
70
136
114
93
223
82
87
100
127
120
187
294
331
244
0
48
112
129
129
114
178
138
118
156
171
193
117
139
136
147
159
163
136
160
166
163
187
144
126
150
171
132
193
129
112
163
99
198
106
130
193
169
154
148
90
93
123
141
129
124
156
97
117
112
124
117
148
126
154
108
165
94
135
196
147
127
154
96
102
189
189
94
109
132
124
