96
54
93
93
93
90
81
163
171
132
127
49
90
118
151
136
75
159
123
63
36
37
39
55
94
72
117
99
52
70
78
63
57
190
184
169
147
193
159
136
165
168
172
148
117
153
139
157
211
202
222
210
202
150
186
174
201
160
180
151
118
144
211
183
142
138
154
156
151
136
205
234
225
262
189
165
130
183
186
172
172
160
132
100
108
196
144
103
165
192
183
142
169
211
211
180
108
120
151
214
190
187
192
109
124
120
112
100
150
139
133
126
100
130
145
133
135
120
150
120
144
133
121
130
135
148
124
133
133
120
96
82
151
115
60
132
55
78
112
90
85
106
96
78
178
165
162
163
150
91
114
111
85
133
108
63
81
78
90
127
150
103
88
120
58
100
85
58
139
106
124
106
130
84
72
97
127
93
78
124
142
121
129
63
121
85
82
85
124
75
84
105
106
132
106
121
177
136
196
177
148
183
75
99
88
94
75
72
150
105
174
220
123
177
151
111
127
154
178
136
106
111
142
175
139
124
168
151
94
129
93
97
151
165
189
129
180
211
171
193
133
177
114
132
139
126
102
85
70
81
91
105
87
88
97
93
123
183
145
127
114
141
118
93
81
79
93
105
64
85
76
136
141
117
132
117
88
88
127
156
126
127
145
102
73
100
150
103
