67
66
69
72
75
75
84
67
69
70
69
76
81
69
67
69
67
67
69
76
81
76
67
69
72
75
70
72
75
67
64
63
64
66
57
57
61
51
55
72
54
49
51
49
51
52
49
52
58
46
46
46
70
60
40
43
40
45
39
37
37
42
36
34
36
34
40
30
31
33
31
31
33
30
30
30
28
28
27
28
30
28
30
28
28
27
36
30
25
25
25
28
24
27
22
24
24
24
24
24
28
25
27
28
25
25
28
24
31
30
25
25
24
24
24
24
27
25
25
27
27
27
27
28
28
28
28
28
30
37
27
27
27
28
30
30
31
28
30
31
37
31
36
37
42
34
37
46
40
43
40
40
40
42
48
51
45
55
45
45
55
64
67
72
87
66
69
78
73
78
82
78
91
84
81
85
90
81
84
90
115
93
85
93
88
93
94
88
99
88
91
88
99
100
93
91
94
100
105
102
99
99
106
109
120
114
108
133
106
114
132
111
112
106
108
118
112
114
141
138
142
145
142
141
150
138
127
135
136
142
139
132
99
96
96
111
94
94
105
103
94
94
100
94
94
97
111
103
108
102
103
108
108
105
117
108
103
105
105
114
105
109
108
100
106
102
111
138
112
115
123
129
144
126
129
144
132
135
139
132
129
139
136
129
132
135
141
141
