64
69
57
63
60
66
61
66
67
78
61
72
61
61
60
79
61
64
75
64
67
79
67
67
58
60
63
58
61
61
54
54
52
55
52
55
57
54
63
54
49
48
46
48
57
46
46
49
46
43
51
49
45
39
37
37
34
36
36
34
33
33
31
36
30
30
31
28
31
30
31
28
27
27
25
30
27
30
52
27
28
25
28
28
28
25
25
25
24
24
30
25
34
25
24
25
25
25
24
45
22
25
27
25
27
24
28
27
27
30
30
28
25
25
48
49
25
27
40
34
25
25
25
24
27
24
25
27
25
27
31
25
42
27
55
25
25
27
27
28
27
27
30
31
69
28
36
31
31
31
30
30
33
34
37
42
33
34
40
40
46
52
51
52
55
57
63
67
76
66
61
70
64
64
79
73
69
75
76
78
81
72
97
85
72
73
78
73
81
76
75
82
93
91
79
78
81
82
106
87
108
84
82
84
85
88
103
106
93
94
100
94
90
100
99
93
97
102
142
159
142
196
148
168
148
153
142
141
145
147
147
132
96
103
108
105
99
93
96
97
96
96
102
96
90
88
91
96
91
102
94
102
103
91
88
88
94
105
94
97
102
105
100
91
94
91
108
100
106
103
111
112
109
120
127
124
126
120
126
127
115
114
117
117
121
150
138
117
