64
67
63
60
61
64
64
69
60
64
75
67
60
64
61
64
58
58
60
67
70
61
58
58
57
57
58
67
57
58
54
54
54
54
73
49
46
46
46
48
46
54
46
45
43
43
45
42
48
46
45
48
39
43
34
43
39
42
36
42
36
34
34
33
30
30
31
30
28
28
27
28
27
27
31
25
22
24
22
22
22
22
25
21
21
19
21
24
19
21
19
24
19
21
19
30
31
21
21
21
34
21
21
21
19
21
24
22
37
31
22
21
19
19
19
19
19
22
21
21
21
22
21
24
25
37
25
24
22
25
24
25
24
31
22
24
24
25
36
27
24
27
27
28
27
28
30
52
33
31
33
40
31
48
31
33
34
37
42
36
46
61
55
63
57
61
58
64
72
76
73
75
75
75
70
87
70
82
96
75
75
79
79
75
72
76
76
79
85
88
78
79
82
88
93
88
82
91
96
93
93
94
88
91
94
103
100
106
94
99
99
106
100
103
96
100
100
97
136
133
133
136
133
139
139
136
123
135
129
138
136
130
88
90
84
90
88
90
84
91
90
90
100
93
90
99
97
85
88
94
97
99
105
96
93
99
96
102
94
96
94
96
130
91
94
97
100
114
114
114
112
114
112
124
126
126
123
126
126
130
127
129
126
127
130
126
126
130
