67
67
93
79
67
66
66
66
73
70
66
66
70
63
64
67
63
64
63
70
70
66
73
61
66
60
66
64
61
72
60
61
57
61
55
60
54
52
52
54
58
46
48
46
51
51
58
46
55
49
49
46
57
64
61
49
39
39
42
76
39
34
34
33
33
30
31
30
31
31
31
30
30
28
28
30
39
28
27
28
28
28
48
25
25
22
24
24
24
22
24
22
22
24
25
22
27
24
22
24
43
24
24
25
31
36
31
27
51
25
24
22
25
21
22
24
22
30
37
24
24
31
22
24
24
25
24
27
27
30
28
28
37
25
27
30
27
27
28
28
28
34
30
30
73
31
36
37
37
37
39
39
67
37
40
37
40
40
40
42
55
64
70
63
66
69
69
72
75
79
72
73
81
72
78
81
81
84
85
81
88
81
88
88
87
87
87
87
87
105
85
90
94
91
102
84
87
90
96
91
93
97
102
91
117
97
97
102
103
112
106
106
108
112
102
105
103
102
151
144
150
135
144
145
133
159
135
144
159
141
138
127
94
93
102
99
90
106
99
93
100
96
96
94
99
97
97
105
111
102
114
106
99
108
103
103
97
105
102
102
99
130
109
103
99
99
99
136
115
120
127
139
126
138
142
133
163
147
142
136
135
133
147
141
157
138
135
136
