64
67
63
63
66
72
72
69
66
66
67
66
67
60
66
67
70
61
66
61
66
72
66
64
69
57
61
63
63
66
63
54
51
54
55
54
46
57
51
49
49
51
52
57
54
48
46
43
48
45
42
43
45
40
36
34
33
34
34
33
33
33
30
30
28
28
33
25
25
25
24
25
24
30
24
24
22
22
24
24
25
22
22
21
22
24
22
22
21
21
21
49
21
22
22
21
25
51
22
21
22
21
21
28
22
21
25
28
28
39
34
19
19
19
18
21
21
22
22
36
42
22
24
25
25
25
25
31
27
28
28
28
28
28
28
36
40
30
30
28
34
30
30
31
34
33
34
34
34
40
34
33
69
36
37
36
37
46
36
37
54
60
64
63
72
64
66
67
70
93
66
67
73
72
70
72
73
79
108
76
73
75
76
78
79
82
91
82
81
82
82
85
93
81
93
102
87
91
96
87
93
94
94
106
100
100
99
103
106
109
108
106
109
106
111
103
105
100
144
148
148
144
145
144
139
145
136
141
141
142
147
133
97
102
94
94
96
97
112
102
94
96
96
100
102
97
100
102
99
108
102
103
111
100
97
100
102
103
102
100
100
103
105
99
105
99
99
111
111
117
117
123
144
142
132
130
136
130
127
136
156
139
133
130
132
136
135
136
