93
100
96
97
82
96
111
117
84
85
87
84
82
87
85
94
90
93
99
99
106
99
94
84
88
79
84
82
84
87
84
79
82
85
78
76
81
70
70
75
87
78
67
61
70
82
94
79
70
72
63
61
79
76
58
58
64
54
54
61
67
58
51
48
45
48
46
45
46
67
40
46
46
40
45
46
42
39
46
43
42
39
45
43
43
37
39
45
42
36
48
37
42
43
39
37
36
37
39
42
60
42
52
58
33
34
33
30
45
37
42
39
33
34
34
27
33
37
34
36
45
30
36
34
37
40
40
36
30
42
36
48
40
39
39
43
34
42
45
42
39
48
45
42
51
48
54
54
51
54
60
55
55
72
81
57
60
60
60
63
76
87
90
85
93
88
87
88
112
91
96
111
97
102
106
109
111
111
111
106
114
115
120
120
112
114
117
121
141
120
121
120
118
126
150
127
121
126
126
132
132
132
132
144
165
144
129
147
142
148
178
165
163
172
165
154
142
135
166
172
165
163
169
163
174
202
198
177
180
175
189
162
120
120
124
123
121
103
129
115
118
130
130
127
127
127
126
118
129
129
132
126
127
126
132
144
118
123
124
124
123
129
136
141
139
132
130
165
148
154
151
150
157
168
160
162
168
171
181
169
169
180
177
175
181
195
201
198
