30
28
28
30
30
33
37
42
34
34
30
28
27
27
25
28
27
28
30
30
31
33
31
31
31
31
31
31
31
31
31
37
30
30
33
30
28
30
28
30
30
30
30
28
28
28
28
28
30
31
31
33
31
31
31
36
27
25
25
27
25
27
25
25
24
24
24
24
25
24
25
25
25
25
24
24
25
24
24
28
22
21
21
21
21
18
19
19
19
19
21
21
21
21
19
19
19
19
18
19
19
19
19
25
19
19
19
19
19
19
19
19
19
19
19
18
18
18
18
19
19
19
19
19
19
19
19
28
22
22
24
22
21
21
21
21
22
22
22
22
22
24
24
22
25
27
27
27
28
31
31
37
31
33
33
34
36
34
37
39
40
43
45
46
48
49
54
60
66
63
67
69
72
75
103
105
102
88
88
90
90
94
96
96
96
102
100
97
91
91
91
93
96
96
96
96
97
96
94
94
94
78
79
84
84
84
85
85
84
82
84
81
81
85
82
81
81
82
82
82
82
85
81
82
70
72
75
76
76
78
76
81
81
79
79
79
85
81
82
84
81
81
79
82
81
85
84
84
75
78
85
88
90
84
90
79
76
76
75
75
82
79
76
87
70
63
63
60
55
55
55
57
46
45
33
4
6
6
6
13
42
43
43
43
45
43
42
43
