22
24
22
27
24
28
27
25
21
21
18
19
19
19
21
21
21
19
19
24
22
24
22
21
22
19
21
22
19
19
18
16
15
15
15
13
15
15
16
16
18
16
13
13
12
12
12
10
22
16
13
16
15
15
15
15
12
16
16
15
18
16
13
15
13
12
15
13
12
10
9
9
10
9
7
7
9
9
9
10
9
9
9
9
10
9
9
7
9
7
9
9
7
7
7
7
7
6
7
7
7
6
6
6
6
6
7
10
10
10
10
9
10
10
12
12
10
9
10
7
9
10
10
10
10
10
12
12
10
9
10
10
10
10
9
7
9
10
10
10
10
10
10
10
13
16
16
18
18
18
19
19
15
16
18
19
21
19
18
21
22
21
22
22
21
21
21
22
24
24
22
21
18
18
18
19
18
22
22
21
21
22
21
76
28
30
28
30
30
30
30
30
28
30
28
30
33
36
39
39
37
37
81
42
42
39
37
37
40
40
43
45
40
39
37
37
37
37
81
78
75
75
78
81
75
72
72
70
76
76
70
61
46
31
31
31
30
30
28
28
31
33
30
31
28
27
33
31
30
28
28
28
30
31
30
30
31
31
31
33
30
31
31
31
34
33
31
31
36
39
45
48
43
43
42
46
48
52
49
48
46
49
52
58
54
54
57
51
