36
36
37
37
37
39
37
37
37
37
34
34
33
30
36
36
36
33
33
37
37
39
36
34
33
28
34
36
33
31
28
25
25
25
24
24
22
22
24
24
22
21
21
19
19
19
19
18
33
24
22
25
25
24
24
24
22
27
27
25
25
22
21
21
21
19
21
19
18
16
16
16
15
15
13
12
13
15
13
15
13
13
13
15
13
12
13
12
13
13
12
12
12
12
10
10
10
9
10
10
10
9
6
7
7
7
9
13
13
12
12
12
13
13
13
13
13
10
13
9
10
12
13
13
15
15
13
13
13
12
12
12
12
10
10
9
12
12
12
13
13
12
12
12
15
18
18
19
19
19
19
19
16
18
18
21
21
19
19
22
24
24
24
22
24
24
24
24
25
25
27
25
25
27
27
28
28
30
31
30
28
30
58
64
33
30
31
31
33
33
33
31
31
31
31
31
34
36
28
96
42
40
37
37
37
37
37
39
42
42
43
45
43
42
43
40
39
37
81
81
78
75
75
76
75
75
75
76
78
76
76
64
46
33
33
36
34
34
34
31
33
33
33
33
33
33
33
33
33
33
34
33
34
34
33
34
36
34
34
34
34
36
36
34
36
34
34
37
45
48
51
52
52
54
52
52
54
57
60
60
60
60
58
57
55
55
55
54
