28
30
27
28
30
31
30
30
31
30
28
31
31
30
30
27
18
18
30
30
28
28
30
28
28
28
27
27
25
27
28
30
30
30
30
28
28
30
25
25
28
28
25
27
27
31
28
30
30
27
27
27
25
27
28
28
28
31
30
28
34
52
61
73
78
67
73
78
84
84
82
75
81
79
79
78
76
76
76
75
79
79
79
78
78
79
78
79
81
76
78
78
81
79
76
81
84
81
81
81
81
78
79
78
78
81
81
76
79
82
81
79
82
61
27
27
22
16
28
28
27
30
31
30
30
31
27
27
28
28
30
30
28
30
31
31
30
30
28
30
30
27
31
28
27
28
36
30
31
31
30
28
28
28
31
28
28
27
30
30
28
34
45
36
45
33
27
37
30
34
33
33
31
33
33
31
33
31
30
30
34
37
39
48
45
37
52
37
36
39
36
37
37
37
34
34
36
39
45
37
36
51
33
49
36
36
39
40
39
37
40
40
36
39
39
33
37
46
33
36
37
45
51
36
36
40
36
36
39
37
36
33
27
30
30
51
42
43
43
40
52
46
43
46
39
37
37
34
37
37
37
33
27
34
43
37
48
61
49
61
52
48
51
51
48
49
51
43
34
28
24
24
46
39
39
51
42
49
40
37
36
34
36
31
34
37
34
36
