205
202
205
186
205
207
207
214
205
208
217
202
211
210
198
204
199
217
204
210
210
205
210
202
199
196
207
213
217
213
205
207
207
216
216
211
210
202
204
207
207
201
213
205
201
196
201
207
210
205
220
217
207
208
210
211
199
210
217
204
220
222
228
219
208
214
213
214
228
234
214
207
220
204
219
210
208
201
208
205
211
207
219
216
208
196
205
198
204
205
202
201
217
217
219
223
223
216
205
213
219
214
204
208
208
219
214
214
211
211
202
217
210
213
211
205
214
201
222
208
208
208
190
208
207
222
240
216
240
225
231
241
249
235
219
214
217
210
219
216
214
199
223
213
205
223
223
219
219
208
214
228
217
216
219
223
210
222
210
222
219
237
219
226
214
220
210
228
214
237
225
216
229
225
223
235
232
237
223
208
226
229
229
249
228
208
225
214
225
234
222
237
214
214
229
213
237
231
237
225
231
238
234
229
246
229
231
237
223
234
241
229
240
234
225
234
234
231
238
246
234
247
244
232
235
238
237
253
235
246
235
234
241
234
235
247
237
249
249
259
253
256
267
252
250
249
267
249
270
250
273
252
246
252
258
240
235
237
234
232
247
237
241
222
243
268
247
261
249
258
223
244
234
243
225
226
228
235
250
241
244
235
229
235
237
238
255
219
