88
99
99
96
99
93
99
103
102
103
100
102
100
90
94
103
109
103
100
103
99
99
97
96
97
94
94
90
94
93
96
94
90
91
85
76
84
84
84
84
82
81
78
81
78
75
75
72
70
69
69
69
67
66
64
63
61
61
63
60
64
67
64
60
61
58
63
61
61
54
58
60
64
66
57
58
55
55
48
49
54
58
61
60
63
69
58
57
49
46
51
57
55
58
60
54
54
45
43
40
40
39
42
42
40
37
42
42
45
43
43
36
39
39
49
48
43
39
37
43
42
39
40
36
40
43
49
54
51
48
48
48
42
36
51
49
46
45
43
37
48
49
48
42
42
43
43
45
45
43
45
46
46
46
51
51
39
52
57
55
61
60
57
61
61
60
58
60
57
58
63
63
66
63
66
66
66
63
61
58
60
58
58
57
58
66
66
73
73
72
70
67
63
72
69
73
78
75
76
79
81
84
88
88
87
85
88
87
91
91
91
93
91
91
93
94
97
99
106
109
115
118
114
118
117
117
114
115
114
117
115
114
112
108
111
97
109
109
111
109
103
105
103
102
111
114
109
108
106
109
106
108
105
106
103
103
100
102
102
100
106
109
105
100
93
85
82
81
84
87
93
87
91
93
91
93
97
93
97
97
99
100
105
103
103
99
100
103
