88
94
94
93
96
100
99
103
99
103
114
109
105
94
97
106
105
103
97
99
100
103
94
96
97
91
91
90
91
91
91
97
84
108
84
81
84
81
88
91
91
87
82
81
76
78
79
70
75
79
67
69
64
66
64
64
58
57
63
60
69
73
70
61
66
61
61
64
66
57
60
61
63
61
57
55
52
61
49
54
60
60
69
72
76
78
73
70
54
48
52
55
55
66
67
58
55
45
49
43
40
39
39
42
43
48
48
46
48
46
46
37
37
42
57
51
43
39
37
43
43
42
46
39
46
46
55
58
60
54
54
55
48
43
55
60
54
51
52
46
57
57
54
49
54
57
58
61
63
63
57
64
64
63
64
66
51
67
72
70
67
69
66
72
73
73
78
78
73
78
81
72
69
64
60
69
69
72
72
72
73
67
66
66
67
73
70
76
78
76
78
76
69
78
75
85
93
90
84
87
87
94
106
99
91
90
91
91
100
105
103
111
109
106
102
102
100
103
114
112
127
129
124
127
118
118
115
115
118
126
123
114
115
118
115
105
114
111
117
112
106
105
108
108
109
121
118
117
108
115
111
111
100
97
99
99
99
105
111
109
112
109
103
94
87
81
81
79
85
84
84
85
84
97
108
99
102
100
100
97
103
105
108
111
106
106
105
103
