87
99
97
96
102
100
102
99
105
99
97
100
97
90
94
102
108
106
102
108
99
100
99
102
99
93
99
96
105
100
102
99
91
93
88
84
82
91
85
81
87
82
78
81
76
79
78
72
70
72
69
69
69
64
61
61
60
63
67
60
66
70
66
67
72
69
67
66
64
57
60
64
75
76
69
63
58
58
51
54
58
63
64
66
70
75
63
60
55
54
55
60
57
61
64
58
57
46
45
45
45
42
42
42
42
40
45
43
46
46
48
40
46
45
52
49
45
43
39
43
43
40
40
36
43
43
49
52
52
49
48
49
45
39
52
55
54
46
43
37
45
46
46
43
46
43
43
45
46
46
42
48
48
46
51
55
45
60
57
57
60
57
49
54
57
57
58
58
58
58
63
61
66
67
64
69
69
67
69
61
61
58
58
58
63
64
64
69
75
75
72
72
64
69
67
73
78
72
73
76
78
87
88
82
82
81
82
81
93
87
85
87
88
88
88
90
93
94
96
102
103
103
99
103
105
103
105
103
100
102
100
102
105
102
102
90
103
108
109
106
99
103
100
100
103
105
106
102
105
105
106
105
100
103
102
102
99
99
97
94
102
100
99
96
88
84
82
81
85
84
88
85
87
85
85
87
90
87
93
93
94
94
94
91
94
94
94
94
