19
18
18
18
18
22
24
21
19
22
25
28
24
19
19
19
19
19
18
18
21
22
21
18
21
21
18
19
19
18
16
18
16
18
19
18
18
18
21
24
22
21
19
18
19
19
18
16
16
21
19
18
19
22
21
19
15
18
18
16
18
18
21
18
18
19
21
19
22
21
19
16
16
16
15
15
15
16
13
12
13
13
13
12
13
18
13
15
16
16
16
15
12
12
12
12
12
13
13
13
12
10
10
10
10
10
10
13
15
12
13
13
15
12
13
12
10
10
12
12
12
12
13
13
13
12
12
12
16
15
15
12
10
12
12
15
16
16
16
15
15
16
16
16
16
16
16
21
18
19
19
19
24
21
22
22
18
19
21
25
22
21
25
22
24
24
18
19
21
19
21
21
22
22
22
19
21
25
22
22
22
22
21
22
24
25
27
24
24
22
19
19
22
22
27
30
28
28
27
25
30
28
33
33
31
28
27
27
28
28
28
27
24
30
30
28
37
33
30
31
30
30
27
33
33
36
31
37
31
34
34
33
30
30
34
31
33
34
36
34
34
37
31
33
31
31
31
36
39
33
31
37
33
31
31
34
37
30
33
33
31
30
34
33
34
28
27
31
34
30
37
34
39
37
42
37
37
37
40
37
43
40
45
42
49
43
43
52
