79
72
82
75
73
82
82
73
78
73
75
73
73
67
67
73
75
69
69
69
75
72
99
72
76
72
70
73
76
70
72
72
75
72
70
67
69
66
69
72
70
67
64
64
64
66
88
61
60
57
61
55
57
52
57
61
52
51
48
51
51
49
46
48
49
55
52
55
69
57
57
79
52
48
51
45
45
43
39
40
37
37
39
36
36
39
39
34
33
33
34
33
31
31
28
57
28
28
31
27
30
30
27
27
25
24
28
25
24
24
25
22
22
22
22
22
24
24
24
51
24
24
27
24
24
24
27
28
33
30
31
30
30
27
31
30
31
33
31
33
36
39
36
52
52
40
40
42
43
43
45
46
49
52
58
58
61
57
58
58
67
64
64
66
72
67
66
73
105
70
76
73
82
76
72
73
70
75
73
72
78
70
73
73
78
78
76
79
85
81
81
82
108
79
81
84
87
82
82
88
91
84
82
82
84
84
81
85
94
0
84
84
85
91
85
82
114
82
90
99
97
94
93
97
96
94
90
93
91
88
93
91
91
102
94
100
108
102
96
94
96
115
103
103
99
97
97
97
93
99
94
93
94
88
90
93
94
96
93
97
94
94
96
96
85
85
90
109
84
87
81
84
85
87
81
79
78
82
79
82
76
79
78
76
78
87
81
84
