82
84
84
79
79
81
82
85
87
88
84
87
82
81
78
82
78
78
81
84
81
84
105
96
84
85
82
82
81
81
82
84
79
81
78
79
79
78
78
84
76
76
75
76
72
70
69
94
72
69
69
72
70
69
67
63
63
61
60
64
64
57
57
67
60
63
64
60
57
54
52
78
52
55
49
49
46
51
45
48
43
43
51
43
43
46
42
39
39
37
39
37
37
40
69
37
36
31
31
30
31
31
31
31
28
30
34
31
30
28
28
28
28
27
28
27
27
27
33
54
31
31
33
31
33
30
31
33
34
34
34
33
34
34
37
37
39
42
42
42
42
45
45
75
46
46
48
51
51
52
54
55
61
60
63
61
61
64
69
67
66
69
76
75
73
72
55
124
79
76
78
78
75
81
81
79
81
85
88
90
82
81
82
87
85
85
85
91
88
88
88
105
106
91
93
96
94
94
91
97
94
94
96
99
97
102
100
100
99
102
100
96
93
96
100
91
120
94
103
99
99
106
100
108
108
108
106
96
103
99
96
103
99
97
100
100
105
105
109
106
105
136
105
102
103
108
103
108
100
100
100
103
100
100
99
108
103
108
103
102
106
102
100
100
94
90
108
97
90
85
85
90
84
90
91
94
85
90
87
90
87
82
82
84
84
87
94
97
