28
27
30
31
30
30
28
28
28
28
27
27
27
27
28
28
27
28
27
28
28
28
27
27
25
24
27
27
25
25
24
22
22
22
22
21
19
19
19
19
18
18
18
18
16
19
16
15
18
16
15
15
15
13
13
13
12
12
12
12
10
10
10
10
10
9
9
9
7
7
9
7
7
6
6
6
6
6
6
6
6
6
6
6
6
6
4
4
4
4
4
4
4
6
4
4
4
4
4
4
4
3
3
3
3
3
4
6
4
4
4
4
4
4
4
4
4
4
4
4
4
4
4
4
6
6
4
6
6
6
6
6
6
6
6
6
6
7
6
6
7
6
7
7
9
9
9
9
9
9
10
10
9
10
10
10
12
10
13
12
19
25
30
39
43
40
36
34
33
34
36
34
36
36
36
36
40
39
42
39
39
39
40
40
40
40
42
43
45
43
43
42
42
42
40
40
43
45
46
45
46
46
46
48
49
48
49
49
51
52
54
52
52
55
51
51
51
51
78
81
78
76
76
76
78
76
76
76
76
78
78
72
46
46
45
46
48
48
48
46
48
49
48
49
54
51
52
51
51
49
52
51
49
49
51
51
52
52
54
54
57
54
52
51
52
52
52
54
55
57
60
63
64
63
64
67
67
67
70
70
72
73
75
78
76
76
75
75
