76
73
72
72
73
75
73
73
73
75
76
76
78
78
76
75
76
75
75
75
78
79
79
78
79
78
79
79
76
76
78
76
76
78
78
76
76
78
78
75
76
75
76
75
76
79
78
76
79
76
75
76
78
73
73
70
69
72
66
66
67
64
64
64
63
63
64
63
63
64
60
60
61
61
61
61
61
60
63
61
61
60
60
60
61
58
58
58
60
57
58
57
57
60
58
58
61
64
63
61
61
61
58
60
58
58
60
61
64
63
61
60
60
60
61
60
60
63
61
64
66
64
64
66
64
63
63
66
64
64
64
64
66
66
58
57
57
57
58
60
60
58
60
58
63
61
63
64
64
64
67
64
66
67
67
69
72
72
70
72
73
73
75
75
75
76
78
81
85
82
82
82
82
81
85
87
85
90
87
88
91
88
91
91
91
90
93
91
93
96
94
94
99
111
109
109
109
108
111
109
109
109
111
112
112
112
111
109
111
109
111
111
111
109
111
111
111
109
109
111
109
111
106
109
109
106
108
108
109
111
109
112
112
111
109
106
108
108
106
103
109
111
109
106
102
105
106
103
102
102
103
102
106
105
106
94
93
93
96
91
93
93
93
91
91
88
88
88
88
90
90
90
90
90
91
88
90
87
87
90
87
85
84
82
85
84
84
85
