37
34
34
34
30
28
31
33
36
33
33
31
34
33
37
37
33
43
39
40
37
39
37
34
33
37
42
42
36
37
39
43
43
40
30
34
40
39
42
34
33
33
33
36
37
42
39
39
30
36
36
33
40
31
33
37
42
36
39
33
34
36
33
37
36
27
33
36
39
33
37
34
43
39
34
33
34
34
34
30
33
33
31
31
31
36
30
37
27
33
34
34
30
27
30
31
34
33
30
34
33
33
33
24
34
37
31
33
24
27
34
33
37
39
33
36
36
33
40
37
34
30
36
34
31
36
30
30
30
33
31
25
33
27
31
31
33
31
31
33
27
34
36
30
36
36
34
31
37
37
34
27
25
25
34
28
34
28
30
31
28
33
34
21
21
28
33
28
37
34
27
25
30
22
24
33
31
28
30
34
31
31
34
31
37
34
33
33
36
34
33
34
30
33
36
27
27
31
31
30
33
30
22
31
30
30
36
33
30
25
34
30
36
40
39
39
43
34
30
28
36
31
42
37
24
28
33
34
33
27
34
39
40
40
39
37
31
31
31
39
34
33
30
39
39
36
36
40
43
42
43
33
37
40
39
39
36
39
39
34
39
36
36
40
36
34
42
37
39
37
34
42
34
27
39
42
37
37
37
34
34
37
34
33
31
31
34
33
