37
36
36
39
31
33
36
33
30
33
22
33
27
27
33
31
37
43
37
30
39
31
34
33
39
28
42
51
43
39
45
40
37
37
37
37
34
45
39
22
39
37
40
36
43
40
40
37
37
31
37
39
42
39
34
36
37
40
36
36
36
37
33
31
43
39
36
33
36
37
43
39
45
37
39
36
37
34
42
37
34
37
33
27
30
28
24
28
34
30
28
39
34
36
37
37
36
34
34
27
37
34
36
37
33
34
31
31
39
33
36
43
43
43
36
31
42
39
37
39
37
39
36
36
43
42
31
27
34
36
34
36
30
33
36
33
39
34
33
42
34
39
39
37
39
36
33
39
40
40
40
39
39
36
34
31
34
34
28
34
36
36
40
22
34
36
33
33
39
31
31
30
25
34
36
39
33
31
31
33
33
36
34
34
36
42
36
43
39
33
42
37
37
36
39
37
40
36
39
28
28
37
30
31
37
33
31
39
30
27
42
39
36
43
37
48
39
43
21
22
34
39
39
30
42
37
42
30
43
30
39
33
37
34
42
39
34
43
42
48
42
45
34
31
37
33
36
43
40
48
40
37
43
48
45
46
45
42
40
37
40
43
27
34
45
43
39
42
40
43
42
39
46
40
30
33
28
33
33
40
33
34
31
27
30
27
28
31
