4
4
4
3
4
4
4
4
4
3
3
4
4
4
4
4
3
3
3
4
4
4
4
4
4
6
4
4
4
4
4
4
4
4
4
4
4
4
4
4
4
4
4
4
4
4
4
4
9
7
7
7
7
9
7
6
4
6
6
6
7
9
6
7
7
6
7
7
10
10
9
10
12
12
10
9
7
7
9
7
7
6
6
6
6
7
7
6
6
6
7
6
7
7
7
7
12
12
13
13
12
12
13
13
13
13
10
12
16
15
12
12
12
12
13
13
16
15
18
15
21
27
25
27
24
21
24
22
18
19
19
15
27
33
28
25
27
22
21
16
15
13
13
12
21
19
21
24
28
24
30
34
39
39
37
34
52
49
49
49
45
40
42
45
43
40
40
49
46
46
45
46
45
43
42
43
45
43
43
42
45
42
45
45
40
42
45
45
52
51
55
60
55
55
52
49
46
49
46
48
45
45
40
40
45
51
45
43
43
46
51
48
45
43
43
45
52
46
45
43
42
42
37
39
40
39
37
34
42
42
39
37
37
37
42
40
36
39
43
42
40
34
36
43
45
42
42
42
42
40
34
31
37
40
33
34
30
33
37
33
24
22
18
16
21
21
16
18
15
16
18
18
16
15
12
10
13
13
12
10
10
9
9
7
7
9
7
7
