118
120
123
121
121
144
136
124
135
127
135
135
145
135
135
138
142
130
127
136
135
139
124
129
129
120
132
138
127
139
145
151
144
136
138
130
127
144
138
136
126
115
118
100
96
90
91
73
90
93
99
94
94
97
87
84
79
84
76
75
76
76
69
69
63
61
57
57
51
60
46
49
39
40
34
33
36
34
30
34
28
25
24
22
24
24
21
18
19
18
19
19
16
21
19
16
16
21
16
16
16
18
13
15
15
12
15
18
16
13
12
12
15
13
12
15
16
16
19
18
18
22
18
21
24
24
24
30
27
31
27
25
30
31
34
37
36
45
42
45
45
45
48
55
61
73
73
75
79
81
84
87
88
100
97
100
97
115
108
118
130
135
138
138
141
145
147
145
139
138
133
130
106
120
100
105
114
109
115
111
112
121
112
133
132
141
129
139
144
144
156
162
150
166
156
159
159
157
147
153
151
156
147
145
159
156
168
151
160
166
163
163
145
153
145
145
139
165
148
150
144
160
154
130
138
138
159
145
136
168
169
160
165
151
157
151
151
148
138
136
127
151
156
138
138
127
123
138
150
142
151
153
145
148
136
141
142
154
139
148
150
157
147
141
138
147
156
159
156
151
165
138
135
157
160
168
162
150
145
150
145
159
151
145
135
139
132
132
