69
70
66
58
57
61
64
67
69
72
76
70
72
69
66
66
67
67
67
70
66
75
79
79
81
81
81
79
76
73
73
72
70
72
81
93
88
78
75
76
73
67
66
64
64
60
57
57
55
54
55
63
58
55
54
43
48
45
45
43
55
55
51
45
51
51
49
43
42
39
37
34
37
36
36
34
33
0
30
27
28
30
30
31
30
30
27
25
24
24
24
22
22
24
25
25
25
22
21
22
24
28
24
18
18
18
22
25
28
25
24
22
21
21
21
22
21
21
21
21
22
22
22
22
21
21
21
24
25
25
25
24
24
21
22
22
24
25
28
28
30
27
27
27
28
31
31
36
37
39
43
45
48
49
48
51
51
55
67
55
57
60
61
64
69
66
70
81
85
75
73
73
81
75
76
82
84
96
100
100
96
90
88
93
93
91
87
84
85
87
85
94
102
100
100
100
99
99
97
91
91
90
87
87
87
87
93
97
100
99
103
105
94
93
94
97
94
94
97
93
90
105
105
105
103
111
108
100
102
99
100
100
99
99
99
99
100
102
109
109
112
115
117
105
103
102
102
100
100
100
100
100
97
97
97
96
100
108
106
108
103
105
106
105
96
90
84
87
87
87
82
87
87
84
90
93
81
82
88
90
87
85
88
76
78
78
81
79
