45
46
46
34
9
6
6
24
4
4
12
10
12
13
12
7
12
7
12
10
9
10
12
15
22
18
18
13
9
7
15
10
12
13
15
15
13
16
10
9
12
9
12
12
16
12
13
13
21
13
9
9
10
9
13
9
13
10
10
13
12
12
7
12
7
9
13
9
19
10
10
15
15
15
7
15
9
9
15
9
15
13
10
12
13
12
7
7
7
6
15
10
16
15
15
12
18
15
15
19
19
19
27
27
28
27
27
31
31
31
30
33
31
27
31
30
34
34
31
21
21
25
16
15
10
12
22
36
34
21
28
39
34
48
40
36
40
34
46
46
54
54
51
58
57
57
52
49
43
45
54
51
58
52
45
57
55
55
52
54
52
54
60
57
67
58
55
73
72
58
49
49
37
31
45
40
51
48
49
49
48
45
37
39
34
36
40
37
51
42
40
45
42
45
42
37
39
54
45
40
48
45
40
49
45
45
43
48
36
42
52
51
55
52
52
57
64
63
51
52
60
55
58
58
64
57
54
33
10
10
6
7
1
1
9
4
9
9
6
7
12
12
9
7
4
1
4
9
10
9
6
9
6
6
7
9
7
9
9
6
7
4
3
4
4
3
19
18
16
27
34
28
25
21
19
18
18
18
22
13
13
16
16
6
30
25
24
27
