120
120
118
120
126
126
127
123
123
124
124
127
124
123
120
120
129
121
124
127
118
120
120
124
121
123
120
120
121
123
123
124
124
127
123
123
126
123
127
130
126
126
120
126
117
117
120
120
126
123
120
123
121
123
123
123
121
123
121
124
123
126
132
120
118
120
120
132
124
123
126
124
123
126
123
126
123
124
127
124
126
121
127
135
127
124
126
126
123
124
127
126
124
129
126
130
124
124
124
126
123
123
126
124
126
126
126
127
124
126
129
123
123
124
127
127
123
130
121
126
123
136
127
130
141
123
133
136
129
138
139
135
123
132
136
126
148
144
145
145
153
151
138
157
141
147
151
154
148
157
141
148
148
154
147
145
148
156
154
150
151
147
151
151
154
151
154
160
159
160
159
154
156
156
156
153
157
156
153
159
153
151
153
148
151
151
153
135
132
132
129
138
132
135
141
135
129
126
127
136
132
138
133
132
138
135
127
135
141
138
133
141
139
141
132
141
145
130
136
141
142
142
141
141
141
139
130
132
133
133
132
135
139
135
127
135
135
130
130
132
136
135
145
138
133
138
133
147
139
138
132
138
136
135
136
136
138
132
141
142
144
130
136
132
127
136
130
139
129
133
139
141
135
141
136
136
129
135
129
129
133
135
135
130
133
129
142
132
