18
19
18
22
42
21
34
18
19
19
21
21
24
22
25
24
33
28
22
18
19
19
19
18
22
21
21
24
31
28
27
36
22
18
18
16
18
19
21
18
18
16
16
16
18
21
33
18
16
16
16
16
34
18
18
31
34
15
28
21
31
25
22
34
31
37
18
15
21
25
16
39
16
15
15
16
16
27
21
10
12
27
24
36
37
36
22
16
19
16
15
18
21
22
27
21
22
25
21
43
48
19
22
19
27
30
21
19
22
21
40
28
39
21
19
18
19
19
19
19
18
19
19
22
34
18
25
31
21
19
19
16
18
28
21
15
18
16
18
16
18
18
18
19
18
18
18
19
19
18
18
18
27
40
36
49
37
19
21
21
21
39
22
31
49
45
39
30
27
24
34
31
36
31
19
21
22
21
18
21
22
25
21
19
42
30
21
21
22
25
19
37
21
39
19
19
27
28
19
21
22
19
33
25
24
27
36
27
19
19
21
37
21
19
18
43
25
33
19
22
40
40
30
24
31
30
31
40
43
45
27
22
22
19
24
22
21
19
28
33
21
22
25
40
27
22
19
25
33
34
39
34
24
46
34
40
22
24
19
19
30
24
21
22
19
18
19
16
33
25
19
22
18
25
28
19
18
16
21
19
33
27
33
19
19
24
24
19
