19
24
51
43
18
18
18
22
22
19
19
21
16
18
18
30
24
18
33
21
39
21
19
18
18
34
24
22
19
19
18
16
19
18
16
19
18
34
19
16
16
18
18
21
45
18
43
15
16
15
16
16
46
27
16
16
39
49
40
36
13
16
15
16
16
12
15
15
15
16
15
15
13
15
13
13
15
15
12
12
10
16
24
45
42
18
40
21
19
15
16
27
27
19
22
19
21
27
48
22
19
18
19
46
22
19
16
18
16
15
18
15
48
18
21
45
16
16
18
18
36
43
31
21
27
46
16
39
42
36
22
19
36
18
15
18
13
15
15
13
16
12
15
13
16
16
28
16
25
30
13
13
16
16
15
15
18
19
16
16
16
19
16
21
19
34
30
18
40
18
19
16
16
21
18
16
19
16
21
16
16
19
16
43
49
28
18
15
15
16
43
19
16
16
18
19
16
16
34
16
18
15
19
16
19
18
18
18
16
16
19
27
39
16
18
18
21
18
16
16
19
30
28
18
18
19
22
19
21
28
36
16
19
16
19
21
22
24
40
21
18
22
28
19
18
25
58
76
21
19
18
30
43
31
16
19
19
31
73
22
19
19
19
34
18
19
19
37
16
19
19
19
16
15
18
16
16
18
15
18
16
16
24
42
21
18
33
21
