18
16
16
16
21
30
34
36
21
22
21
19
21
33
34
19
33
21
22
33
18
22
21
21
16
43
21
16
21
18
18
18
18
16
18
16
15
21
34
19
16
16
15
15
16
16
15
13
15
15
13
39
33
13
15
15
13
12
13
25
13
15
15
15
13
16
45
15
13
15
16
37
30
13
13
12
15
24
37
39
27
15
16
21
15
16
31
22
10
12
22
33
13
16
18
18
15
43
16
19
18
16
22
16
18
19
16
22
16
15
33
46
27
18
18
18
15
16
16
15
18
15
27
39
16
16
18
18
15
16
15
15
15
15
13
18
37
27
13
13
15
13
13
13
15
15
19
18
12
16
25
21
34
42
27
19
18
16
18
15
21
34
16
18
21
16
16
16
25
45
34
30
21
18
21
16
18
18
39
18
19
19
24
43
18
18
16
31
21
19
19
18
42
19
22
19
21
19
16
16
16
18
18
18
18
18
16
16
18
19
18
18
18
22
27
18
18
22
16
16
24
24
37
43
34
18
48
24
21
18
21
22
45
21
19
21
21
28
31
19
45
42
22
24
22
25
34
22
19
19
19
18
28
25
19
19
16
21
18
18
37
22
43
30
21
21
19
18
18
19
18
21
19
42
36
19
16
21
18
16
19
21
43
46
52
43
37
21
