96
114
129
133
69
57
60
103
84
115
103
93
79
82
90
141
60
61
96
81
73
156
117
109
133
87
91
120
16
3
3
3
99
121
76
79
93
67
69
109
81
97
57
66
67
124
91
103
96
73
109
93
105
73
54
58
69
127
85
87
99
72
63
117
70
88
33
46
84
100
82
72
126
90
103
154
102
102
96
120
78
61
9
3
3
3
97
99
75
70
73
85
106
96
76
81
126
103
103
160
117
112
111
130
90
93
63
63
94
78
72
120
82
81
61
87
108
49
120
84
90
85
108
85
19
3
3
3
93
78
91
63
69
79
121
45
79
82
66
76
93
106
136
76
72
85
156
103
105
114
88
91
94
136
84
57
61
69
117
78
87
84
33
37
45
82
88
49
52
73
66
106
118
111
85
130
120
121
90
129
93
78
31
79
72
141
78
85
99
78
22
3
3
3
78
90
85
127
111
111
142
78
94
111
100
135
93
69
70
88
103
93
105
78
4
3
3
3
70
70
61
73
70
58
117
117
87
103
115
96
93
109
159
94
54
58
51
84
105
97
55
36
42
63
24
3
3
3
88
114
112
100
126
103
102
99
73
79
45
43
39
109
117
106
103
109
79
108
93
94
81
49
96
48
63
69
103
102
102
144
69
94
93
78
105
103
70
55
