24
24
24
22
24
24
24
22
21
21
21
21
21
19
19
22
22
21
22
22
24
24
24
22
21
22
22
22
22
21
22
21
22
21
21
22
21
21
19
18
19
18
18
18
18
18
18
18
18
18
19
18
18
18
18
18
18
18
18
18
19
18
18
18
18
19
19
18
18
18
19
19
19
18
19
19
19
19
19
19
19
19
19
19
19
19
21
19
21
21
21
21
21
21
21
21
21
21
21
21
21
21
21
21
21
21
21
21
21
21
21
22
21
21
22
22
22
21
22
24
22
22
22
21
22
19
19
19
19
19
22
22
21
19
21
19
19
19
21
19
21
19
19
19
19
18
18
18
19
18
18
18
19
19
19
18
19
19
19
19
19
19
19
19
19
19
19
19
19
19
19
19
21
21
19
19
21
19
19
19
21
21
21
21
21
21
7
0
0
0
4
21
21
4
0
0
9
21
22
21
21
21
21
15
22
21
21
21
22
21
21
21
16
16
21
21
22
22
22
21
22
22
22
21
22
22
22
21
22
22
24
22
24
24
24
24
24
24
22
21
22
24
24
24
22
25
25
24
22
24
24
22
22
22
22
24
24
24
24
25
25
24
24
24
25
24
25
25
27
25
27
25
27
27
27
25
24
25
25
25
25
25
25
22
24
24
22
22
