22
22
21
19
19
21
21
19
21
21
22
19
19
18
18
18
18
18
18
18
18
18
18
16
18
18
18
18
16
16
16
16
15
15
18
15
16
16
15
15
16
15
15
15
13
31
25
16
16
16
15
15
15
15
16
15
13
15
15
15
16
15
15
13
13
13
13
15
13
13
13
13
15
15
15
15
15
15
15
15
16
15
15
16
15
15
15
15
16
18
18
18
18
19
19
19
19
18
18
19
18
18
19
19
18
18
19
18
19
19
19
19
19
18
18
19
19
19
19
19
19
18
19
19
19
18
19
21
22
21
22
21
19
19
19
19
19
21
18
19
18
19
18
18
18
18
18
19
18
18
18
18
18
19
21
21
19
19
19
19
21
21
22
22
21
21
21
24
25
21
21
22
24
24
22
21
22
22
22
22
21
21
21
21
22
22
9
0
0
0
12
22
24
3
0
0
18
24
24
24
24
24
22
19
22
22
22
22
24
22
24
24
18
24
28
27
27
25
25
25
25
24
25
25
25
24
25
24
25
25
25
25
25
25
25
24
25
24
24
24
24
24
24
22
24
24
24
24
22
24
22
22
22
22
22
25
27
27
27
27
27
27
27
27
27
27
27
28
30
30
28
30
30
30
28
27
21
22
25
25
25
25
27
27
28
28
27
27
