37
39
42
45
42
42
40
40
40
42
43
40
43
42
42
40
39
39
39
36
39
39
37
37
36
37
40
37
37
39
39
40
36
37
33
31
31
31
31
30
28
30
31
31
31
31
28
31
31
31
33
36
34
33
31
31
30
33
36
34
34
36
33
30
31
30
31
30
31
30
31
31
31
30
30
30
28
30
28
28
28
30
30
31
31
27
27
27
27
25
27
28
28
31
31
28
30
28
30
28
28
27
27
24
27
28
28
28
27
30
28
27
27
25
28
28
27
25
25
27
27
27
27
27
25
28
30
31
31
30
30
28
28
28
30
28
28
27
28
27
28
28
27
25
25
25
27
27
28
27
27
27
33
28
28
28
25
28
31
28
28
28
28
25
28
28
28
28
28
27
28
28
28
30
30
31
30
31
30
30
30
30
30
28
30
34
33
36
34
39
36
34
36
37
34
34
34
37
39
39
40
40
43
40
40
39
40
39
40
42
39
39
42
42
40
46
46
45
43
48
42
40
43
39
43
45
48
49
48
46
46
45
39
42
43
42
40
42
43
264
99
76
43
46
46
45
46
46
48
46
49
46
45
43
43
45
43
43
46
51
49
42
40
46
48
46
45
45
42
42
42
40
42
43
43
43
46
45
46
42
43
48
54
42
40
45
48
42
