114
114
118
106
104
112
120
114
116
116
114
116
114
112
122
118
116
114
114
118
116
118
116
118
126
122
122
128
126
118
116
118
122
120
118
120
120
116
114
116
120
116
114
116
124
120
116
116
122
116
114
110
114
118
110
106
108
112
110
110
110
110
110
106
104
108
106
102
108
106
106
102
102
100
100
100
98
98
106
102
96
96
98
94
102
102
100
100
100
98
98
100
100
96
100
108
102
104
104
104
106
104
100
100
100
96
102
102
102
98
96
96
98
98
102
96
100
96
94
102
114
104
100
100
100
100
100
100
106
112
114
110
106
108
102
104
106
104
106
104
114
106
108
104
106
108
116
108
110
114
114
112
110
112
116
118
114
114
116
118
118
120
124
120
124
120
120
126
124
120
126
130
132
134
140
134
136
134
136
136
142
140
140
142
144
144
140
140
138
136
136
134
140
144
140
136
140
144
142
140
144
144
142
140
140
140
140
134
138
142
144
142
140
140
142
142
142
140
148
146
142
146
154
150
148
152
148
148
146
144
146
150
140
140
142
142
146
146
146
146
146
144
140
142
148
142
144
146
146
144
144
144
146
142
144
138
140
144
140
142
138
138
140
144
144
140
136
138
136
138
142
136
136
142
138
136
140
142
142
136
134
130
140
140
138
136
134
132
