14
12
16
14
28
100
64
100
12
12
14
14
14
14
20
14
14
12
12
12
14
10
12
12
16
14
20
12
12
12
10
14
10
14
12
14
22
76
114
18
14
16
20
14
12
12
12
12
10
10
18
16
10
14
14
12
12
14
12
14
16
58
62
14
10
12
16
12
16
20
14
12
14
12
10
10
12
14
14
16
14
16
10
12
16
16
14
14
14
10
12
14
16
14
14
16
10
12
10
14
12
12
12
80
60
18
12
14
14
14
14
14
16
12
10
10
12
12
18
12
12
14
16
42
84
108
18
14
12
16
18
14
14
12
16
12
18
12
12
12
12
14
14
18
16
12
14
14
24
34
98
46
14
14
12
14
16
14
40
90
30
82
108
12
18
10
20
10
14
16
12
16
18
10
12
16
10
16
10
14
18
62
112
48
10
14
10
16
20
14
10
12
12
46
46
12
16
10
12
10
18
16
8
8
6
6
6
6
6
6
14
72
86
6
6
6
6
14
6
6
68
68
88
72
108
8
10
8
18
76
104
40
8
16
16
8
6
6
6
6
6
8
14
6
6
12
6
6
6
16
6
6
6
6
16
6
6
18
6
6
6
6
6
6
6
6
6
6
12
6
16
6
26
8
6
6
6
6
70
98
14
6
6
14
6
6
6
6
