24
24
24
24
24
26
24
22
22
20
22
24
22
20
22
24
28
26
22
22
22
22
22
24
20
22
20
22
22
20
20
22
22
22
22
22
22
22
22
22
22
24
24
24
24
22
22
24
22
22
22
22
22
20
20
20
20
18
20
22
20
20
20
20
20
22
20
20
20
20
20
22
20
20
20
20
20
22
22
22
24
24
26
28
26
28
24
24
22
22
26
26
24
24
26
24
22
26
24
24
24
22
24
26
26
28
14
44
30
32
32
32
32
32
30
32
32
28
28
30
30
28
30
28
28
28
28
28
30
32
34
28
28
28
26
26
26
28
34
34
36
38
40
40
42
36
32
34
32
34
34
34
36
36
36
38
38
36
38
36
36
36
38
38
40
38
38
38
36
38
36
38
38
40
40
38
38
40
38
40
40
40
38
40
40
36
38
38
38
40
38
42
40
42
40
40
42
40
40
38
38
38
38
40
38
38
40
44
44
46
44
40
42
42
42
44
40
40
44
42
42
42
40
40
38
38
42
46
46
44
42
40
42
44
42
40
40
42
42
46
42
44
44
44
42
42
44
44
44
44
44
40
50
40
44
38
38
38
38
38
38
42
42
40
38
38
38
36
34
36
34
36
34
34
32
28
28
30
28
28
28
30
28
26
26
26
26
30
