28
28
30
30
30
28
28
28
26
24
28
26
24
26
26
26
28
26
26
26
26
26
26
28
26
26
24
24
26
24
24
26
26
28
26
22
26
26
28
28
32
36
30
30
28
28
26
26
28
30
28
28
26
26
26
26
24
24
26
26
26
26
24
22
26
26
26
26
28
24
24
24
24
26
24
28
26
30
26
26
24
26
32
34
38
38
40
40
36
32
32
32
30
32
34
32
32
30
34
34
34
34
34
32
34
42
44
42
42
40
40
40
40
38
40
42
38
34
34
38
36
36
38
36
36
36
36
36
38
38
42
32
36
36
30
32
32
34
38
40
42
38
40
44
54
56
58
56
58
58
58
58
58
58
60
62
60
60
58
60
60
56
58
58
58
60
60
60
58
58
58
48
56
48
48
48
50
50
50
46
46
46
42
44
44
44
44
44
44
46
42
46
48
52
50
50
52
50
48
48
50
50
54
48
48
48
50
50
56
62
60
56
58
56
54
56
54
50
54
56
56
60
56
54
52
52
50
50
52
50
50
50
52
50
52
50
50
48
46
50
54
50
50
52
52
58
54
52
54
50
56
58
50
50
50
46
48
54
52
54
54
52
48
44
40
42
40
42
44
42
40
40
40
38
40
38
38
38
34
34
38
36
36
34
34
32
32
32
