190
166
180
172
184
196
168
192
220
194
156
132
128
138
134
150
178
144
182
166
172
164
174
162
184
144
144
140
154
144
144
162
168
148
146
132
136
144
140
144
194
152
142
126
136
136
138
120
152
128
120
136
128
136
140
138
118
162
154
124
126
128
136
124
130
126
154
150
152
126
122
134
122
120
124
132
164
152
134
132
124
126
128
130
136
150
130
136
116
122
132
148
138
172
178
136
156
150
156
152
156
146
184
178
156
164
154
148
140
144
176
142
150
134
136
146
126
152
144
158
142
144
166
158
160
146
138
174
148
152
166
154
156
164
152
160
156
188
184
152
164
152
162
148
150
150
148
170
172
152
154
146
146
138
158
142
156
176
156
154
156
156
164
154
162
158
164
180
172
168
154
166
168
164
160
160
154
188
194
166
152
152
150
154
148
156
174
192
188
162
156
148
144
170
158
190
174
168
144
154
154
154
158
166
150
184
164
154
166
164
168
184
156
144
158
154
144
154
166
176
164
172
176
196
190
172
168
160
152
158
156
158
184
182
160
156
168
154
144
146
148
178
172
154
152
156
152
144
144
142
142
150
166
142
144
144
144
144
142
146
144
168
170
152
136
132
138
130
144
144
144
146
136
130
146
130
132
138
134
154
142
138
146
134
140
148
140
152
