82
82
82
80
82
80
80
78
78
80
82
84
82
80
80
80
84
82
82
82
88
88
86
82
88
86
86
84
86
82
86
82
84
88
86
82
84
82
86
86
86
82
84
80
84
84
86
82
86
84
84
82
84
82
82
78
76
78
80
78
82
78
82
80
80
78
80
78
78
80
78
74
76
74
74
70
72
74
72
70
70
68
70
70
70
70
70
72
72
72
74
72
70
70
72
72
72
72
72
72
72
74
70
70
72
72
70
72
76
72
70
72
70
72
74
72
72
72
72
70
74
76
76
76
76
76
82
86
90
90
90
82
80
80
82
80
82
82
82
80
86
86
86
86
88
86
86
90
90
90
94
92
94
92
96
94
98
96
102
98
96
96
102
102
104
104
104
104
106
106
108
108
112
112
116
110
114
116
114
116
116
116
120
118
120
120
122
120
122
120
118
116
120
114
118
118
118
118
120
116
118
116
124
122
120
118
120
118
128
124
124
118
122
124
122
120
124
124
112
118
118
120
126
120
118
118
114
118
120
122
114
114
112
116
116
116
118
120
116
118
118
120
112
114
116
118
116
122
120
116
116
120
120
120
112
114
104
104
110
114
110
112
110
108
112
110
112
112
116
112
112
110
106
110
102
108
108
110
110
108
108
108
114
114
114
116
110
118
