76
90
76
92
80
94
76
90
70
92
78
100
82
98
76
92
78
98
78
98
82
100
78
94
82
96
78
94
84
94
76
94
74
96
76
92
76
90
80
102
82
94
78
92
78
96
80
90
76
94
76
90
74
94
74
86
68
86
72
86
72
86
78
88
70
86
72
86
72
86
70
82
68
80
64
80
66
82
64
76
62
78
64
78
64
78
66
82
64
78
64
80
62
78
62
78
64
80
64
76
60
70
60
74
62
80
64
80
68
80
64
82
64
78
66
80
64
80
64
84
66
82
68
82
66
80
68
88
72
90
72
86
70
86
72
90
72
88
72
88
70
86
74
88
78
92
74
94
80
96
82
102
86
102
84
106
86
104
88
108
86
104
92
112
98
112
94
112
98
114
98
120
102
122
104
122
110
126
106
124
108
126
114
130
110
128
116
128
116
134
110
128
118
124
108
132
116
132
112
128
112
128
112
128
112
128
108
126
114
132
108
118
106
116
108
116
110
122
110
136
110
122
106
118
104
122
108
126
110
122
108
114
104
112
108
118
108
120
110
124
112
124
106
116
112
118
108
120
118
122
108
122
110
120
112
114
102
114
98
112
96
110
98
112
100
102
90
106
98
110
98
104
96
104
92
106
94
104
94
100
98
104
92
96
94
104
92
98
