4
6
6
6
4
6
4
4
4
6
4
4
6
6
4
4
6
6
6
4
4
8
6
4
4
6
6
10
6
6
6
6
6
6
6
6
6
8
6
6
6
8
6
8
6
8
10
8
8
8
8
8
6
8
6
8
6
6
8
8
8
8
8
8
8
8
6
6
6
6
8
8
8
6
6
6
6
6
6
6
6
6
6
6
6
6
6
6
6
6
6
6
6
6
6
6
6
6
6
6
6
4
4
6
6
6
4
6
6
6
4
6
6
6
4
6
6
6
4
4
4
4
4
4
4
4
4
4
4
4
4
4
4
4
4
6
4
4
4
4
4
4
6
6
6
6
6
6
6
6
6
4
6
4
4
4
4
4
4
4
4
4
4
4
4
4
4
4
4
4
4
4
4
4
4
4
4
4
4
4
4
6
4
6
6
6
2
0
0
0
4
6
6
2
0
0
4
6
6
6
6
6
6
4
6
6
6
6
6
6
6
6
4
6
6
6
6
6
6
6
6
6
6
6
6
6
6
8
6
6
6
6
6
6
6
6
4
4
4
4
4
4
4
4
4
4
4
4
4
4
4
4
4
4
4
4
2
2
4
2
2
2
4
2
2
4
2
4
4
4
4
4
4
4
4
4
4
4
4
4
4
6
4
4
6
4
4
6
