26
22
28
22
22
18
20
24
22
26
26
24
22
20
22
20
24
20
20
20
22
18
20
16
18
20
22
20
20
16
18
16
20
22
20
18
30
18
18
16
14
14
16
20
20
24
26
14
16
14
16
14
16
12
16
16
12
12
14
12
12
12
16
12
10
10
12
12
12
12
14
14
10
16
20
14
16
20
14
12
22
20
20
18
12
10
14
16
14
14
12
20
14
16
14
22
16
16
20
18
44
50
20
20
26
26
20
26
24
30
26
24
24
28
28
28
24
26
32
26
28
30
32
24
30
36
34
40
38
34
32
34
28
26
28
30
40
30
34
36
34
32
36
32
40
44
36
34
40
44
40
40
36
44
46
38
46
44
48
38
46
60
48
46
44
54
42
48
42
50
50
38
30
40
42
46
44
56
52
42
50
40
44
42
40
42
48
42
40
38
44
58
48
38
46
44
40
42
38
44
38
46
48
48
50
46
40
48
42
54
60
76
36
50
46
46
50
52
42
52
48
48
46
46
44
48
44
42
42
40
38
38
36
46
48
42
42
38
38
42
46
38
38
42
42
40
36
44
42
40
36
40
38
36
40
38
42
44
38
40
44
44
40
36
30
36
40
36
40
40
46
34
36
34
50
68
46
42
32
32
32
26
28
28
28
30
30
24
