100
100
98
100
98
104
104
100
104
102
102
100
98
98
104
100
102
104
100
104
104
104
100
102
106
108
110
110
108
106
104
104
102
102
102
104
102
102
102
98
98
98
94
90
92
90
90
90
86
92
92
92
88
86
84
74
88
84
82
90
96
82
82
0
0
0
0
0
0
0
0
0
0
0
0
0
0
0
0
0
0
0
0
0
0
0
0
0
0
0
0
0
0
0
0
0
0
0
0
0
0
0
0
0
0
0
0
0
0
0
0
0
0
0
0
0
0
0
0
0
0
0
0
0
0
0
0
0
0
0
0
0
0
0
0
0
0
0
0
0
0
0
0
0
0
0
0
0
0
0
0
0
0
0
0
0
0
0
0
0
0
0
0
0
0
0
0
0
0
0
42
104
104
98
98
100
96
102
110
108
96
98
104
104
100
100
100
98
98
100
104
102
98
100
106
106
110
110
108
108
110
110
108
112
108
108
110
106
116
108
112
114
116
112
118
118
120
116
116
116
120
122
124
120
124
124
124
124
120
116
116
116
112
112
112
116
120
130
120
112
116
122
128
120
114
114
116
120
120
116
118
118
114
118
116
116
120
120
114
120
114
114
114
112
118
120
120
118
118
118
114
114
114
112
114
112
104
102
98
100
100
104
102
98
100
102
100
100
