112
108
110
108
106
108
106
112
108
110
110
110
108
110
110
114
118
114
114
108
110
108
112
110
112
110
112
116
114
116
110
114
112
112
110
110
110
106
108
106
108
106
106
102
106
100
98
98
96
102
102
104
94
92
94
84
98
90
88
96
104
90
90
82
86
82
76
74
70
70
70
70
74
66
66
62
62
58
58
54
62
54
50
48
48
46
44
44
40
40
42
42
36
38
36
36
36
0
0
0
0
0
0
0
0
0
0
0
0
0
0
0
0
0
0
0
0
0
0
0
0
0
0
0
0
0
0
0
0
20
40
38
36
38
42
44
44
42
46
50
50
54
54
56
56
58
62
66
66
66
66
70
74
76
76
78
80
80
82
84
88
90
92
92
96
94
96
100
98
96
100
100
106
98
100
100
104
108
106
104
102
106
110
108
108
108
106
108
110
106
112
108
106
108
108
110
110
110
110
108
110
112
110
106
108
110
112
114
114
116
112
120
120
118
120
122
118
116
116
118
122
122
124
122
120
124
124
120
122
124
122
126
124
124
128
126
128
128
128
130
124
128
126
130
132
126
128
128
130
130
128
128
128
132
126
128
130
128
128
130
126
128
128
126
128
130
128
130
130
128
128
126
126
126
124
124
118
116
114
116
118
118
116
112
114
116
118
112
