88
88
94
96
98
96
92
94
94
94
106
106
102
90
92
94
94
94
94
94
94
94
96
96
94
94
94
92
94
96
96
98
94
96
86
90
88
88
88
90
94
94
82
82
80
76
76
72
72
72
70
70
68
66
66
60
64
62
62
64
64
60
60
58
62
56
60
56
50
52
54
54
54
52
52
52
52
50
50
52
54
50
48
50
50
50
50
50
46
46
44
44
44
42
42
40
42
42
42
40
42
42
40
36
38
38
40
40
40
40
40
40
42
40
40
42
42
40
40
42
42
40
44
44
44
44
44
44
46
46
48
50
52
50
54
54
54
58
60
64
58
60
68
70
72
72
74
76
82
80
82
82
84
82
86
86
86
88
90
94
98
106
102
110
110
112
122
122
122
130
128
98
102
108
102
106
102
110
114
110
114
112
118
112
116
118
118
122
116
122
120
122
122
118
120
124
128
124
122
122
124
128
132
124
126
128
128
126
128
130
126
126
130
132
132
130
130
120
130
122
126
126
128
128
130
132
130
128
126
128
132
134
136
138
138
140
138
140
140
138
138
144
0
138
134
134
132
128
124
116
128
132
126
124
122
122
124
124
120
124
122
120
122
122
118
114
114
110
114
112
104
104
104
108
104
106
100
102
104
102
102
102
100
100
102
98
94
98
