60
52
52
56
56
54
56
48
54
60
54
54
46
50
48
56
64
56
58
58
64
60
62
58
68
60
56
56
60
58
68
68
68
68
60
60
60
62
66
76
72
68
66
66
60
64
62
58
62
64
64
60
62
60
52
58
56
40
36
38
52
60
60
56
52
54
52
56
56
50
50
52
44
54
52
50
50
52
50
46
46
46
50
48
44
46
50
50
50
56
56
56
60
60
54
58
56
52
58
50
54
52
50
54
56
58
68
64
62
62
62
54
54
50
56
52
52
60
60
58
60
62
60
64
66
56
60
62
60
62
60
54
60
64
70
58
58
66
58
62
64
66
64
58
62
66
76
62
62
62
58
58
62
60
60
62
62
64
66
64
62
66
70
66
66
76
76
66
62
64
66
66
64
62
70
66
72
78
70
68
68
72
86
74
74
72
76
72
74
78
88
92
82
84
82
82
80
80
88
84
84
96
90
86
78
82
78
88
76
84
82
80
84
84
78
72
64
68
76
78
90
80
78
86
86
86
92
94
92
80
84
84
96
92
96
90
96
88
98
92
88
86
72
76
78
86
88
88
80
76
78
94
86
88
90
94
90
86
78
80
88
74
72
78
62
72
66
68
60
56
56
58
52
48
62
52
62
64
62
60
58
60
52
50
54
46
50
48
