14
22
18
14
14
12
12
16
12
14
14
12
22
12
10
14
12
10
12
12
12
14
12
14
12
12
12
10
12
14
10
16
10
12
12
12
12
10
12
12
10
10
10
8
8
8
8
8
8
8
10
8
8
6
6
8
6
6
6
6
6
6
6
6
6
6
8
10
10
6
6
4
4
6
6
6
6
6
6
6
6
6
6
6
6
6
6
6
6
6
6
8
6
6
8
8
10
8
8
10
10
10
10
10
10
10
10
10
12
10
10
10
18
12
12
14
12
14
14
12
10
10
10
10
12
12
12
10
10
10
10
10
10
10
12
12
10
12
10
10
12
10
12
12
12
12
12
12
10
12
12
12
12
12
14
14
12
14
14
16
16
18
16
18
16
16
18
16
18
16
18
18
18
16
18
20
16
18
18
20
20
18
18
22
22
22
20
20
20
18
20
20
20
20
18
18
18
20
20
20
20
20
18
20
20
20
20
18
18
22
24
20
22
22
22
22
28
18
20
20
22
22
20
20
20
22
20
22
22
20
20
24
20
20
26
20
18
24
20
22
28
18
18
18
18
20
20
18
24
18
20
18
18
18
20
20
18
18
18
20
20
24
20
18
18
20
18
20
30
20
22
18
18
20
20
18
24
16
14
16
18
22
20
18
24
16
20
20
