16
14
16
16
14
14
14
14
14
14
14
14
16
14
14
14
14
14
14
14
14
14
14
16
14
14
12
12
12
14
12
14
12
14
12
12
12
12
12
14
12
12
12
10
10
10
10
10
10
10
10
8
8
8
8
8
8
8
8
8
8
8
8
8
8
8
8
8
8
8
8
6
6
6
8
8
6
8
8
6
8
6
8
8
8
8
8
8
8
8
10
10
8
8
10
10
12
10
12
12
12
12
14
14
14
14
14
14
16
14
14
14
14
14
16
16
16
16
16
14
14
14
14
14
14
16
16
16
16
16
16
16
16
14
16
14
16
16
14
14
16
14
14
14
16
16
16
16
14
14
14
14
16
16
16
16
16
18
18
18
18
18
18
20
18
20
20
20
20
20
20
20
22
20
22
22
20
22
22
22
20
20
22
22
20
22
22
22
22
22
22
22
22
22
24
24
22
22
22
22
24
22
24
24
22
22
22
22
22
24
22
22
22
22
20
24
24
22
22
24
24
24
22
24
24
24
24
22
22
22
20
16
16
16
16
50
22
24
22
22
22
22
24
24
22
24
24
22
24
22
22
22
20
20
22
22
22
20
20
24
24
26
22
22
20
20
20
22
22
24
20
22
20
18
20
18
20
16
16
18
22
20
24
20
20
18
20
20
