70
62
64
64
68
68
66
76
70
74
64
70
68
64
66
60
64
64
62
68
68
80
74
68
68
64
68
66
62
66
68
64
60
66
60
54
54
56
52
56
58
50
52
52
46
52
44
44
40
40
46
44
36
36
34
32
32
38
28
32
28
26
28
28
30
28
24
22
24
32
22
22
22
20
20
20
18
18
20
20
20
24
18
18
18
20
16
16
14
18
20
18
16
26
18
20
18
16
16
16
16
18
16
18
16
22
16
18
24
18
18
20
18
18
18
18
18
24
20
16
20
20
20
22
18
16
22
20
26
30
22
24
28
24
26
26
26
28
28
28
32
38
32
32
30
34
36
36
32
36
36
40
40
46
40
42
40
44
40
44
74
88
90
88
96
102
94
106
108
120
114
108
102
110
108
110
114
120
110
122
116
118
120
116
122
116
118
108
102
118
122
116
116
118
114
116
126
126
134
132
146
136
132
130
138
128
128
140
138
140
150
146
152
148
146
144
144
134
184
176
168
170
168
174
170
182
174
156
162
162
162
160
128
124
126
126
122
128
120
122
120
124
120
120
128
136
126
140
128
134
136
126
124
140
140
130
136
136
132
132
146
146
150
156
148
158
154
164
162
168
168
170
166
178
180
178
184
184
200
204
196
200
202
198
204
216
212
216
