6
4
4
4
4
4
4
24
76
66
132
80
84
60
6
4
4
4
4
4
4
70
92
100
56
60
84
10
6
4
4
4
4
4
4
38
72
154
88
74
60
24
6
4
4
4
4
4
4
14
68
106
148
120
52
10
6
4
4
4
4
4
4
4
96
160
108
104
112
64
6
4
4
4
24
4
4
4
4
4
4
44
82
138
64
112
68
22
6
4
4
4
50
86
144
100
102
78
6
4
4
4
4
4
4
24
48
110
106
104
82
76
6
4
4
4
4
4
4
50
92
174
44
52
14
8
4
4
4
4
4
4
4
16
6
6
4
4
4
6
4
4
4
4
12
4
4
4
4
4
4
4
4
4
4
4
4
4
4
4
2
4
4
28
36
66
76
40
64
48
4
4
4
4
4
4
4
74
156
102
162
24
4
4
4
4
4
2
4
2
4
26
46
102
98
78
48
8
4
4
4
4
4
4
4
4
38
74
114
102
124
16
6
4
4
4
4
4
4
4
14
68
124
140
96
64
64
26
6
4
4
4
4
4
4
4
4
64
142
70
140
112
106
120
32
52
16
6
4
4
26
4
4
4
4
4
82
176
68
114
118
90
126
122
78
8
4
4
28
4
4
4
4
68
96
104
158
142
72
80
132
130
38
6
6
4
4
4
