14
14
14
12
22
14
16
16
22
24
14
14
16
16
18
22
16
14
14
36
12
58
20
14
14
20
22
18
10
20
14
16
20
16
16
14
16
16
14
26
14
20
22
16
16
16
16
14
14
22
16
16
14
12
20
20
16
22
18
16
18
16
16
24
28
12
12
12
12
14
30
16
14
14
18
18
16
16
14
34
16
14
12
32
24
12
12
14
14
12
16
56
58
92
68
48
48
24
22
48
42
30
46
48
36
50
26
26
52
26
32
64
46
52
54
40
42
46
30
32
44
54
32
42
26
38
30
24
32
36
30
26
76
34
32
44
24
60
28
24
50
22
18
52
24
20
52
34
28
54
30
30
50
26
56
56
20
22
20
18
40
34
30
56
36
26
32
48
52
26
50
20
28
52
28
30
48
22
34
52
34
36
96
28
26
44
26
28
62
22
32
50
68
36
52
38
46
36
22
32
42
46
26
36
24
36
72
24
44
32
30
44
26
28
32
38
30
44
40
42
62
28
36
84
30
38
36
34
34
44
30
42
28
22
44
28
18
46
30
46
62
44
40
66
30
50
52
30
38
60
52
36
46
24
38
38
28
44
38
24
50
40
26
38
40
32
68
36
46
46
46
24
26
34
18
30
46
28
32
48
30
34
48
24
36
34
26
34
