98
64
100
122
94
134
148
48
58
54
56
58
98
116
74
68
66
68
82
110
172
48
78
102
158
130
204
78
154
126
128
158
216
50
54
64
114
80
156
58
122
124
60
114
104
56
58
98
130
98
96
84
86
90
108
82
212
74
66
56
60
84
62
68
78
64
94
98
98
60
60
66
58
70
54
80
82
62
62
66
118
82
66
58
90
108
76
68
60
78
78
90
88
112
84
82
154
98
72
80
84
94
108
70
74
94
102
96
136
108
118
134
94
122
122
128
106
108
106
124
126
132
154
166
190
198
154
154
194
216
224
204
224
204
160
134
116
132
142
128
114
146
132
138
150
160
150
178
158
168
188
172
164
192
168
194
184
212
196
166
192
196
242
152
114
160
142
152
154
154
168
218
216
66
46
74
192
170
170
202
150
216
216
144
166
168
186
142
138
146
148
134
136
178
150
140
182
142
150
186
136
154
142
170
230
152
178
280
108
118
110
116
158
158
122
166
148
152
270
98
224
128
188
160
144
184
210
206
96
110
84
98
144
160
144
116
96
112
138
108
90
146
94
120
104
112
166
166
120
116
152
160
120
176
224
172
96
186
86
228
98
134
166
118
106
120
120
128
226
284
192
80
100
122
224
154
188
152
122
112
184
236
116
120
106
104
90
118
