6
4
2
2
2
4
4
36
78
82
108
56
76
80
6
4
4
4
4
4
4
60
80
172
50
94
98
6
4
4
22
4
4
4
4
22
90
92
80
82
42
6
4
4
4
4
30
4
4
4
64
150
98
128
114
40
4
4
2
2
4
4
2
4
76
162
130
90
88
52
4
4
2
2
2
2
2
4
2
4
4
12
72
92
96
114
28
6
4
4
4
4
16
112
114
116
84
20
6
4
4
4
4
4
4
4
10
76
136
108
84
20
6
4
4
4
4
4
4
16
82
112
104
64
30
16
16
4
4
4
4
4
4
16
28
4
4
4
4
4
4
4
2
2
12
10
2
2
2
2
2
2
2
2
2
2
2
2
2
2
2
2
2
16
74
48
90
50
92
38
4
4
2
4
2
4
4
132
116
158
138
22
4
4
4
4
2
4
4
4
2
44
70
44
78
94
30
8
4
4
4
4
4
4
4
4
96
122
118
102
116
38
10
4
2
2
2
2
2
4
4
100
72
70
116
170
64
12
6
4
4
4
4
4
4
4
4
32
152
156
114
90
108
132
22
10
16
4
4
4
4
4
4
4
4
4
34
182
144
78
100
136
136
114
42
8
4
4
4
4
4
4
4
36
140
84
106
84
130
130
130
100
36
6
4
4
4
4
