8
4
20
2
2
2
2
6
124
90
102
138
88
46
4
4
2
2
2
2
4
60
86
102
96
100
42
4
4
2
2
4
4
4
2
12
124
76
122
98
90
14
4
4
4
22
4
4
4
4
90
46
168
64
52
8
4
4
2
2
2
4
2
18
60
110
94
58
62
18
4
4
4
4
4
2
2
4
2
2
4
24
106
116
84
74
54
6
12
20
4
4
40
70
118
76
118
42
6
30
4
4
4
4
4
4
12
78
82
92
120
38
4
4
4
4
4
4
4
14
70
98
60
50
10
4
4
4
4
4
28
4
4
16
6
4
4
4
4
4
2
2
2
2
6
4
2
2
2
2
2
2
2
2
2
2
2
2
2
2
2
2
2
24
40
74
28
42
128
62
4
4
2
2
2
2
4
154
122
52
126
18
4
4
2
2
2
2
2
2
2
30
66
96
130
70
48
6
4
4
4
4
2
2
4
4
44
44
106
110
102
44
28
4
4
4
4
4
4
4
4
92
78
78
128
168
114
88
40
4
4
2
2
2
2
2
2
48
98
90
120
142
154
130
92
58
14
4
4
4
4
4
4
4
2
2
68
76
124
130
104
156
100
60
18
6
4
4
4
4
4
4
4
72
82
60
88
82
96
134
104
84
54
12
4
4
4
4
