8
4
4
4
4
4
4
12
78
86
76
146
138
72
28
4
2
2
2
2
4
38
98
90
112
78
28
4
4
4
2
2
2
2
2
24
64
168
100
88
44
22
4
2
2
4
2
2
2
4
80
198
78
62
90
18
4
4
4
28
28
4
4
2
36
104
96
76
62
48
4
4
4
2
4
2
2
4
2
2
2
12
92
116
76
96
36
4
4
4
4
4
12
118
154
64
60
42
4
4
4
4
2
4
2
2
10
66
90
136
148
44
8
4
4
2
4
4
4
10
86
76
70
92
46
6
4
4
4
4
4
4
4
14
4
4
4
4
4
4
4
2
2
2
10
2
2
2
2
2
2
2
2
2
2
2
4
4
4
2
2
2
2
4
36
12
36
56
66
48
4
4
4
2
2
2
4
58
108
184
146
26
4
4
2
4
2
2
2
2
2
16
74
52
88
80
38
8
4
4
4
4
4
2
4
4
24
132
86
108
90
96
10
4
4
2
4
4
4
2
4
54
112
130
138
108
94
14
6
4
4
2
4
4
2
2
2
30
82
76
106
62
88
184
28
12
16
6
4
4
4
4
4
4
4
4
40
114
136
112
124
106
104
108
18
32
4
4
4
4
4
4
4
62
90
96
66
54
72
66
70
80
44
6
4
4
4
4
