154
184
78
134
166
148
118
170
180
142
138
206
176
204
206
236
130
94
86
142
38
98
154
180
152
82
86
156
80
90
118
116
170
270
296
302
186
266
270
136
258
252
314
158
170
228
250
266
280
246
246
246
282
198
358
256
160
180
166
264
272
202
222
214
228
188
240
278
212
220
268
280
252
266
248
280
268
286
314
326
340
246
196
272
218
170
282
400
300
254
116
212
186
248
256
296
148
144
158
192
200
238
246
238
232
172
184
148
172
134
170
212
184
180
194
176
128
156
192
132
134
200
188
256
158
194
118
140
160
156
166
140
154
132
104
160
152
114
178
150
148
150
146
220
270
262
94
144
150
146
142
102
150
130
170
154
226
234
174
112
112
150
84
84
112
104
108
162
250
66
56
112
266
142
116
158
60
166
102
112
130
176
286
158
144
114
122
84
120
152
168
144
142
142
112
184
176
224
178
192
118
164
226
130
210
184
194
260
186
168
52
90
206
262
362
370
262
228
146
116
166
146
202
238
196
152
178
188
214
214
162
214
248
184
168
210
166
80
164
220
226
192
98
132
224
180
94
128
112
150
194
78
126
176
188
172
168
180
176
214
180
116
108
230
252
216
214
262
186
106
140
124
140
162
148
196
172
230
212
156
138
98
132
196
194
142
124
122
