170
168
182
148
210
198
156
130
148
152
134
86
76
90
130
190
124
122
120
132
180
208
322
108
54
90
212
148
110
64
44
64
64
176
250
236
268
192
164
170
222
190
254
296
236
300
290
232
220
132
98
100
138
158
292
270
188
204
214
182
174
146
188
226
192
240
214
192
244
268
280
276
298
280
274
238
230
190
220
190
240
164
156
262
238
230
178
188
200
170
202
182
146
178
158
186
212
214
82
132
172
166
178
148
146
214
202
138
172
150
134
136
158
134
196
138
216
154
184
136
114
116
254
96
124
108
130
124
104
86
182
136
156
148
158
218
142
144
172
182
100
140
116
100
188
214
238
240
168
188
178
156
102
76
124
72
104
82
82
90
112
108
70
96
106
124
124
106
104
74
110
100
124
140
144
158
116
94
136
146
272
92
108
186
182
208
218
182
180
162
116
134
76
92
118
106
122
110
154
150
194
158
120
134
104
138
130
112
150
154
150
156
148
214
248
266
254
200
140
144
126
124
118
140
150
144
228
156
152
172
166
146
160
164
180
148
160
144
188
248
142
152
150
124
112
208
156
202
148
120
120
132
120
166
174
176
122
126
116
146
196
160
160
164
160
156
140
180
96
132
142
168
146
130
122
184
156
124
124
168
184
116
118
150
182
192
216
128
