122
146
182
112
134
136
180
166
250
158
92
96
102
112
82
110
90
112
82
130
50
44
112
46
62
58
58
72
68
80
68
66
102
92
162
162
102
146
150
224
214
190
192
236
164
204
178
176
164
184
154
150
168
210
204
234
196
172
194
204
184
166
262
320
226
164
170
190
230
192
188
196
192
188
158
152
188
248
212
164
168
178
208
216
60
0
136
156
0
186
120
148
168
166
214
278
238
226
242
220
216
162
162
162
212
180
212
256
226
138
156
176
232
236
192
190
206
260
204
176
244
180
142
198
206
120
110
96
114
168
184
240
228
156
122
156
154
132
144
162
160
188
138
128
180
202
258
248
122
162
172
120
186
168
152
140
128
162
156
158
192
226
238
136
136
110
118
106
110
106
116
170
240
194
136
144
142
144
166
210
266
328
294
136
120
208
250
104
114
82
164
172
182
164
174
184
118
212
100
200
192
202
112
108
96
74
118
212
122
130
154
164
166
232
222
324
298
272
252
178
232
324
242
162
220
206
226
232
232
260
248
206
284
276
230
226
188
180
168
188
190
244
198
166
138
142
168
146
140
200
110
126
126
162
160
168
136
90
132
150
210
164
160
220
192
220
150
60
116
132
104
206
322
208
164
104
114
104
140
132
230
106
282
210
286
190
148
86
