294
184
172
166
226
226
188
180
172
182
178
154
178
154
128
110
118
108
112
146
136
116
122
152
96
124
164
124
116
134
156
40
208
176
234
252
112
142
138
178
216
224
174
170
312
268
266
262
236
222
202
184
216
194
238
300
202
214
188
194
168
208
274
270
206
216
178
174
212
204
236
294
328
274
318
364
368
250
310
272
262
300
276
266
240
194
240
182
230
258
200
198
242
184
224
216
150
200
158
224
210
188
192
206
206
262
204
226
118
172
174
194
142
130
192
404
224
288
266
260
192
168
158
188
220
242
148
176
178
182
138
122
174
172
148
186
212
144
158
180
160
184
140
112
194
160
340
256
122
182
144
198
148
66
248
148
158
158
116
140
148
150
162
116
118
148
72
118
72
76
118
130
212
190
94
142
178
74
128
126
134
126
230
182
156
162
160
108
186
198
112
122
112
104
122
200
154
190
82
118
228
220
252
222
86
158
66
130
118
180
144
76
122
210
278
268
254
158
176
144
192
258
142
134
244
348
448
402
216
162
186
116
240
394
168
146
224
140
202
214
224
180
196
100
146
166
156
212
122
138
140
192
182
170
148
156
184
190
184
210
252
164
194
146
144
138
120
98
104
222
270
214
130
162
204
272
194
138
216
148
124
228
186
132
164
174
168
136
