72
80
74
74
74
94
102
72
72
66
84
90
86
84
84
80
82
72
74
82
80
86
80
76
76
86
76
86
72
74
72
70
64
66
66
70
66
58
58
60
80
60
60
58
60
58
70
58
70
60
54
62
60
54
50
52
92
44
38
46
36
36
36
36
36
34
34
32
32
34
34
36
34
34
30
34
26
28
28
30
30
32
36
38
30
28
28
30
28
26
26
26
52
30
30
28
28
28
26
26
32
32
28
28
26
28
34
34
64
44
36
30
28
26
26
30
28
28
28
28
28
28
28
32
54
28
28
32
34
34
40
34
30
30
32
52
38
46
32
34
32
32
32
32
34
44
38
40
40
40
38
38
38
40
40
40
42
42
46
42
72
60
60
62
72
78
72
80
74
76
78
82
80
82
82
84
84
84
96
96
100
102
104
100
98
102
102
130
126
128
128
120
124
144
132
132
140
138
140
146
132
122
110
128
122
140
112
116
122
124
124
126
134
120
150
130
122
120
176
168
160
158
164
156
160
168
150
164
180
186
188
204
140
126
164
130
138
150
144
150
150
144
148
146
156
156
124
124
130
140
140
150
142
130
122
120
122
148
138
122
116
120
120
120
116
118
120
162
138
136
146
146
164
146
148
154
150
166
150
150
150
166
154
148
154
158
162
150
