106
122
94
100
96
106
98
96
102
98
96
98
102
116
92
98
94
94
94
96
100
102
98
90
90
92
90
126
90
104
102
84
82
86
78
108
74
72
78
76
74
70
68
66
70
66
72
66
72
68
62
64
60
60
52
66
46
50
48
56
46
46
42
40
40
44
42
38
70
38
36
38
36
36
34
34
32
32
32
32
34
30
36
36
32
30
32
32
28
34
32
30
30
28
28
34
28
28
26
30
40
28
32
38
48
30
28
26
36
28
26
40
30
30
40
30
32
32
32
36
32
42
34
36
36
38
36
40
38
40
40
40
40
42
46
44
42
46
48
48
56
44
48
50
56
54
56
56
62
54
56
66
56
56
58
58
64
62
72
70
90
100
118
100
102
108
110
112
112
128
110
106
106
128
112
116
110
118
126
118
152
130
116
116
126
132
142
128
126
126
134
130
132
140
136
134
134
140
144
146
142
162
144
146
152
150
152
158
162
156
160
168
176
166
162
176
174
168
220
232
230
228
226
232
228
250
220
230
218
224
232
212
156
174
132
132
142
122
126
132
134
134
142
138
146
140
144
148
150
152
154
158
164
140
150
146
158
154
160
164
166
162
164
160
166
156
150
170
176
188
178
190
190
196
198
196
210
214
230
212
220
222
220
214
214
208
204
212
