80
70
80
78
84
78
78
84
78
78
86
74
74
78
76
80
76
86
82
78
82
82
86
74
78
74
82
82
88
74
70
70
68
68
66
64
66
74
64
70
64
56
56
54
56
58
56
60
56
52
50
56
60
68
52
46
54
44
44
66
46
44
44
42
44
44
42
42
42
42
60
40
42
40
34
36
36
32
36
36
38
34
50
38
44
32
34
32
36
32
34
36
32
34
32
34
32
32
34
34
104
34
32
32
30
28
30
30
50
44
34
56
34
28
30
28
30
30
30
32
34
34
32
34
36
36
36
34
36
32
34
34
36
38
54
36
36
36
36
38
36
40
40
38
42
42
42
44
44
46
44
46
44
44
46
44
48
52
44
46
60
66
64
66
74
72
76
72
72
74
74
74
76
80
86
78
86
92
94
88
90
110
90
98
86
90
94
92
96
102
92
90
100
116
154
100
102
104
116
108
118
110
118
106
126
116
110
118
116
116
120
124
124
126
126
114
124
106
144
144
152
162
146
180
170
166
156
148
156
150
148
144
112
110
108
112
112
110
106
110
110
110
108
114
108
114
108
106
118
116
116
120
114
122
130
118
116
116
118
124
116
118
120
112
116
116
112
154
128
138
132
134
138
150
142
146
158
168
146
152
156
160
166
154
152
152
156
156
