84
86
90
88
84
100
94
84
86
86
108
84
86
84
86
84
82
78
80
84
86
92
84
88
90
72
86
80
80
80
74
74
70
70
66
64
62
64
60
64
64
58
60
58
58
56
62
56
58
60
52
56
88
68
52
48
46
48
46
80
48
44
44
46
40
38
38
36
36
34
32
36
36
32
32
36
34
32
32
40
32
30
62
42
32
30
30
30
32
28
30
30
30
32
30
30
28
30
30
30
86
54
32
28
36
34
30
36
64
36
30
28
28
28
30
28
28
48
30
36
34
30
30
30
34
32
34
34
34
46
36
36
36
42
38
40
38
38
40
40
40
44
40
40
40
42
42
42
54
60
46
42
42
42
42
42
46
46
44
64
68
86
70
70
72
74
84
76
80
82
86
88
88
88
92
92
88
88
94
120
88
90
92
94
94
92
92
126
112
116
108
110
118
156
130
122
120
124
134
128
132
124
122
124
178
138
132
142
134
138
136
138
138
136
142
132
134
130
182
202
184
186
186
184
180
228
182
168
174
176
178
164
120
120
116
116
114
124
110
108
114
114
112
120
112
114
118
120
118
120
156
140
126
134
126
132
128
130
128
130
126
134
132
140
128
124
124
190
142
146
152
156
176
164
164
164
174
210
172
176
180
178
188
170
174
178
176
184
