90
102
98
102
96
94
94
104
96
100
98
100
90
96
92
96
90
90
98
90
104
94
88
86
86
84
94
90
88
82
82
80
78
110
72
78
66
66
70
64
66
80
74
62
66
68
88
62
74
66
56
54
52
56
50
46
46
46
48
46
44
46
42
44
40
40
40
38
46
44
36
38
36
36
38
36
36
34
38
30
32
32
50
30
30
30
30
28
28
28
28
28
30
28
26
28
26
34
70
32
30
28
32
30
34
40
36
34
44
44
34
86
42
40
46
46
30
30
30
30
32
32
38
32
32
30
32
38
30
38
34
38
40
34
34
60
38
36
74
38
40
40
42
44
48
48
58
54
54
54
60
46
50
50
54
54
76
74
60
66
84
90
96
98
94
100
94
98
114
106
104
108
108
104
106
114
116
120
122
110
132
106
110
124
120
106
108
110
118
114
112
106
116
122
126
112
118
118
130
128
130
132
138
140
142
144
140
134
142
144
144
150
156
168
160
146
144
150
214
206
212
200
192
190
192
214
188
198
204
194
198
194
142
132
134
152
142
136
134
142
152
140
146
160
144
154
152
154
168
162
162
162
164
164
170
158
162
166
162
166
194
176
172
156
168
158
170
178
212
180
192
192
200
200
210
204
220
212
210
216
226
220
216
212
214
230
214
222
