68
68
70
82
72
78
78
76
70
70
68
74
66
70
76
72
78
72
64
70
72
80
74
70
70
74
70
80
72
66
68
78
84
68
58
60
58
58
60
82
58
52
54
54
58
58
48
44
54
78
48
52
54
92
52
42
44
46
38
52
38
36
36
36
36
34
36
34
34
36
34
34
36
34
34
36
34
34
34
68
34
34
46
36
34
30
32
32
32
32
32
32
30
50
32
32
36
34
32
34
56
60
44
28
26
46
28
34
58
36
28
52
28
26
28
60
30
40
28
30
30
32
30
32
30
30
32
32
30
34
36
36
38
38
34
36
36
36
38
36
40
44
60
52
38
38
38
40
40
62
50
42
42
46
44
46
42
40
42
64
56
64
64
64
92
80
76
78
70
94
120
114
110
92
86
78
80
82
86
80
82
84
90
92
106
92
92
114
122
88
88
100
96
118
114
94
106
106
110
108
110
118
122
108
130
106
102
104
106
130
116
118
114
118
122
108
108
120
152
142
140
158
144
148
156
176
150
142
154
142
142
134
106
108
118
102
102
110
102
108
100
96
100
102
104
104
114
112
116
142
106
114
108
116
130
118
116
110
110
106
144
112
114
128
106
108
116
130
140
134
124
152
126
132
140
142
154
162
150
146
152
152
158
158
156
146
148
146
