90
92
88
92
90
102
92
92
86
116
82
90
84
88
86
90
86
90
90
96
96
92
92
86
92
86
86
88
84
82
82
84
82
74
74
74
68
66
72
72
68
62
62
66
62
62
64
66
70
64
54
52
56
64
50
48
48
56
48
64
44
46
54
38
40
38
38
38
38
36
40
36
32
32
32
32
32
30
30
54
32
30
38
32
30
28
30
34
28
28
26
26
26
26
26
26
26
26
26
30
58
28
28
36
30
28
30
40
36
30
26
26
26
24
26
26
26
26
26
28
28
30
30
30
30
30
42
40
34
34
34
38
32
32
34
40
36
38
38
64
42
34
36
36
42
36
38
40
40
54
54
42
44
56
44
42
56
48
50
50
74
78
80
80
88
88
82
84
100
84
88
84
88
102
86
92
86
126
104
102
122
124
130
128
124
132
142
116
104
104
104
102
116
118
136
124
120
122
132
126
136
138
158
158
160
156
158
168
158
168
166
162
172
174
180
174
172
162
216
220
224
230
226
214
224
210
202
210
234
222
218
214
144
152
140
150
138
154
176
108
112
120
122
128
124
128
126
134
132
132
138
136
180
130
114
126
118
156
140
144
134
134
148
134
138
126
128
152
152
152
158
158
172
176
168
180
182
176
186
180
180
224
202
182
180
180
190
182
