114
106
108
112
154
108
104
132
102
108
100
98
100
100
104
100
100
96
108
114
98
96
96
92
90
96
98
100
98
94
90
92
90
84
80
76
74
78
72
74
78
78
70
78
68
74
74
74
72
64
68
64
60
58
62
54
52
54
52
48
50
46
116
98
60
40
42
40
40
44
44
46
46
38
38
42
36
32
32
56
52
30
34
28
30
30
30
30
28
28
28
28
28
30
28
28
30
28
28
28
36
28
30
32
34
36
34
36
34
42
40
30
28
28
30
34
28
30
30
30
36
32
32
32
34
36
34
36
36
40
42
34
38
36
36
36
36
36
40
38
40
42
44
42
46
46
60
50
50
54
48
50
52
52
54
52
60
56
64
60
82
98
106
104
104
106
100
102
112
114
120
126
114
116
116
124
126
128
164
120
124
126
128
130
138
134
138
130
140
134
166
134
144
140
138
142
140
146
150
144
148
186
156
160
154
154
160
166
180
178
182
180
182
172
180
168
168
164
228
236
232
230
232
236
228
226
222
220
224
230
232
216
158
154
148
146
148
152
146
152
146
152
150
148
154
170
172
182
178
164
172
166
162
154
156
156
164
158
154
166
164
156
158
150
160
162
154
170
174
188
192
192
196
202
222
210
216
212
216
220
212
226
230
224
218
218
214
220
