96
94
98
114
96
96
102
104
112
98
96
96
108
94
100
102
108
92
104
130
128
98
104
90
94
92
106
92
90
100
86
92
92
80
80
80
76
76
76
72
80
66
80
72
62
72
76
68
74
68
68
68
64
58
54
54
52
56
60
56
52
58
48
46
56
42
46
42
42
42
38
40
42
42
40
40
38
38
36
36
36
36
50
38
34
34
38
34
32
30
34
30
32
32
30
32
32
32
32
32
82
32
30
32
38
32
36
36
70
38
44
32
32
30
30
30
46
34
98
30
40
30
30
32
34
34
34
34
34
42
34
40
36
34
38
40
38
38
42
42
42
44
44
52
48
50
54
44
44
46
46
50
66
54
58
64
68
62
70
60
84
106
102
104
110
112
100
98
104
108
106
122
118
110
124
112
120
134
144
134
130
144
136
150
134
148
136
150
150
158
144
146
146
190
164
144
150
164
170
244
170
172
196
190
164
166
172
194
170
180
184
168
168
160
166
150
150
150
218
220
226
222
210
210
220
220
216
232
226
216
230
202
144
172
142
144
154
148
142
142
150
168
142
156
154
144
150
152
176
182
190
182
174
174
176
170
172
182
176
180
178
186
186
172
176
184
176
190
182
184
184
190
196
206
196
190
206
196
216
214
228
214
216
202
214
210
212
228
