84
84
84
106
102
92
84
100
88
88
86
90
84
80
86
90
108
100
78
80
94
86
82
90
78
74
84
88
84
82
78
78
84
72
72
68
64
70
90
76
66
68
62
68
66
60
62
54
58
66
52
56
56
68
46
46
46
48
48
56
42
38
38
36
36
38
34
38
38
38
38
60
38
36
36
36
38
34
40
34
40
36
48
34
30
30
30
28
28
26
26
28
30
46
28
28
28
28
30
28
60
32
30
30
34
30
30
28
46
36
32
30
28
36
28
28
28
28
30
28
30
30
30
32
56
56
30
32
34
34
38
34
32
34
58
42
36
42
46
42
36
46
44
40
48
46
50
50
50
54
54
54
52
52
56
56
58
56
98
48
62
72
72
80
76
84
78
88
90
80
82
84
92
84
82
92
94
124
126
104
90
94
96
96
98
98
102
90
100
98
100
102
116
100
128
114
106
114
116
114
112
124
116
122
130
116
116
124
122
132
122
126
126
124
132
128
140
132
172
172
164
160
158
164
162
178
164
156
162
160
160
152
116
106
108
114
116
124
124
112
114
146
120
120
122
124
126
134
130
132
134
132
132
118
124
124
118
130
124
138
122
134
148
124
132
132
126
158
152
154
152
194
166
162
162
164
174
172
164
166
180
156
168
176
158
164
172
194
