90
98
86
92
92
100
96
96
100
90
96
96
94
104
92
92
94
90
90
98
88
90
90
94
86
88
90
94
84
92
78
80
78
88
80
76
72
82
74
84
78
74
80
70
70
68
64
64
76
64
54
58
70
72
60
52
52
52
64
72
54
62
52
48
44
46
50
46
40
40
44
48
48
44
44
106
44
46
44
42
44
40
66
46
46
44
46
50
42
40
42
40
40
42
40
42
38
42
32
32
62
32
30
32
34
34
36
38
52
34
44
42
30
32
32
38
30
32
30
32
32
32
40
34
34
72
40
36
36
38
38
38
38
58
40
40
38
42
42
40
44
44
40
42
44
42
50
46
46
46
46
48
52
48
76
88
70
62
64
62
86
98
112
98
100
102
104
110
112
110
112
114
124
110
106
144
132
126
132
122
132
142
140
144
148
150
154
148
162
164
142
134
144
174
168
146
146
146
150
152
156
156
170
150
150
138
144
142
150
156
156
158
162
156
164
170
180
152
224
226
222
220
218
220
224
250
224
210
198
198
198
186
140
136
180
134
136
160
150
150
142
142
148
174
124
158
138
130
126
126
132
138
136
134
128
132
118
126
130
134
132
132
128
132
144
146
146
174
154
166
170
184
176
182
202
190
212
202
196
192
206
218
220
210
206
204
206
206
