32
30
34
30
32
30
30
30
32
30
32
30
30
32
30
30
28
30
28
32
34
34
34
30
32
28
30
32
32
32
32
32
30
30
30
34
30
32
32
34
32
34
34
34
32
32
32
34
32
32
32
30
32
32
32
30
30
34
32
32
32
30
32
34
30
32
34
32
32
32
34
32
32
36
34
34
32
36
34
38
34
34
34
34
36
36
34
34
36
32
34
36
32
34
34
32
34
36
36
34
36
36
36
36
34
36
34
34
36
30
32
34
32
32
32
34
34
34
34
34
32
34
30
34
30
30
32
32
28
30
30
30
28
30
28
28
28
30
28
28
28
30
26
26
30
30
32
32
30
28
28
28
30
30
30
28
32
30
30
30
30
30
28
28
28
30
26
28
30
30
28
30
28
32
28
28
30
30
32
30
34
32
30
30
32
32
32
30
28
30
30
30
30
28
28
28
32
34
36
32
34
36
32
32
32
30
32
30
34
32
32
30
30
32
34
32
32
32
28
28
28
30
28
32
28
30
28
30
32
30
32
28
30
32
32
32
34
30
36
36
38
36
38
36
36
36
36
36
36
36
36
34
32
34
34
32
32
32
34
34
34
34
36
36
34
32
32
32
32
32
32
32
32
34
32
32
34
30
32
30
30
30
30
30
28
28
30
28
