50
46
56
54
50
52
52
52
48
50
58
52
54
54
54
50
54
50
52
50
52
50
52
50
50
50
50
52
48
50
48
50
48
56
50
48
50
50
52
54
54
54
54
54
56
52
48
46
50
48
46
54
46
48
46
44
42
42
42
44
46
48
44
42
44
42
40
44
46
42
40
40
46
44
40
40
40
46
44
44
42
40
46
46
50
52
50
46
44
44
46
46
42
48
48
46
50
46
50
48
46
42
44
44
48
48
46
42
44
46
44
42
42
44
46
52
50
48
50
50
50
48
50
50
46
48
52
64
58
60
62
60
56
54
52
56
54
52
50
48
72
50
50
48
50
52
54
54
54
54
56
58
62
66
62
62
60
60
62
70
68
76
78
82
82
82
84
86
88
82
82
82
86
82
80
86
82
92
94
86
88
86
92
92
84
88
86
82
88
84
86
82
82
90
86
88
84
84
84
82
84
82
90
88
82
80
84
82
86
90
92
92
88
84
84
86
92
86
96
96
98
106
92
92
94
98
98
90
92
96
94
94
94
96
96
98
100
102
104
104
104
100
96
102
96
98
94
92
98
90
84
86
84
80
84
78
80
84
86
94
88
86
84
80
74
76
76
74
72
70
70
72
72
72
74
70
72
66
66
64
74
74
74
70
66
64
64
62
