44
42
42
42
40
42
40
42
44
44
46
44
46
46
44
48
46
50
46
48
48
48
46
44
44
46
44
44
44
46
48
50
48
46
44
44
44
46
44
42
42
42
44
42
38
38
36
36
36
40
38
40
44
42
38
38
40
38
40
38
38
40
38
38
36
36
40
38
38
36
34
36
36
38
34
34
36
36
34
34
34
32
36
36
36
36
36
38
44
40
40
40
38
38
40
40
38
36
36
36
38
40
44
44
42
40
44
40
40
44
42
44
42
40
42
42
44
42
44
42
40
42
42
44
44
42
42
42
42
40
42
40
38
42
38
42
40
40
40
42
42
42
44
44
42
46
44
46
48
52
50
50
48
50
50
48
48
54
52
50
54
52
58
56
58
58
58
60
60
64
64
60
62
64
74
72
76
74
70
70
72
80
80
80
82
82
84
88
90
86
86
80
78
76
74
72
74
74
76
78
74
72
70
70
74
74
68
66
68
68
72
70
70
70
70
74
74
78
76
76
78
76
72
72
72
72
70
68
70
74
68
68
72
70
70
68
70
68
70
66
66
66
70
68
70
74
70
70
74
68
72
68
66
72
70
74
74
78
74
70
76
72
70
62
72
68
64
60
64
62
64
66
60
60
58
56
54
52
56
54
60
58
54
56
56
58
60
58
