100
122
130
132
128
124
128
122
130
130
130
134
134
126
128
136
138
130
132
140
130
132
130
126
130
126
126
128
130
130
134
130
118
118
118
114
108
114
112
116
112
104
106
108
106
106
102
100
98
92
96
102
94
90
90
86
86
88
92
86
94
94
90
90
90
88
88
82
86
76
82
86
92
92
84
80
78
76
64
70
76
82
84
80
84
86
74
76
66
56
62
68
68
72
78
72
68
58
56
60
54
52
50
52
54
48
50
54
56
56
52
50
50
56
64
62
60
54
52
56
56
54
54
48
56
58
56
64
68
60
64
60
50
42
56
60
56
56
54
46
58
56
56
52
48
52
54
56
58
54
54
58
60
60
64
64
50
68
68
68
66
64
62
60
62
62
66
70
70
66
70
74
78
72
74
74
74
66
72
68
70
68
64
70
70
74
72
76
80
80
76
82
72
78
80
82
86
90
90
96
96
100
108
106
102
100
102
102
102
102
100
102
106
102
100
104
104
106
112
126
134
140
134
140
138
140
134
138
138
140
138
142
140
136
136
114
128
124
126
132
120
120
112
116
116
116
114
122
112
120
122
126
112
110
114
114
110
114
108
104
110
114
108
106
102
98
98
98
100
100
98
100
104
102
92
100
102
100
102
108
104
116
108
110
110
110
108
106
