116
132
130
128
136
134
136
132
140
132
130
134
130
120
126
136
144
142
136
144
132
134
132
136
132
124
132
128
140
134
136
132
122
124
118
112
110
122
114
108
116
110
104
108
102
106
104
96
94
96
92
92
92
86
82
82
80
84
90
80
88
94
88
90
96
92
90
88
86
76
80
86
100
102
92
84
78
78
68
72
78
84
86
88
94
100
84
80
74
72
74
80
76
82
86
78
76
62
60
60
60
56
56
56
56
54
60
58
62
62
64
54
62
60
70
66
60
58
52
58
58
54
54
48
58
58
66
70
70
66
64
66
60
52
70
74
72
62
58
50
60
62
62
58
62
58
58
60
62
62
56
64
64
62
68
74
60
80
76
76
80
76
66
72
76
76
78
78
78
78
84
82
88
90
86
92
92
90
92
82
82
78
78
78
84
86
86
92
100
100
96
96
86
92
90
98
104
96
98
102
104
116
118
110
110
108
110
108
124
116
114
116
118
118
118
120
124
126
128
136
138
138
132
138
140
138
140
138
134
136
134
136
140
136
136
120
138
144
146
142
132
138
134
134
138
140
142
136
140
140
142
140
134
138
136
136
132
132
130
126
136
134
132
128
118
112
110
108
114
112
118
114
116
114
114
116
120
116
124
124
126
126
126
122
126
126
126
126
