136
164
156
166
166
170
170
168
162
146
156
156
150
142
150
162
160
160
146
150
160
152
172
150
116
96
96
86
92
94
94
108
90
128
98
102
100
90
94
106
112
100
88
92
100
108
120
106
100
98
102
116
104
94
88
88
82
78
86
100
112
116
112
104
106
106
106
94
86
86
100
96
108
112
108
106
100
104
86
92
100
110
114
116
118
118
108
108
94
84
92
96
96
104
106
94
82
70
70
66
64
62
58
58
64
64
70
72
66
64
64
46
60
66
84
82
72
64
64
72
58
62
70
58
68
80
90
96
94
86
86
86
78
66
92
92
84
84
76
68
86
84
86
74
80
80
80
76
70
70
66
72
78
76
76
80
60
86
94
84
80
74
70
80
92
92
94
94
92
100
104
106
106
88
84
94
98
94
104
104
104
102
100
102
104
114
112
120
120
120
112
116
112
118
118
132
128
128
126
128
116
118
134
130
122
120
120
120
158
156
154
154
142
158
138
148
122
126
146
152
164
168
162
170
162
170
168
142
132
148
158
154
166
170
172
158
172
174
176
174
164
164
164
162
170
180
178
162
166
176
170
176
168
170
174
174
166
154
146
146
152
152
146
140
128
120
124
118
120
126
118
114
104
110
124
132
138
142
148
142
150
154
156
158
148
124
136
144
