86
86
88
94
94
106
104
100
96
100
108
104
98
94
96
98
96
90
88
92
96
96
94
92
86
80
84
82
80
76
74
76
72
82
72
68
64
62
64
68
72
66
64
62
60
60
58
54
56
52
48
52
52
52
50
50
46
48
48
46
48
48
44
44
42
42
40
40
40
34
32
34
32
32
32
30
32
34
32
30
30
30
32
32
32
32
32
28
28
28
26
26
26
26
24
24
26
20
24
24
22
20
18
20
20
22
24
26
26
26
26
26
26
24
28
28
26
24
26
24
24
28
32
30
28
26
30
30
30
28
30
30
28
28
28
26
30
30
30
30
34
30
30
30
34
36
36
38
40
40
40
40
40
42
42
44
46
42
44
46
76
98
104
108
118
120
118
124
126
126
126
132
140
146
146
138
134
152
152
142
136
140
142
142
144
148
146
146
154
144
144
146
146
156
154
162
164
170
160
152
154
152
176
170
160
158
168
172
188
200
198
202
202
192
194
192
192
190
288
306
310
302
310
302
294
292
286
290
292
290
286
268
186
188
186
192
194
192
186
190
188
188
192
196
196
202
202
188
190
198
206
218
198
206
208
206
210
214
218
216
218
218
216
210
214
210
208
214
222
232
244
248
248
262
280
276
278
284
292
292
276
256
284
302
310
308
316
312
