84
88
92
96
90
102
112
102
102
102
104
102
98
92
94
90
104
88
94
92
96
100
122
118
102
100
100
104
102
102
108
102
102
100
104
96
94
92
98
100
92
90
88
88
86
82
102
134
92
88
86
82
84
86
72
70
70
68
70
66
68
64
62
60
60
66
62
60
60
58
94
54
60
52
52
52
48
50
48
48
46
48
46
44
52
50
46
46
46
44
42
40
42
46
70
48
38
38
36
34
36
38
36
36
34
34
34
32
30
32
32
32
34
34
34
32
32
34
32
66
32
32
34
32
36
34
34
40
40
42
38
36
34
32
36
36
36
40
38
42
44
50
44
86
48
50
48
54
72
58
60
60
62
72
68
68
72
74
72
72
76
76
74
76
80
84
82
122
86
86
92
96
94
100
94
92
100
98
104
94
94
94
102
98
100
104
102
114
110
106
108
124
134
108
110
114
110
114
116
122
116
116
122
114
108
108
112
114
112
110
114
114
114
122
126
118
156
124
126
128
130
132
130
130
130
122
124
126
120
132
128
128
120
122
124
122
124
130
122
122
124
160
122
122
126
122
122
126
122
124
126
124
120
124
120
116
122
118
118
118
118
114
116
118
110
108
130
126
110
106
112
108
106
108
110
108
116
104
108
106
106
102
106
104
104
102
106
104
