110
112
112
106
106
108
110
114
116
118
112
116
110
108
104
110
104
104
108
112
108
112
140
128
112
114
110
110
108
108
110
112
106
108
104
106
106
104
104
112
102
102
100
102
96
94
92
126
96
92
92
96
94
92
90
84
84
82
80
86
86
76
76
90
80
84
86
80
76
72
70
104
70
74
66
66
62
68
60
64
58
58
68
58
58
62
56
52
52
50
52
50
50
54
92
50
48
42
42
40
42
42
42
42
38
40
46
42
40
38
38
38
38
36
38
36
36
36
44
72
42
42
44
42
44
40
42
44
46
46
46
44
46
46
50
50
52
56
56
56
56
60
60
100
62
62
64
68
68
70
72
74
82
80
84
82
82
86
92
90
88
92
102
100
98
96
74
166
106
102
104
104
100
108
108
106
108
114
118
120
110
108
110
116
114
114
114
122
118
118
118
140
142
122
124
128
126
126
122
130
126
126
128
132
130
136
134
134
132
136
134
128
124
128
134
122
160
126
138
132
132
142
134
144
144
144
142
128
138
132
128
138
132
130
134
134
140
140
146
142
140
182
140
136
138
144
138
144
134
134
134
138
134
134
132
144
138
144
138
136
142
136
134
134
126
120
144
130
120
114
114
120
112
120
122
126
114
120
116
120
116
110
110
112
112
116
126
130
