106
96
110
100
98
110
110
98
104
98
100
98
98
90
90
98
100
92
92
92
100
96
132
96
102
96
94
98
102
94
96
96
100
96
94
90
92
88
92
96
94
90
86
86
86
88
118
82
80
76
82
74
76
70
76
82
70
68
64
68
68
66
62
64
66
74
70
74
92
76
76
106
70
64
68
60
60
58
52
54
50
50
52
48
48
52
52
46
44
44
46
44
42
42
38
76
38
38
42
36
40
40
36
36
34
32
38
34
32
32
34
30
30
30
30
30
32
32
32
68
32
32
36
32
32
32
36
38
44
40
42
40
40
36
42
40
42
44
42
44
48
52
48
70
70
54
54
56
58
58
60
62
66
70
78
78
82
76
78
78
90
86
86
88
96
90
88
98
140
94
102
98
110
102
96
98
94
100
98
96
104
94
98
98
104
104
102
106
114
108
108
110
144
106
108
112
116
110
110
118
122
112
110
110
112
112
108
114
126
0
112
112
114
122
114
110
152
110
120
132
130
126
124
130
128
126
120
124
122
118
124
122
122
136
126
134
144
136
128
126
128
154
138
138
132
130
130
130
124
132
126
124
126
118
120
124
126
128
124
130
126
126
128
128
114
114
120
146
112
116
108
112
114
116
108
106
104
110
106
110
102
106
104
102
104
116
108
112
