20
20
20
20
20
20
20
20
20
20
20
18
20
18
20
20
18
18
18
18
18
18
18
18
16
16
16
18
16
16
16
16
14
14
16
16
12
10
10
12
12
12
12
12
12
12
12
10
12
10
12
16
18
18
20
20
18
20
20
22
22
22
20
22
22
22
22
22
20
18
18
20
18
18
16
16
18
18
18
18
20
20
20
18
18
18
18
18
18
18
18
18
18
16
16
16
16
12
16
16
14
12
10
10
12
12
14
18
18
18
20
20
20
18
20
20
20
18
20
14
14
16
18
18
20
18
18
18
20
18
20
20
18
16
14
14
18
18
16
16
18
16
16
14
18
22
20
22
22
22
24
22
18
20
22
22
24
20
20
22
32
40
44
44
50
46
44
50
48
48
48
48
50
48
48
50
50
50
52
50
48
46
48
48
44
46
52
50
52
50
48
42
40
40
40
38
38
42
40
40
42
42
44
42
42
42
42
42
42
44
44
46
46
44
44
44
42
42
52
52
54
54
52
52
54
52
52
54
52
54
52
50
42
40
42
42
42
40
40
38
40
42
40
38
40
40
40
40
42
40
40
40
40
40
40
40
42
40
40
40
40
44
42
40
42
42
40
42
44
42
46
46
46
46
48
46
48
48
50
52
52
54
56
54
56
56
58
58
