28
26
26
26
28
30
28
30
30
28
26
26
26
24
24
26
24
24
24
26
28
28
28
30
28
24
28
30
24
24
22
24
24
22
20
20
18
18
16
16
16
16
14
16
16
16
14
14
14
12
12
12
14
14
12
12
12
12
12
12
10
10
10
10
10
10
10
8
8
8
8
8
8
8
6
6
6
6
6
6
6
6
6
6
6
6
4
4
4
4
4
4
4
4
4
4
4
4
4
4
4
4
4
4
2
4
4
4
4
4
4
4
4
4
4
4
6
4
6
4
4
4
6
6
6
6
6
6
6
6
6
6
6
6
6
6
6
6
6
6
8
6
6
6
6
6
8
8
8
8
8
8
8
8
8
8
10
10
10
10
20
26
28
28
32
30
30
30
32
34
34
36
36
36
38
40
40
40
42
42
40
40
42
42
44
44
48
48
48
46
42
42
44
42
44
44
48
48
52
50
50
50
48
48
48
50
56
56
58
56
56
58
58
58
56
62
58
56
84
88
90
92
92
90
90
92
92
92
90
92
92
84
54
54
54
52
54
54
54
54
52
50
50
52
52
52
52
54
52
52
56
54
50
50
54
56
54
56
58
58
56
60
60
56
62
60
56
58
64
68
74
76
78
78
78
78
78
78
80
82
80
86
88
86
86
86
90
86
