38
36
40
42
40
40
38
38
38
38
36
36
36
36
38
38
36
38
36
38
38
38
36
36
34
32
36
36
34
34
32
30
30
30
30
28
26
26
26
26
24
24
24
24
22
26
22
20
24
22
20
20
20
18
18
18
16
16
16
16
14
14
14
14
14
12
12
12
10
10
12
10
10
8
8
8
8
8
8
8
8
8
8
8
8
8
6
6
6
6
6
6
6
8
6
6
6
6
6
6
6
4
4
4
4
4
6
8
6
6
6
6
6
6
6
6
6
6
6
6
6
6
6
6
8
8
6
8
8
8
8
8
8
8
8
8
8
10
8
8
10
8
10
10
12
12
12
12
12
12
14
14
12
14
14
14
16
14
18
16
26
34
40
52
58
54
48
46
44
46
48
46
48
48
48
48
54
52
56
52
52
52
54
54
54
54
56
58
60
58
58
56
56
56
54
54
58
60
62
60
62
62
62
64
66
64
66
66
68
70
72
70
70
74
68
68
68
68
104
108
104
102
102
102
104
102
102
102
102
104
104
96
62
62
60
62
64
64
64
62
64
66
64
66
72
68
70
68
68
66
70
68
66
66
68
68
70
70
72
72
76
72
70
68
70
70
70
72
74
76
80
84
86
84
86
90
90
90
94
94
96
98
100
104
102
102
100
100
