48
54
52
40
50
40
42
36
46
48
44
42
44
42
36
40
50
50
50
46
46
30
44
38
42
54
50
58
48
40
52
54
52
40
46
46
46
50
36
40
50
32
36
48
48
52
50
46
46
52
46
46
54
44
46
48
54
48
56
46
50
44
44
54
54
48
46
48
42
38
52
54
50
48
52
38
44
54
54
50
46
52
40
54
40
46
36
28
46
42
42
46
44
38
50
40
42
48
38
52
40
46
38
48
38
36
48
44
42
48
40
52
54
50
34
38
54
46
48
34
40
46
42
36
52
46
44
34
36
40
34
44
52
42
36
42
48
32
42
46
40
46
48
42
42
52
42
44
36
46
48
50
40
42
44
42
46
44
40
50
44
44
54
38
38
40
30
40
50
32
40
34
44
36
48
36
42
46
30
52
42
40
46
44
54
42
52
40
48
38
48
48
30
38
44
46
40
36
44
36
48
42
34
40
46
36
42
40
36
36
48
46
42
54
50
52
54
32
26
38
50
48
32
40
46
44
50
48
52
46
48
42
52
50
54
44
48
52
48
40
44
46
42
46
42
38
38
46
48
40
48
42
46
52
50
44
44
44
36
36
46
42
40
42
54
44
48
48
44
52
42
46
44
46
38
38
44
32
40
46
36
48
44
38
34
34
36
36
