6
8
6
6
6
6
6
6
6
8
8
8
8
8
8
8
8
8
8
6
8
8
8
8
6
6
6
6
6
6
6
6
6
8
8
6
6
6
8
8
8
8
8
8
8
8
6
6
6
8
6
6
6
6
6
6
6
6
6
6
6
6
8
6
6
6
6
6
8
6
6
6
6
6
6
6
6
8
8
8
8
6
8
8
8
8
10
8
8
8
8
8
8
8
8
8
8
6
8
8
8
8
8
8
8
8
8
8
8
8
8
6
6
6
8
8
8
6
6
8
8
6
8
8
6
6
6
8
10
10
10
8
8
8
6
8
8
6
6
8
6
6
6
8
8
10
10
10
8
6
6
8
8
8
8
8
8
6
8
8
6
6
8
8
8
10
8
10
10
8
8
8
10
8
8
8
8
8
8
8
6
6
8
8
6
8
6
6
8
6
6
8
6
8
8
8
8
8
8
8
8
8
8
8
8
8
8
6
8
8
8
8
8
8
8
8
8
8
8
8
8
10
10
10
8
10
10
10
16
12
10
10
10
10
10
10
10
10
8
10
10
10
8
10
10
10
10
10
8
8
10
10
10
12
10
10
10
10
10
12
10
10
10
10
10
10
10
10
10
10
10
10
10
10
10
10
12
10
10
10
10
10
8
10
10
10
10
10
