32
34
36
36
38
40
40
36
36
36
40
40
40
36
36
38
36
36
38
36
36
36
36
36
34
34
34
34
34
36
38
38
34
40
38
36
36
36
38
38
38
38
38
34
34
32
32
32
32
30
30
30
30
30
30
26
26
24
24
24
26
26
26
24
24
22
26
22
22
22
22
20
20
18
20
18
20
20
22
18
16
16
18
18
18
20
18
18
16
16
22
16
16
14
14
14
14
14
14
12
14
12
18
12
12
14
14
14
12
14
14
14
14
14
18
12
14
12
12
12
12
12
14
12
14
14
18
12
14
14
14
14
14
14
14
16
16
16
20
16
16
14
16
16
16
16
18
18
18
20
22
18
20
20
20
20
22
22
24
26
24
24
28
26
26
28
28
28
28
30
30
30
32
28
32
30
32
32
32
32
32
30
32
32
34
34
38
28
30
30
32
32
32
32
32
32
32
34
36
34
32
34
36
36
34
32
32
32
34
36
38
34
36
36
36
36
40
38
38
38
40
42
44
40
40
38
40
40
42
36
36
38
42
40
42
44
42
42
40
40
40
42
40
40
40
40
42
38
38
42
42
42
40
36
38
38
38
36
40
38
40
38
36
38
38
36
36
36
36
38
40
40
38
38
38
38
42
40
36
32
34
34
38
38
38
34
38
36
