128
152
172
178
92
76
80
138
112
154
138
124
106
110
120
188
80
82
128
108
98
208
156
146
178
116
122
160
22
4
4
4
132
162
102
106
124
90
92
146
108
130
76
88
90
166
122
138
128
98
146
124
140
98
72
78
92
170
114
116
132
96
84
156
94
118
44
62
112
134
110
96
168
120
138
206
136
136
128
160
104
82
12
4
4
4
130
132
100
94
98
114
142
128
102
108
168
138
138
214
156
150
148
174
120
124
84
84
126
104
96
160
110
108
82
116
144
66
160
112
120
114
144
114
26
4
4
4
124
104
122
84
92
106
162
60
106
110
88
102
124
142
182
102
96
114
208
138
140
152
118
122
126
182
112
76
82
92
156
104
116
112
44
50
60
110
118
66
70
98
88
142
158
148
114
174
160
162
120
172
124
104
42
106
96
188
104
114
132
104
30
4
4
4
104
120
114
170
148
148
190
104
126
148
134
180
124
92
94
118
138
124
140
104
6
4
4
4
94
94
82
98
94
78
156
156
116
138
154
128
124
146
212
126
72
78
68
112
140
130
74
48
56
84
32
4
4
4
118
152
150
134
168
138
136
132
98
106
60
58
52
146
156
142
138
146
106
144
124
126
108
66
128
64
84
92
138
136
136
192
92
126
124
104
140
138
94
74
