36
38
38
34
34
32
32
32
34
34
34
34
34
32
32
38
38
34
34
32
36
40
36
34
34
32
32
34
34
32
34
32
34
32
30
32
32
32
34
34
34
32
30
30
28
30
28
28
28
28
30
30
28
28
30
28
26
28
30
28
34
34
32
30
32
30
28
30
28
26
26
28
30
30
30
30
30
28
28
28
28
30
30
28
30
32
32
32
32
32
32
34
36
36
38
38
36
38
40
38
38
44
40
38
42
42
44
40
40
44
40
38
36
40
38
38
38
38
36
38
42
42
42
44
44
40
38
38
40
46
40
40
40
42
40
40
42
44
42
46
46
50
50
52
56
58
54
56
54
56
58
58
54
54
52
52
54
56
58
56
56
56
58
60
58
58
58
54
56
58
52
46
44
44
40
40
40
42
46
40
42
42
42
42
40
38
18
2
2
2
20
42
38
8
2
2
36
46
40
40
40
42
38
36
48
50
42
40
52
46
50
52
38
48
50
50
50
52
52
52
52
50
52
50
52
50
52
48
50
48
48
48
44
42
42
40
40
40
40
38
38
36
36
36
38
38
40
40
38
38
38
38
38
40
40
40
40
42
42
40
40
40
42
40
40
42
44
40
40
40
40
42
40
40
38
38
38
40
40
40
40
40
40
40
40
38
38
38
