32
32
32
30
32
32
32
30
28
28
28
28
28
26
26
30
30
28
30
30
32
32
32
30
28
30
30
30
30
28
30
28
30
28
28
30
28
28
26
24
26
24
24
24
24
24
24
24
24
24
26
24
24
24
24
24
24
24
24
24
26
24
24
24
24
26
26
24
24
24
26
26
26
24
26
26
26
26
26
26
26
26
26
26
26
26
28
26
28
28
28
28
28
28
28
28
28
28
28
28
28
28
28
28
28
28
28
28
28
28
28
30
28
28
30
30
30
28
30
32
30
30
30
28
30
26
26
26
26
26
30
30
28
26
28
26
26
26
28
26
28
26
26
26
26
24
24
24
26
24
24
24
26
26
26
24
26
26
26
26
26
26
26
26
26
26
26
26
26
26
26
26
28
28
26
26
28
26
26
26
28
28
28
28
28
28
10
0
0
0
6
28
28
6
0
0
12
28
30
28
28
28
28
20
30
28
28
28
30
28
28
28
22
22
28
28
30
30
30
28
30
30
30
28
30
30
30
28
30
30
32
30
32
32
32
32
32
32
30
28
30
32
32
32
30
34
34
32
30
32
32
30
30
30
30
32
32
32
32
34
34
32
32
32
34
32
34
34
36
34
36
34
36
36
36
34
32
34
34
34
34
34
34
30
32
32
30
30
