32
38
38
42
40
44
40
38
36
38
34
36
44
34
32
36
32
32
34
34
40
44
38
44
44
48
48
40
44
40
40
38
36
36
36
40
42
44
36
36
38
38
40
38
38
36
40
44
44
42
36
36
36
38
36
34
34
34
36
34
36
34
32
32
38
36
32
32
32
36
36
34
38
36
42
38
40
44
34
36
32
36
36
34
40
40
40
48
44
40
42
40
40
40
44
42
46
46
38
48
46
50
48
44
42
42
42
40
44
44
38
40
46
38
42
42
44
44
40
42
40
38
44
38
38
42
48
46
42
44
44
44
40
40
44
44
44
46
46
52
48
52
50
50
54
58
56
54
62
66
58
66
64
62
60
60
62
58
54
66
68
68
68
68
78
70
70
66
78
72
76
70
66
56
60
58
56
64
58
58
60
62
66
70
64
64
62
62
66
62
68
72
64
62
64
62
62
66
66
60
60
64
64
80
70
78
66
78
76
78
72
66
70
78
66
76
88
86
74
76
82
80
76
82
76
76
78
74
78
70
66
74
68
68
66
74
68
68
66
68
64
74
62
70
74
72
70
66
70
76
72
70
74
78
68
62
68
76
66
62
64
56
62
64
68
62
54
62
64
58
64
64
60
58
56
60
58
52
56
54
52
56
50
52
52
50
50
46
