61
59
54
56
54
54
52
55
53
53
56
52
52
51
51
54
49
40
62
51
51
50
49
49
50
56
56
56
53
50
49
53
50
50
50
49
49
50
50
48
48
49
51
50
50
50
47
46
48
48
50
47
47
44
47
45
45
44
42
42
44
44
41
39
46
47
43
41
42
42
43
47
46
46
43
47
50
47
45
48
43
41
40
42
43
41
44
43
43
43
42
42
45
43
44
42
43
47
43
43
43
46
45
47
44
43
43
44
44
44
44
48
50
48
51
52
52
51
50
48
47
47
47
48
48
47
48
46
44
46
51
47
46
47
51
51
50
51
51
55
52
53
51
50
52
51
51
52
57
55
55
54
54
58
57
56
58
64
62
59
58
55
57
57
60
60
58
58
64
62
58
58
57
59
59
56
57
56
55
56
56
57
57
58
58
58
54
60
63
61
62
60
61
60
59
60
61
62
61
60
59
67
64
63
60
65
65
63
63
62
65
64
64
63
63
63
61
60
61
67
68
71
68
67
66
64
65
64
65
63
67
69
71
68
67
67
68
67
68
68
69
68
70
71
69
69
70
73
70
72
70
70
74
70
70
71
73
74
74
75
74
76
74
74
74
77
77
75
71
72
71
70
69
72
69
71
70
68
68
66
70
70
67
66
66
65
70
71
