65
63
60
59
61
62
60
60
57
60
64
60
58
56
56
57
57
59
58
58
56
59
59
57
58
58
60
61
61
60
60
61
57
56
61
59
59
60
57
59
59
57
61
64
65
60
60
62
61
61
56
56
55
54
54
57
57
54
55
58
58
57
57
58
57
55
54
56
56
53
52
54
54
56
53
52
52
53
52
52
53
52
50
50
53
51
53
50
53
51
54
53
55
57
54
53
54
55
54
55
56
55
55
53
54
52
53
53
54
54
54
55
53
54
55
57
57
58
56
53
51
54
56
56
55
57
58
59
58
59
58
57
56
57
57
56
58
59
60
60
60
59
59
58
61
60
60
59
59
60
62
61
59
61
62
63
63
68
68
68
69
67
70
70
70
68
65
66
69
67
67
70
68
69
67
70
70
69
70
70
70
68
68
72
72
73
71
70
72
73
71
71
71
72
68
73
73
70
71
70
71
73
71
71
75
74
75
70
72
70
71
71
70
68
67
71
71
69
71
68
70
69
67
70
68
70
69
68
67
69
68
68
67
69
67
68
69
66
67
66
67
66
64
66
64
65
66
67
66
66
66
67
69
67
66
66
65
64
67
64
64
65
64
66
65
64
65
64
64
64
65
64
66
65
64
67
66
65
64
63
63
64
66
68
64
66
64
63
