8
9
10
9
10
9
9
9
9
10
10
10
10
9
10
9
10
9
10
9
9
9
9
10
10
9
9
9
6
6
5
6
6
6
6
6
6
7
7
6
7
9
14
16
11
5
5
4
4
7
9
11
8
4
4
4
4
4
4
4
6
7
3
5
10
9
9
9
9
9
9
9
8
8
8
8
8
7
7
7
7
7
7
7
6
6
6
7
7
5
6
5
5
5
5
5
5
5
5
5
4
3
4
4
4
3
3
3
3
3
3
3
3
3
3
3
3
3
3
3
3
3
4
3
3
3
3
3
3
3
3
3
3
3
3
3
3
3
3
3
3
3
3
3
4
4
4
4
5
4
4
5
5
5
5
6
6
5
6
6
7
6
6
6
6
7
7
6
7
7
7
8
8
8
7
8
8
8
8
8
8
8
8
9
9
7
6
6
6
6
6
7
6
6
6
7
7
6
6
6
7
7
8
8
9
10
9
9
10
10
9
10
9
10
10
10
9
10
10
11
11
11
10
10
10
10
10
10
9
10
12
13
12
11
11
11
12
11
12
11
11
11
11
12
12
12
11
12
12
12
12
12
12
12
11
12
12
12
12
14
14
16
15
15
15
15
15
16
16
16
15
16
16
16
15
17
19
19
19
19
20
18
18
19
18
19
19
18
