20
19
20
19
20
20
22
19
19
19
19
19
20
18
21
20
21
20
22
21
22
19
21
19
20
19
22
21
20
18
19
19
19
18
20
19
20
20
23
20
22
23
22
21
22
19
21
19
22
21
20
20
21
21
22
22
22
20
22
20
24
22
22
20
21
19
21
19
21
20
23
21
23
20
24
21
21
20
22
21
22
20
23
20
21
22
21
23
23
22
24
21
22
22
25
27
23
22
22
19
20
20
21
19
19
18
20
18
21
20
22
18
20
19
21
21
22
21
21
16
19
19
20
18
20
19
20
19
19
16
16
16
18
17
17
16
16
16
17
15
16
15
17
16
17
16
17
16
18
17
19
17
18
16
17
17
19
18
18
18
19
17
19
17
18
17
18
17
18
19
19
18
19
18
20
20
20
19
20
19
21
20
22
22
22
21
22
21
22
20
22
24
23
21
22
21
25
23
25
23
25
22
23
20
22
23
22
19
19
18
19
18
20
19
22
21
20
20
19
19
22
21
22
22
21
20
21
19
20
19
19
18
21
19
23
19
20
19
19
18
19
18
21
18
19
19
20
18
18
18
19
19
20
20
21
21
21
19
20
20
20
19
20
19
21
20
20
19
20
19
21
20
21
19
20
19
19
19
20
19
18
17
19
18
20
19
19
17
