6
6
7
7
6
7
7
7
7
8
7
9
6
6
6
6
6
6
6
6
6
6
7
8
6
6
6
6
5
5
5
5
5
5
5
7
4
5
4
4
4
4
4
4
4
4
4
6
7
6
5
5
4
5
7
7
7
7
7
9
7
6
5
5
5
5
5
4
4
4
4
6
4
4
4
3
3
3
3
3
3
3
4
5
3
3
3
3
3
3
3
3
3
3
3
5
3
3
3
3
3
3
3
3
3
3
3
5
3
3
3
3
3
3
3
3
3
3
4
5
3
4
4
4
4
4
4
4
4
4
5
7
5
4
4
4
5
6
6
6
6
6
6
8
7
7
7
8
8
9
9
9
8
8
9
10
9
9
10
9
9
9
9
11
11
10
11
12
10
15
21
20
20
20
19
20
20
20
20
21
20
20
19
20
18
18
18
20
20
20
20
22
21
20
20
20
20
20
21
21
20
20
22
25
23
21
22
21
20
20
17
16
15
15
15
15
10
11
10
9
8
7
7
7
7
7
7
9
7
7
7
7
7
7
7
7
7
7
8
9
7
7
7
7
7
7
7
8
7
7
8
9
7
7
7
7
7
8
7
8
7
8
8
9
7
7
7
7
7
8
8
8
9
9
10
11
8
9
9
9
9
9
8
9
8
9
9
11
