1
2
2
2
4
2
2
2
2
2
2
2
2
2
2
2
2
2
2
2
2
2
2
2
34
37
2
2
4
2
2
2
2
2
2
2
2
2
2
23
29
2
2
7
2
2
2
2
2
2
2
2
2
2
2
2
2
2
2
2
3
4
2
2
10
41
29
2
2
2
2
2
2
13
34
2
2
2
2
32
34
2
2
2
5
2
2
2
2
24
32
2
2
12
43
34
50
19
44
3
19
37
36
2
22
42
47
19
7
4
18
41
26
2
3
2
2
2
3
2
2
2
2
2
2
2
5
25
41
32
2
2
2
2
7
2
2
2
2
2
2
5
2
2
2
2
2
6
2
2
2
2
2
2
2
2
2
2
2
2
2
2
2
23
40
17
3
2
2
2
2
2
2
6
2
2
2
2
22
48
8
2
22
44
3
2
2
2
2
2
2
2
2
2
22
44
18
2
2
2
2
2
2
2
2
2
2
2
2
2
2
2
1
2
28
13
2
2
2
2
5
2
2
2
2
2
2
2
2
6
2
2
2
2
2
2
5
6
2
2
2
2
2
2
2
2
2
2
2
2
19
30
52
12
2
2
2
2
1
2
21
45
3
2
2
2
2
2
2
2
2
2
2
2
2
2
2
2
2
2
2
2
2
29
39
2
2
2
