2
12
21
23
2
2
2
2
2
2
2
2
2
2
2
2
2
2
2
2
2
2
2
2
2
2
28
47
8
2
2
2
2
2
2
2
2
1
9
37
7
2
2
2
2
2
2
2
1
1
1
1
1
3
4
1
20
45
4
2
23
13
1
10
41
32
2
2
30
14
2
2
2
1
2
2
2
2
2
2
2
2
1
1
1
1
2
2
2
1
39
35
2
2
2
34
51
38
27
2
2
2
2
1
2
2
2
2
1
2
2
33
47
2
2
2
34
9
2
2
2
2
1
1
2
2
2
2
2
3
2
2
3
4
2
2
2
2
2
2
15
30
2
2
2
2
2
2
2
2
2
2
40
3
1
5
38
32
4
2
2
2
2
2
2
2
2
2
2
1
1
1
2
2
2
3
3
2
2
1
2
1
4
35
50
5
2
1
2
2
1
1
1
14
39
33
41
42
40
46
13
2
2
2
2
3
5
2
2
1
2
1
1
1
2
2
1
1
2
2
2
2
2
2
1
2
1
2
2
2
12
33
50
4
2
2
2
2
2
2
2
2
2
2
2
2
2
2
5
45
10
2
2
6
2
2
2
2
2
2
5
2
2
2
2
2
2
2
2
2
6
2
3
2
2
2
2
2
2
2
2
2
2
2
1
2
4
2
