2
2
6
2
2
2
2
2
2
22
50
7
30
45
34
3
4
3
3
2
3
2
33
36
3
3
3
2
2
2
2
2
2
2
2
9
2
14
37
38
2
3
2
2
24
47
10
3
3
8
2
2
2
2
2
2
2
2
2
2
2
2
2
28
47
19
3
2
5
2
2
2
2
2
2
6
2
2
2
2
21
46
7
2
2
2
3
4
2
2
3
19
47
33
42
29
2
3
3
3
2
2
2
2
2
2
2
3
36
44
43
20
3
2
2
2
2
2
2
16
42
44
41
4
34
49
5
3
3
7
40
24
3
3
2
2
2
2
2
6
37
51
3
3
2
2
17
45
42
47
14
3
3
3
2
2
2
2
2
2
2
2
2
2
2
2
7
2
3
2
2
2
2
2
2
26
37
2
2
2
8
20
2
2
2
2
2
2
2
2
2
2
5
6
6
2
2
2
2
2
2
2
4
4
2
2
2
2
2
2
2
2
2
2
2
2
2
2
2
4
2
2
2
2
3
2
30
35
2
2
2
2
2
2
2
2
2
2
2
2
2
2
2
2
2
2
2
2
2
2
2
2
2
2
2
2
2
2
2
2
2
2
2
2
24
46
9
2
2
2
2
2
2
6
2
2
2
2
2
2
2
2
2
2
2
2
2
2
