82
87
96
90
99
100
95
96
94
95
97
97
89
92
87
84
87
87
91
92
87
83
86
88
82
83
80
77
72
72
72
70
71
65
68
67
65
63
64
58
58
61
57
58
54
52
51
48
50
51
48
45
47
54
75
82
75
74
73
69
67
64
61
55
56
52
51
48
45
42
44
38
37
37
39
33
34
30
29
29
27
26
24
26
23
23
21
20
20
20
19
19
19
17
18
17
17
18
16
17
16
15
16
16
15
16
14
15
16
14
13
12
12
12
13
13
12
12
13
13
14
14
14
14
14
15
16
15
16
16
16
16
18
17
18
18
19
20
20
21
21
22
22
24
23
23
25
27
28
28
31
30
30
30
30
31
34
34
36
36
36
38
40
39
38
38
39
38
40
43
42
43
45
45
47
45
47
47
49
49
48
49
51
49
53
52
50
52
51
55
53
51
51
54
52
50
54
56
55
57
58
59
57
56
62
66
66
64
67
63
68
69
71
65
68
64
64
65
61
62
62
63
63
60
62
62
61
59
59
58
61
59
59
59
62
61
61
58
59
60
61
58
61
59
59
63
66
66
65
64
64
64
62
64
68
68
65
66
66
68
68
70
69
69
71
69
69
65
72
74
76
73
76
79
78
75
76
82
83
76
79
79
80
76
78
77
76
72
