78
75
85
80
64
65
62
70
77
64
61
65
63
79
76
64
68
68
69
73
76
64
67
74
81
79
80
83
66
63
62
52
59
70
61
62
61
59
64
66
68
67
75
71
75
77
75
79
83
83
88
84
86
86
89
89
83
81
79
80
77
70
70
64
69
70
84
66
67
77
80
65
68
91
97
86
79
83
92
75
63
64
72
79
68
63
63
71
79
70
66
68
80
88
74
65
71
66
70
74
74
69
70
83
76
68
61
72
69
65
72
72
70
75
71
63
63
67
61
68
71
69
74
76
70
71
73
71
72
68
72
72
74
72
74
76
68
65
72
66
66
72
84
71
64
61
66
71
74
78
85
81
76
76
64
65
63
68
64
69
71
62
64
65
67
64
71
62
63
63
67
70
67
67
69
66
68
66
75
70
67
74
78
75
76
74
73
73
83
74
65
66
72
68
64
75
68
67
69
72
63
69
68
67
81
74
67
68
67
72
72
80
83
83
79
72
72
81
82
84
86
78
81
89
86
85
85
84
78
77
76
80
76
80
75
76
77
72
77
75
78
79
78
72
80
75
73
73
92
81
84
84
81
84
83
75
74
71
75
82
74
75
73
77
74
84
83
85
87
95
86
86
85
85
87
95
98
91
90
83
80
77
83
79
80
84
82
75
