57
59
57
54
57
58
58
59
60
58
57
58
59
59
58
60
58
56
52
52
53
52
51
55
56
57
57
56
55
54
55
56
57
53
53
51
52
52
52
51
53
52
52
49
50
53
53
51
51
51
50
51
46
51
52
51
49
50
49
44
44
43
45
39
39
39
36
37
35
35
32
32
30
31
30
29
29
25
26
25
25
22
22
22
23
23
25
23
24
22
19
17
18
17
18
18
16
16
18
20
21
20
20
20
20
17
16
15
15
16
14
14
13
14
16
17
19
18
18
16
15
16
16
18
17
18
16
13
17
17
17
17
15
13
16
17
19
11
18
16
21
19
19
20
20
17
23
21
24
23
21
20
25
23
24
25
25
25
27
27
29
27
26
27
32
28
31
31
29
31
32
34
34
34
34
35
36
36
39
38
39
39
42
44
48
48
49
50
52
52
54
54
54
53
56
55
55
56
56
56
56
56
57
56
57
63
61
60
59
58
57
57
56
55
54
55
51
52
51
50
50
50
49
50
51
50
51
51
50
50
51
51
52
49
51
51
51
49
50
49
48
49
48
53
50
52
53
50
50
49
49
49
52
51
48
50
50
49
49
49
49
57
51
51
49
50
49
51
50
51
51
50
50
50
51
51
50
50
52
52
50
50
49
51
50
51
52
49
