15
12
13
12
15
12
15
12
12
12
12
12
15
12
13
12
14
12
15
12
11
12
11
12
16
12
12
13
15
12
15
11
12
12
12
12
15
13
13
12
15
12
16
12
12
12
12
13
15
12
12
12
14
12
15
11
12
12
12
12
15
12
12
11
13
11
15
11
11
12
11
11
14
11
12
11
13
11
15
11
11
12
11
11
15
12
11
11
14
12
14
11
12
11
11
12
17
12
12
12
14
12
15
11
12
12
11
12
14
11
11
12
14
11
15
11
11
12
11
12
14
11
11
12
14
11
15
11
11
13
12
12
16
11
11
12
14
12
17
12
12
13
12
12
15
12
11
12
16
12
15
12
12
13
12
12
16
12
13
13
15
13
16
12
13
12
12
13
15
12
13
12
15
13
15
12
13
12
12
13
15
12
13
12
15
13
15
12
12
11
12
12
15
12
12
12
14
12
15
12
11
11
12
11
14
13
12
12
15
11
15
11
11
12
11
11
15
11
11
12
14
11
15
11
12
11
11
12
14
11
12
11
14
12
14
11
12
11
11
12
14
11
12
11
14
12
14
11
11
12
11
11
15
11
11
12
14
12
14
11
12
11
11
12
14
11
12
11
14
12
15
11
12
12
12
12
16
11
11
13
14
12
16
12
12
13
12
12
