55
54
54
54
52
49
52
52
52
51
53
55
51
51
53
53
54
53
55
55
54
54
53
55
53
53
55
54
55
54
53
56
58
56
55
56
55
54
54
54
0
54
52
52
55
50
50
47
48
48
46
45
46
43
43
43
41
42
39
38
38
38
35
36
36
36
37
35
37
35
34
34
32
33
33
34
32
32
31
30
30
29
28
28
27
27
26
26
27
27
26
26
26
24
26
24
23
22
22
22
21
21
21
20
20
20
18
19
20
19
21
19
19
18
18
18
18
18
17
17
16
16
15
17
17
17
18
17
19
17
19
18
17
19
19
22
23
23
23
24
26
27
27
28
28
31
31
34
33
34
36
38
38
37
38
40
41
44
45
46
46
45
43
44
47
46
45
46
45
45
49
47
49
48
49
49
51
49
49
51
51
54
55
54
55
55
55
56
59
56
55
56
56
54
56
56
57
56
58
56
56
56
57
59
60
61
56
61
58
60
61
62
63
62
62
62
61
62
62
64
64
66
64
63
65
64
67
64
64
65
65
66
65
65
64
66
65
64
64
63
63
61
62
63
62
62
64
63
63
64
63
63
62
64
63
66
67
65
65
65
67
70
68
66
66
62
65
65
65
66
62
64
63
60
62
59
59
58
58
57
57
57
55
55
57
55
57
57
