51
51
51
51
52
51
50
51
53
53
51
52
51
51
53
54
53
54
54
52
53
53
53
55
54
56
55
55
58
56
54
57
59
57
62
57
57
55
57
55
55
55
54
53
53
51
53
49
50
49
48
44
45
44
46
44
43
41
41
40
39
38
37
38
36
37
36
35
35
35
33
34
34
33
32
34
33
34
34
33
31
28
27
27
28
28
27
27
26
26
26
25
25
26
24
24
23
22
23
22
22
22
21
20
20
20
18
20
20
19
19
18
19
18
18
18
17
18
17
16
17
17
16
18
17
17
17
18
18
18
19
18
17
18
20
22
23
24
23
24
26
26
28
29
30
29
31
33
32
34
36
36
37
37
37
40
40
40
43
45
44
45
46
45
45
46
47
46
45
48
47
49
49
49
49
50
50
51
51
52
51
52
53
55
56
55
56
59
60
59
57
57
57
58
57
60
59
59
60
57
60
59
60
59
59
59
62
60
61
61
61
61
61
63
62
61
60
60
63
63
61
63
65
63
64
64
65
63
65
63
63
64
63
64
63
63
65
64
63
63
60
61
60
63
65
65
64
63
62
63
62
63
60
61
62
64
64
65
65
65
65
68
68
67
67
63
62
62
63
66
67
67
65
64
63
60
57
57
57
59
58
56
53
55
57
55
55
55
