48
48
47
46
48
47
47
48
48
47
47
49
47
45
49
48
48
49
48
48
48
50
51
51
51
52
53
53
51
53
52
53
54
53
56
56
54
52
52
55
51
52
51
50
51
49
48
49
47
47
45
44
44
42
42
40
42
40
40
39
38
37
37
35
37
36
35
36
34
32
34
33
32
34
31
31
31
30
30
31
27
27
26
25
25
23
25
26
25
25
25
23
22
24
23
22
21
21
21
21
21
21
20
20
19
16
17
17
18
18
17
17
17
16
16
17
16
16
15
14
15
15
15
16
16
15
16
16
16
17
18
16
16
18
19
21
22
21
20
23
24
25
26
26
27
28
30
30
29
32
33
33
36
37
36
38
41
39
44
45
44
45
44
43
41
42
42
43
44
46
46
46
47
46
48
48
47
48
48
50
50
50
51
51
51
50
51
52
55
54
53
55
51
52
53
56
53
55
55
54
57
55
54
53
54
59
57
55
58
58
59
59
57
58
57
58
58
57
60
59
60
62
61
61
60
61
60
62
60
61
61
63
62
64
63
65
66
64
64
63
63
63
63
63
62
57
61
63
62
60
61
60
58
58
57
61
60
61
62
63
65
64
63
65
62
60
60
61
59
61
58
59
57
58
58
55
54
53
53
52
53
51
53
52
51
50
52
52
