35
34
34
34
36
35
35
36
35
35
35
36
39
34
35
34
35
35
34
34
35
36
37
37
37
36
34
33
35
32
33
32
33
33
32
32
32
31
31
31
31
31
30
29
28
29
28
27
27
27
26
25
25
25
25
25
28
29
29
28
31
27
25
26
26
24
24
25
24
23
23
23
22
22
23
22
21
21
20
20
20
20
19
19
19
20
19
19
18
22
16
17
17
19
19
19
17
16
16
16
17
16
16
15
16
17
17
16
15
17
15
15
15
15
15
16
15
16
17
16
16
17
17
17
19
17
18
18
19
21
21
25
20
23
21
20
22
22
23
23
24
23
26
27
27
27
26
27
29
29
30
30
29
29
29
29
31
33
32
30
26
27
27
27
28
30
30
33
31
31
31
32
32
32
34
35
34
34
34
35
34
34
35
35
36
35
35
35
35
35
34
35
36
35
36
36
36
38
39
38
37
39
39
38
37
35
36
36
36
36
37
36
35
35
36
36
35
36
35
35
35
35
34
35
37
34
37
33
34
33
33
35
37
35
35
35
35
35
34
34
34
35
34
35
35
35
35
37
38
37
39
36
36
36
35
36
36
36
36
37
35
35
35
34
34
34
33
33
35
33
34
36
33
34
35
35
35
33
33
33
33
32
33
34
31
31
33
33
