22
22
21
20
20
23
22
22
19
20
21
20
21
21
23
22
19
21
21
20
22
20
19
19
22
21
19
21
21
21
18
22
20
25
25
24
20
27
25
25
24
20
24
24
23
25
27
25
27
29
29
31
30
27
25
26
25
24
22
24
19
20
23
22
22
18
20
21
20
21
19
21
22
22
23
25
19
27
17
23
20
20
21
21
19
20
23
21
20
26
21
25
28
22
23
21
21
23
21
19
21
25
20
18
21
21
20
20
22
21
20
22
25
20
24
24
19
21
24
23
19
24
26
21
20
20
20
21
21
25
20
24
25
20
21
20
24
19
19
24
21
18
22
24
21
24
23
21
21
22
22
22
24
20
21
26
24
24
22
24
23
29
28
25
27
25
25
27
27
27
25
29
29
28
27
22
26
27
26
27
28
27
28
28
29
30
30
29
29
30
26
28
24
26
28
30
26
26
25
23
22
26
29
27
25
26
29
28
26
29
28
31
28
29
29
26
25
26
23
27
25
22
24
25
23
25
27
26
31
31
25
27
28
24
27
27
26
27
26
29
28
26
26
25
26
26
25
26
27
23
22
24
23
26
27
25
29
29
29
31
25
29
25
24
28
24
25
24
22
24
23
22
28
19
19
22
22
42
38
42
39
41
39
43
38
39
44
40
