18
17
15
14
17
18
20
19
18
17
17
15
19
20
16
19
18
20
20
21
18
21
20
22
21
23
22
22
22
24
21
22
20
19
22
22
21
19
19
20
21
20
21
20
21
19
23
22
24
21
22
21
22
18
20
21
21
20
19
21
18
24
23
20
20
22
22
22
22
23
22
21
21
23
20
21
21
18
19
20
22
25
20
17
20
17
20
22
17
21
19
19
20
21
19
20
19
20
22
21
21
22
18
19
23
22
22
22
23
23
21
19
22
19
21
22
19
19
21
17
20
19
18
23
19
21
22
20
23
22
23
21
24
20
21
23
27
23
20
22
19
20
23
21
24
21
21
20
20
20
21
22
22
22
22
21
23
20
22
19
22
22
21
21
23
23
22
21
23
22
23
20
21
20
21
20
20
23
23
21
19
19
21
22
21
21
19
22
23
22
20
23
22
21
24
20
23
20
19
21
22
23
22
23
21
20
22
20
22
22
20
22
20
21
21
20
20
23
19
22
21
22
20
21
20
20
21
21
21
20
22
20
22
22
23
20
23
20
23
20
25
22
21
21
21
21
22
23
23
20
21
24
24
21
21
19
23
24
21
22
22
23
23
21
23
19
20
25
20
22
22
19
22
21
24
22
23
32
29
26
24
26
22
27
23
24
23
24
