7
7
7
7
7
8
7
7
7
6
6
6
7
6
6
6
6
6
6
6
6
6
5
6
6
6
6
5
5
6
7
6
7
7
7
6
5
5
5
5
5
6
8
8
7
5
5
5
5
6
6
7
5
4
4
4
4
4
4
4
6
6
4
4
4
4
4
4
8
7
6
6
4
5
6
6
4
4
5
4
5
4
4
4
4
4
4
4
4
4
4
4
4
4
5
6
5
5
5
5
6
6
6
6
5
6
6
6
6
6
6
6
6
6
6
6
6
7
7
7
7
10
12
8
8
8
8
7
7
7
7
7
7
7
7
7
7
7
6
6
6
6
6
6
6
7
6
7
7
7
7
7
7
7
7
7
7
7
8
8
8
8
7
7
7
7
7
7
7
8
8
8
8
8
8
8
9
8
9
8
9
12
11
10
10
11
10
10
10
9
10
10
10
9
10
9
10
9
9
9
9
9
10
9
9
9
9
9
8
9
8
8
7
8
8
9
9
8
8
8
8
9
8
9
8
8
7
7
7
7
7
7
7
7
7
7
8
7
8
6
5
9
21
8
8
8
8
8
8
8
8
8
8
8
8
8
8
7
8
8
8
7
8
10
9
9
7
8
9
9
10
7
7
10
11
13
9
10
10
10
10
10
10
10
10
10
10
9
