8
7
7
7
8
8
6
6
7
6
6
7
6
6
6
5
5
6
7
5
6
6
6
5
6
5
5
5
5
6
6
5
6
6
6
6
4
4
4
4
4
5
6
6
5
4
4
4
4
5
5
6
4
3
3
3
3
3
3
3
5
5
3
3
3
3
3
3
7
6
5
5
4
5
5
6
3
3
4
3
3
4
3
3
3
3
3
3
3
3
3
3
3
3
4
5
4
4
4
4
5
5
4
5
4
4
4
4
4
4
5
5
5
4
5
5
5
5
6
5
6
8
10
7
6
6
6
8
8
8
7
7
7
7
7
7
7
7
6
6
9
6
5
5
6
6
6
7
5
6
6
6
6
6
6
6
7
7
7
7
7
7
8
7
7
7
7
7
7
7
7
7
6
7
6
7
7
7
7
7
7
10
10
9
10
12
9
7
9
8
8
7
8
7
7
7
8
7
7
6
7
8
9
7
7
10
8
7
7
8
9
6
6
8
9
8
7
6
6
6
6
6
6
6
7
7
6
6
6
6
6
6
6
6
6
6
7
6
7
28
6
6
6
7
6
7
6
6
6
6
6
6
6
6
6
6
6
6
6
6
6
6
7
7
7
8
7
6
7
7
8
6
6
8
9
10
8
8
9
8
8
9
8
8
7
7
7
8
