8
7
7
7
7
8
7
6
7
6
6
6
7
6
7
5
5
5
5
5
6
6
6
6
6
6
6
5
5
6
6
5
6
6
6
6
4
5
4
4
4
5
6
7
6
5
5
4
4
5
5
6
5
3
3
4
4
4
4
4
5
5
3
3
3
3
3
3
7
6
5
5
4
5
5
6
3
3
4
4
4
4
3
3
4
3
3
4
4
4
4
4
4
4
4
5
4
4
4
4
5
6
5
5
5
5
5
5
5
5
5
5
6
5
6
6
6
6
6
6
6
9
11
8
7
7
7
8
8
8
8
8
7
7
8
7
8
9
7
8
10
7
6
7
7
8
7
8
7
8
8
8
8
8
7
7
7
7
7
8
8
7
9
7
7
7
7
7
7
7
8
8
9
9
9
8
8
8
8
8
9
11
11
10
11
9
9
8
10
11
9
9
9
8
8
8
9
8
8
8
8
8
10
8
7
8
8
8
8
8
11
8
7
9
11
8
7
7
7
7
8
7
7
7
8
9
8
7
7
7
7
7
8
7
7
7
7
7
27
8
7
8
7
8
7
8
7
8
7
7
7
8
7
7
7
8
7
7
7
7
7
7
8
9
8
9
7
7
8
8
8
7
7
8
9
11
9
9
9
9
8
8
8
9
8
8
8
8
