8
7
8
8
8
9
8
7
7
7
6
8
7
7
6
5
6
6
8
5
6
6
7
6
9
6
6
5
5
6
6
6
7
6
6
6
4
5
4
4
4
5
6
7
6
5
5
4
4
5
6
6
5
4
3
4
4
4
4
4
5
5
3
3
3
3
3
3
7
6
6
6
4
5
6
6
3
3
5
4
4
5
3
3
4
3
4
3
4
3
3
4
3
4
4
5
4
4
4
4
5
6
6
6
5
5
5
4
5
5
6
5
6
5
5
5
6
5
6
6
6
8
10
8
7
7
7
8
8
8
7
8
8
7
8
7
7
8
6
8
12
6
6
7
7
7
6
6
6
7
7
7
7
7
8
7
7
6
7
7
7
8
10
7
7
8
8
8
8
8
8
8
8
8
8
8
9
8
9
8
10
11
11
10
11
12
10
9
11
11
9
9
10
9
9
9
11
9
9
8
9
9
11
9
9
9
9
8
9
9
11
8
7
10
13
9
8
7
8
7
8
8
7
7
8
9
7
7
7
7
7
7
8
7
7
7
7
7
8
8
7
8
7
8
7
9
7
26
11
8
8
8
7
8
7
9
8
8
8
8
8
7
9
9
9
10
8
7
9
9
9
7
8
10
11
13
10
10
11
10
10
10
9
10
9
9
9
9
