46
26
9
6
4
3
2
2
2
2
2
2
2
11
26
27
50
48
63
46
54
31
56
41
55
35
34
23
8
17
2
2
2
2
10
2
2
12
27
28
56
43
50
52
70
54
25
3
2
2
2
2
22
57
47
70
66
63
34
7
2
2
2
2
13
2
2
2
2
21
29
49
62
59
35
6
2
2
4
22
65
60
75
53
8
2
2
1
2
2
2
1
2
10
41
66
54
79
29
4
3
2
2
1
2
2
3
12
38
43
70
66
43
24
3
2
2
1
1
1
20
18
30
42
40
28
10
3
8
2
2
2
2
5
4
7
2
1
2
12
2
1
10
2
2
2
12
2
2
2
10
2
2
1
1
1
1
2
2
2
2
2
2
2
1
1
1
1
1
2
1
2
1
2
2
1
2
2
1
2
2
2
1
1
1
2
1
2
2
2
2
2
11
2
2
2
2
2
2
1
10
2
1
1
1
1
1
2
1
1
1
1
1
1
1
1
1
1
1
1
1
3
13
23
2
2
1
1
1
1
1
1
6
57
46
70
89
48
47
31
10
3
2
2
2
2
2
2
2
2
2
2
2
2
2
1
1
1
1
1
1
1
1
1
22
23
77
81
77
44
59
65
63
66
57
58
66
70
59
56
31
5
3
2
2
1
1
1
