20
14
7
5
3
2
2
2
2
2
2
2
2
15
18
32
32
50
45
42
34
46
59
51
44
76
14
11
4
3
2
2
2
2
2
2
2
17
36
44
68
58
77
73
25
38
16
3
2
2
2
2
16
53
61
59
53
39
21
6
2
2
2
2
2
2
2
2
6
37
51
87
51
66
19
4
3
2
12
35
51
63
48
31
3
2
2
2
2
2
2
2
2
21
74
43
35
29
23
4
3
2
2
2
2
2
2
23
53
72
23
33
16
9
3
2
2
2
2
2
19
40
34
35
26
17
6
3
2
2
2
2
2
6
15
3
2
2
2
3
2
2
2
2
2
2
2
2
2
2
2
2
2
2
2
2
2
2
14
3
2
17
4
2
2
2
2
2
2
2
2
2
2
2
2
2
2
2
2
2
2
2
2
2
2
2
2
15
2
2
2
2
2
2
2
2
2
2
2
2
2
11
2
2
2
2
2
2
2
2
2
2
2
2
2
2
2
1
2
1
2
2
9
11
2
2
2
2
2
1
2
2
16
53
43
36
42
29
38
16
7
3
2
2
2
2
2
2
2
2
2
2
2
2
2
2
2
2
2
2
2
2
2
2
31
14
77
65
43
49
47
45
58
60
43
37
58
33
31
24
7
4
3
2
2
2
2
2
