23
12
12
5
4
2
2
2
2
2
2
2
2
18
36
67
81
35
20
24
32
21
29
50
36
47
65
17
7
17
2
2
2
2
2
2
2
22
61
41
42
23
41
36
59
69
22
3
4
25
2
2
19
72
39
56
41
52
58
16
3
2
2
2
2
2
2
2
2
52
47
30
64
59
60
39
3
2
5
45
30
47
57
16
3
2
2
2
2
2
2
2
11
19
64
38
39
48
26
15
2
2
2
2
2
2
2
17
76
42
51
36
62
38
3
2
2
2
2
2
13
42
29
22
43
29
10
3
2
2
2
2
2
5
3
2
2
2
2
2
4
2
2
2
2
2
2
2
2
2
2
2
2
2
2
2
2
2
2
2
2
2
2
2
2
2
2
2
2
2
2
2
2
2
2
2
2
13
2
2
2
2
2
2
2
13
2
2
2
12
3
2
9
2
2
2
2
2
2
2
12
2
2
1
1
1
1
2
1
1
1
1
1
1
1
1
1
1
1
1
1
4
18
19
2
2
1
1
1
1
1
2
29
53
76
65
22
71
55
23
11
3
2
13
3
2
2
2
2
2
2
2
2
1
2
1
1
1
1
1
1
1
1
1
5
35
63
45
89
34
30
38
52
32
59
62
45
48
60
40
8
4
5
2
2
1
1
1
