39
17
11
7
4
2
2
2
2
2
2
2
2
10
38
31
26
51
48
33
41
29
63
44
50
49
46
44
38
4
2
2
2
2
2
2
2
23
36
34
41
43
48
26
32
42
14
3
2
2
2
2
21
37
68
36
39
34
48
8
3
2
2
2
2
2
2
2
7
34
50
35
32
36
38
17
3
2
10
32
44
48
41
23
3
2
2
2
2
10
2
2
2
35
66
62
36
37
36
5
3
2
2
2
2
2
2
24
55
38
52
61
82
38
3
2
2
2
2
2
16
35
59
49
38
57
43
3
2
2
2
2
2
6
3
2
2
2
2
2
2
2
2
2
2
2
2
2
2
2
2
2
2
2
2
2
2
2
2
2
2
2
2
2
2
11
2
2
2
2
2
2
2
2
2
2
2
2
13
2
2
2
2
2
2
2
15
2
2
2
2
2
2
2
2
2
2
2
2
2
2
2
2
2
2
2
2
3
2
2
2
2
2
1
1
1
2
1
1
1
2
7
17
13
2
2
2
2
2
2
2
2
47
105
87
25
22
43
30
32
9
3
2
2
2
3
2
2
2
2
2
2
2
2
2
2
2
2
2
2
2
2
2
2
11
98
63
50
66
42
77
47
85
75
50
54
47
77
58
18
26
10
7
10
2
2
2
14
