14
19
21
5
4
3
2
2
2
2
2
2
2
9
65
34
42
29
52
63
40
45
41
30
29
49
55
21
8
3
2
11
2
2
2
2
2
37
61
48
39
47
60
28
59
30
19
3
3
2
2
2
35
52
32
61
44
38
54
12
3
2
2
2
2
2
2
2
2
63
64
49
83
58
21
22
3
2
9
33
50
50
27
19
3
2
2
2
2
2
2
2
2
37
49
50
79
39
17
22
3
2
2
11
2
2
2
41
31
31
41
60
21
11
9
2
2
2
2
2
25
24
37
35
28
23
10
3
2
2
2
2
2
7
4
4
2
2
2
2
2
19
3
2
2
2
2
2
2
2
2
2
2
2
2
2
2
2
2
2
2
2
2
2
2
2
2
2
2
2
2
2
2
2
2
2
2
2
2
2
2
2
2
2
2
11
2
11
13
2
2
2
2
2
2
2
2
2
2
2
2
2
2
2
2
2
2
2
2
2
2
2
2
2
2
1
2
2
2
2
2
2
16
8
2
2
2
2
2
2
2
2
8
54
35
57
32
23
42
23
5
2
2
2
2
2
2
2
2
2
2
2
16
4
2
2
2
2
2
2
2
2
2
2
3
25
25
41
64
53
55
54
45
63
53
41
48
57
52
50
19
5
3
2
2
2
2
2
