4
5
4
4
5
4
4
4
4
4
4
5
4
4
4
4
4
4
6
7
5
7
7
7
8
7
8
9
8
8
7
17
8
11
11
8
8
11
10
12
14
9
13
17
16
15
8
7
11
16
6
6
8
6
13
12
8
6
9
13
14
16
11
10
19
28
31
45
36
29
35
30
28
58
48
52
48
54
36
39
43
43
29
27
44
41
57
53
35
36
32
31
44
26
21
15
22
22
33
28
29
31
29
22
12
12
11
15
9
12
11
11
11
9
13
9
11
10
8
16
9
22
16
14
10
10
9
10
10
12
9
14
12
10
13
12
10
10
9
10
21
8
7
10
10
8
9
7
9
9
8
10
8
13
10
9
11
11
13
12
12
12
20
20
10
10
23
11
9
10
9
22
13
22
10
12
10
9
10
10
11
13
14
13
12
12
10
10
9
20
12
9
12
9
16
13
11
11
20
11
25
10
9
12
12
15
11
14
12
16
19
20
28
14
18
21
26
27
16
31
13
14
14
16
12
16
15
14
32
14
16
20
17
12
12
18
15
13
19
13
13
19
19
22
15
18
25
15
22
14
27
19
9
19
18
14
13
15
12
12
16
11
18
16
10
17
13
22
22
17
28
14
17
12
13
22
9
15
11
11
11
12
12
12
13
25
16
14
