20
17
9
5
3
2
2
2
1
2
1
1
1
18
24
51
67
53
30
40
33
40
35
59
47
65
25
16
7
3
2
2
12
2
2
2
1
38
54
43
40
45
43
76
68
42
32
15
2
2
1
2
15
38
53
70
70
63
44
15
2
2
2
1
1
2
2
1
4
32
61
64
45
71
68
30
2
2
7
39
31
70
42
13
3
2
1
2
2
2
10
2
2
16
46
44
59
63
43
5
2
2
2
2
2
2
2
22
58
52
44
50
90
26
3
2
2
2
2
2
29
55
64
33
41
28
23
15
2
2
2
2
2
6
3
2
2
2
2
2
2
2
2
1
2
2
2
2
2
2
2
1
2
2
2
1
2
2
2
2
2
15
2
2
2
2
1
1
2
2
2
2
7
23
2
2
2
3
2
2
1
2
1
2
2
2
2
3
2
2
2
2
2
2
15
2
2
2
1
1
1
2
1
1
1
2
2
3
1
2
1
1
1
1
1
1
1
1
1
1
1
10
32
29
3
2
2
2
1
2
1
3
103
101
48
75
20
70
71
25
7
4
2
3
2
2
2
2
2
2
2
2
2
2
2
2
1
2
1
2
1
2
1
2
45
58
63
78
40
37
35
40
65
89
77
72
71
72
72
63
16
4
3
2
2
1
1
1
