11
20
17
29
20
9
18
10
9
9
8
10
10
10
16
9
9
10
9
10
9
17
10
9
9
10
10
11
10
21
11
9
9
11
10
9
14
12
10
10
10
12
12
10
10
18
10
10
9
11
10
10
9
10
18
11
10
10
11
9
9
10
15
10
12
14
13
11
11
12
14
14
11
10
11
10
15
12
11
16
11
11
11
10
12
11
12
10
17
11
11
10
11
11
10
11
10
20
11
11
13
11
11
11
9
9
11
16
10
10
11
11
11
10
10
11
16
10
11
10
10
9
11
10
12
11
19
11
14
11
11
11
10
11
16
11
11
11
11
11
10
10
10
17
11
11
10
10
10
9
10
9
17
10
10
12
11
11
11
21
12
17
11
12
10
10
10
10
10
11
16
10
10
9
10
10
10
11
11
10
15
11
11
11
9
9
10
9
10
16
12
10
9
10
11
11
10
10
10
15
18
10
10
9
9
10
30
10
11
10
9
8
17
9
11
18
12
11
12
10
10
11
16
19
14
11
10
11
12
12
12
12
27
11
16
17
16
16
17
17
22
18
15
17
16
14
14
14
15
17
19
16
22
16
15
15
15
26
20
16
15
14
16
18
16
14
16
16
15
14
15
14
10
10
11
9
9
9
10
9
17
10
10
9
9
10
9
9
