32
12
7
4
3
2
2
2
2
2
2
2
2
3
38
57
59
48
87
50
19
45
45
25
23
36
31
14
12
3
2
2
2
2
2
2
2
31
52
72
81
36
33
34
29
36
11
2
2
2
2
1
28
77
87
46
52
26
20
22
2
2
1
2
2
2
2
2
6
49
54
56
28
26
31
24
2
2
10
75
64
39
37
21
3
2
2
2
2
2
2
14
2
42
69
66
53
41
29
4
2
2
2
2
2
12
2
36
38
51
60
33
22
34
3
2
10
2
2
2
34
38
37
23
30
25
6
9
5
2
2
2
2
5
3
3
2
2
11
2
2
11
2
2
2
2
2
2
2
2
2
2
2
2
1
2
2
2
2
2
2
2
2
2
2
2
2
2
2
2
2
2
2
2
2
11
2
2
2
2
2
2
1
2
2
5
4
1
1
2
1
2
2
2
2
2
2
2
2
2
2
2
1
1
1
1
1
2
1
1
1
1
1
1
1
1
1
1
1
1
1
3
12
18
2
2
1
1
1
1
1
1
25
39
39
52
45
48
63
41
16
4
2
2
2
2
2
1
2
2
1
2
2
2
7
2
1
1
1
1
1
1
1
1
4
77
35
36
42
88
73
51
48
57
64
51
53
52
61
56
17
4
5
2
1
1
1
1
