67
85
78
68
64
69
98
168
149
153
112
68
44
82
92
86
98
160
96
108
134
128
137
218
191
179
202
163
147
152
172
156
134
126
160
151
140
71
74
67
86
124
152
142
140
145
140
106
116
141
141
140
134
135
132
147
112
92
101
82
99
97
140
131
128
145
124
134
113
95
118
101
106
75
95
114
131
95
110
134
150
152
158
166
129
94
75
102
124
89
83
71
107
75
86
83
76
81
108
93
103
75
99
86
101
91
107
113
131
131
100
108
73
65
100
120
131
116
140
129
120
86
57
84
123
170
171
161
164
115
76
75
66
93
77
103
109
119
86
102
97
72
125
86
99
114
143
117
139
91
73
102
120
115
91
66
81
79
77
71
85
85
110
90
71
64
77
102
87
99
92
108
99
52
64
72
68
74
72
87
65
62
93
68
117
54
95
107
97
88
79
73
145
128
138
123
81
67
92
85
90
106
110
133
90
64
65
94
124
83
79
86
102
129
122
161
155
111
132
183
130
59
49
75
88
103
67
126
81
76
97
100
111
107
120
71
62
134
98
86
103
112
85
130
103
98
85
103
61
81
62
98
119
88
53
70
59
69
63
95
86
106
75
91
98
90
57
54
83
82
76
70
74
89
104
92
93
92
119
113
95
84
96
123
120
95
76
44
