128
122
130
132
132
92
109
77
76
70
72
99
88
119
105
123
145
132
133
144
144
144
148
128
132
141
129
118
126
133
141
148
112
123
118
81
87
57
86
110
125
129
104
134
114
113
96
81
80
78
97
98
114
91
147
152
127
123
149
144
138
144
160
180
170
149
144
153
158
115
103
103
115
108
99
88
134
152
115
108
75
61
77
76
94
77
116
135
152
97
96
125
101
100
126
105
131
123
108
101
111
55
88
85
94
79
70
103
142
143
98
80
150
140
153
147
152
145
141
120
84
95
77
82
115
63
85
72
104
99
129
165
131
99
103
113
102
116
123
108
134
60
74
139
128
110
92
115
76
89
96
83
68
85
118
129
167
121
102
119
65
65
69
89
102
88
88
93
82
94
102
83
87
107
98
97
106
99
74
81
103
102
79
78
82
75
71
63
72
88
89
76
100
118
128
107
123
120
85
83
126
103
109
124
81
99
85
78
101
134
123
133
123
122
117
91
81
83
128
89
70
123
130
123
131
102
79
84
94
88
72
82
78
75
111
76
86
130
136
144
128
137
141
142
138
136
93
88
104
118
72
75
75
109
141
128
118
145
107
88
92
107
122
142
109
72
66
77
68
84
72
93
139
141
116
138
122
130
129
68
105
104
84
70
94
111
115
39
