124
96
74
106
164
146
145
116
80
112
112
97
63
163
190
191
183
150
155
142
95
131
148
147
130
158
151
151
153
128
122
143
126
129
120
122
102
71
66
98
75
98
116
121
108
79
96
113
117
99
103
103
87
96
99
136
135
125
160
160
153
149
147
120
127
108
95
99
69
120
113
105
92
89
96
108
105
92
69
95
72
82
95
96
86
86
105
143
144
136
155
151
91
102
111
114
101
107
111
103
121
92
58
103
100
128
121
135
53
94
76
94
84
72
84
117
80
77
69
77
95
107
56
87
99
74
71
111
116
71
96
114
123
143
85
143
79
82
110
86
146
153
128
131
126
137
137
122
101
98
77
100
45
78
119
122
69
71
75
94
90
103
104
88
58
66
81
118
141
118
110
108
118
108
94
120
131
113
96
103
87
68
70
74
89
73
77
69
71
93
81
122
130
126
100
99
92
116
116
107
71
75
89
89
94
80
44
87
80
91
108
115
94
132
142
140
108
98
89
74
96
87
72
83
79
80
84
92
99
85
83
87
81
78
93
89
84
133
129
136
120
105
105
86
75
78
68
72
93
89
76
79
103
109
100
111
89
92
116
133
108
66
87
84
90
113
93
73
80
120
101
116
85
90
103
94
102
101
102
114
102
95
91
110
104
127
140
63
