39
41
50
47
51
44
48
46
50
45
45
47
45
46
45
54
50
47
52
49
40
51
46
46
45
45
42
41
39
41
36
46
35
36
36
37
35
33
33
33
51
29
33
31
31
34
31
29
33
37
29
29
50
36
36
41
41
38
39
34
39
35
27
31
27
25
27
29
23
21
22
21
21
20
19
21
25
18
22
18
18
18
19
17
26
21
17
16
26
21
17
18
23
19
17
17
17
17
15
24
29
17
16
17
19
19
18
17
16
22
16
16
21
25
15
20
22
21
17
17
18
18
19
21
20
19
20
22
22
22
23
24
20
20
18
17
23
25
23
25
23
25
26
31
27
29
29
30
33
32
33
33
32
39
34
33
34
46
43
43
44
40
44
43
41
45
43
44
53
44
43
45
51
47
50
52
50
53
48
48
50
50
51
50
53
49
52
50
50
50
65
51
56
66
57
56
61
62
60
67
57
58
63
61
59
65
70
64
60
61
58
51
49
49
46
48
49
41
43
40
41
38
38
36
38
35
34
38
30
36
33
33
32
31
33
37
31
30
45
36
39
38
35
30
33
34
39
39
39
41
33
32
31
34
33
41
35
30
33
36
35
35
33
32
37
33
33
34
34
33
42
43
44
40
40
50
39
42
38
38
47
44
43
40
41
48
47
52
