52
48
52
52
52
53
56
67
58
54
54
54
58
56
51
53
51
51
58
53
49
51
54
54
52
47
46
46
45
48
44
45
40
40
40
39
40
44
39
36
39
35
39
36
34
33
34
36
36
32
33
30
46
36
46
43
41
40
42
38
46
33
31
30
30
29
27
27
26
27
26
24
23
22
22
22
22
21
21
28
19
20
24
17
18
20
18
18
18
19
17
18
18
17
18
16
17
16
16
26
27
20
34
17
16
17
18
24
34
25
17
17
18
16
27
17
18
17
18
17
18
18
18
20
21
20
20
23
21
21
23
21
22
21
20
27
24
25
26
27
29
27
29
30
31
35
34
35
36
36
37
38
37
37
40
46
40
44
43
45
48
48
47
46
46
48
52
48
66
51
49
51
54
52
54
58
63
61
58
58
59
59
59
59
67
58
60
62
61
62
81
64
64
68
67
64
75
74
68
68
67
71
72
71
73
74
73
72
74
74
64
64
57
62
53
53
44
47
43
41
37
39
36
40
43
37
43
35
34
36
34
37
35
33
41
36
33
33
35
37
34
36
35
37
39
35
45
50
37
36
41
37
37
37
37
38
40
36
37
59
36
36
37
39
36
36
36
36
43
38
38
41
42
42
41
42
40
44
43
43
42
43
42
45
43
44
42
44
