46
47
53
52
49
51
58
60
53
54
53
57
51
65
50
55
53
64
52
58
62
50
50
50
53
58
47
45
46
45
41
44
39
40
40
38
37
41
37
36
35
49
36
33
33
32
34
35
33
31
31
30
42
35
41
44
37
37
37
34
46
32
31
30
28
30
30
27
26
28
30
23
23
22
23
23
23
22
21
21
21
21
22
20
20
24
28
21
19
20
20
18
18
26
22
17
17
17
16
25
17
18
19
19
19
22
22
23
18
18
23
21
17
17
16
17
16
18
17
18
18
25
19
19
21
21
21
21
22
21
22
23
23
21
18
19
22
27
33
30
26
34
29
29
29
31
32
35
50
35
38
36
35
45
43
38
38
40
39
40
41
41
44
42
47
45
48
46
47
47
53
46
50
48
47
50
52
56
53
54
59
69
52
55
54
54
55
63
79
55
70
58
71
56
60
57
70
66
61
71
64
68
66
69
64
70
74
70
68
73
65
63
54
51
50
51
42
42
53
38
36
38
35
35
47
43
34
34
33
35
41
34
36
37
33
32
33
33
34
33
37
37
35
41
33
34
41
43
41
42
38
36
37
37
36
35
36
36
36
39
38
36
37
36
36
36
43
37
38
37
42
39
41
43
41
47
41
42
41
43
44
42
43
46
47
50
46
47
