58
49
49
53
68
72
54
54
60
58
58
53
56
50
52
54
54
52
64
52
51
55
73
55
48
48
48
57
53
45
51
38
39
38
39
44
38
37
42
37
48
35
37
35
34
34
34
34
43
36
40
32
36
34
41
45
45
45
44
38
42
39
34
34
33
37
28
28
31
26
26
25
25
30
32
22
21
20
20
19
20
20
20
19
20
17
23
17
17
18
17
17
17
20
19
20
23
19
18
26
23
19
19
20
21
20
23
27
23
18
17
19
17
18
17
18
18
18
17
19
19
20
22
22
23
29
22
22
23
22
23
22
24
21
19
18
22
24
24
25
25
26
31
27
31
34
35
36
37
42
41
45
44
44
40
42
46
54
46
47
49
49
51
53
54
55
53
55
59
59
62
60
63
56
63
58
63
61
61
63
62
69
66
65
66
67
80
60
57
60
66
58
63
57
61
64
70
68
62
63
64
68
66
67
66
69
71
67
65
71
64
58
59
54
53
48
44
43
54
39
34
37
39
38
45
38
37
37
35
35
37
40
40
37
35
35
40
39
37
35
37
34
36
36
40
35
36
36
38
36
46
44
40
44
43
39
44
36
41
37
36
40
36
39
51
46
43
43
41
41
41
44
46
50
45
45
49
48
51
44
42
45
46
48
51
46
46
54
