42
53
45
46
47
46
64
49
48
49
48
51
46
45
45
46
44
47
49
45
44
48
46
45
50
42
41
40
39
37
37
37
54
39
41
36
48
36
37
34
36
35
34
33
33
33
37
29
33
30
30
29
59
35
40
38
37
38
35
36
44
38
31
28
27
26
25
27
25
25
25
25
24
22
22
22
22
21
22
21
32
21
24
19
21
18
20
19
21
19
17
19
17
18
18
43
16
16
15
36
27
17
21
21
21
16
16
16
15
16
15
16
15
14
15
15
15
15
16
16
17
16
18
17
18
18
18
19
18
19
19
21
20
17
16
16
21
22
23
23
31
25
26
26
26
28
29
34
32
33
35
34
35
35
38
36
38
41
41
48
59
43
43
57
39
41
42
40
42
50
48
61
50
53
55
59
73
47
48
46
48
50
50
54
50
49
58
54
53
52
84
54
51
55
57
56
64
67
58
58
58
60
60
61
68
63
65
60
62
61
57
47
48
47
45
48
38
38
37
35
32
32
32
31
37
33
35
33
30
30
30
32
30
31
30
29
31
30
29
39
32
31
30
31
31
37
35
34
33
34
35
34
34
36
35
33
33
31
33
33
33
32
34
52
33
33
32
33
36
35
35
36
36
37
39
38
36
36
38
37
44
42
36
37
38
38
37
38
