58
54
61
63
65
60
61
62
64
67
64
65
61
68
63
70
62
61
63
66
67
65
62
64
64
60
78
59
53
59
50
49
48
49
45
48
49
46
65
45
44
44
44
45
42
43
42
40
47
43
44
38
38
41
52
54
58
50
48
49
45
45
40
40
39
37
32
33
34
30
48
26
26
25
26
25
26
43
29
23
24
23
23
21
22
26
20
19
21
33
21
22
21
23
21
20
20
19
19
18
19
22
21
21
20
21
21
20
23
25
19
19
18
18
18
20
24
25
20
28
20
19
22
20
32
22
22
22
23
25
25
26
25
23
22
22
28
31
34
30
31
31
33
32
39
35
37
37
40
41
43
42
44
45
45
46
54
51
55
54
60
53
59
61
55
56
66
57
58
65
61
63
66
63
64
66
68
68
72
67
70
76
67
69
72
71
72
75
71
73
73
71
75
77
79
79
75
79
79
78
83
88
84
86
82
88
88
90
91
101
73
63
64
84
62
65
56
57
53
45
40
41
39
41
43
42
37
45
42
41
41
43
45
47
41
40
41
42
41
41
47
47
41
41
44
44
44
52
46
51
47
48
47
47
47
51
48
43
45
45
45
50
47
46
47
46
45
46
50
50
51
57
52
58
55
55
58
53
56
55
72
61
57
54
51
56
52
58
