48
51
48
51
50
49
51
54
56
49
51
56
52
48
59
60
71
52
53
52
46
55
63
56
56
63
56
51
46
41
43
43
41
44
40
38
38
38
38
40
35
34
35
39
34
38
33
32
37
33
34
36
37
32
39
41
42
40
40
37
39
33
32
32
30
28
27
28
29
24
25
24
28
33
23
22
23
22
21
20
21
20
20
19
20
19
19
26
33
26
21
18
25
19
17
18
18
18
16
20
18
17
21
19
20
19
21
20
21
20
25
18
17
16
16
17
18
18
18
18
20
19
21
21
22
21
22
22
35
22
23
25
24
22
21
21
26
27
27
30
27
30
27
28
31
32
33
34
35
34
35
36
42
38
41
39
40
42
42
47
44
46
46
46
48
53
48
49
50
54
49
50
50
64
58
57
53
56
55
55
55
58
57
65
55
63
81
84
62
64
69
67
68
62
64
68
74
72
77
79
70
74
71
76
82
93
71
73
74
70
60
58
56
52
54
50
43
43
40
38
38
35
35
36
40
40
35
35
36
34
33
35
35
33
36
34
33
36
33
34
35
38
35
37
33
34
35
39
38
40
43
39
45
39
42
36
35
34
36
41
37
35
36
37
40
39
38
37
36
41
38
42
41
47
43
46
43
50
47
41
41
45
44
45
47
43
44
43
