45
46
47
50
47
51
54
53
55
49
50
48
56
49
51
50
54
49
53
47
47
47
47
49
44
51
43
43
47
44
41
41
40
40
37
39
35
34
34
34
34
35
42
31
30
30
31
30
33
31
34
27
31
29
35
35
37
36
36
43
37
32
31
29
28
27
29
24
23
23
22
22
21
21
21
21
20
20
21
19
20
18
19
24
17
17
17
17
17
18
17
17
17
17
16
16
18
17
17
22
17
16
16
16
21
22
21
26
18
17
18
22
17
16
17
18
18
23
18
17
18
22
17
18
19
18
20
20
21
20
20
20
21
18
16
16
20
22
22
23
25
26
29
28
28
28
34
31
32
34
33
33
33
33
33
36
39
45
42
53
43
40
41
41
43
43
46
45
53
46
46
46
49
52
52
51
53
58
52
55
57
59
57
57
58
85
53
54
56
56
64
56
54
57
56
58
64
66
64
63
62
68
69
65
66
85
72
69
66
67
61
51
50
50
49
52
42
40
39
37
34
34
32
33
35
31
31
33
33
32
32
32
31
32
34
35
35
35
35
35
33
35
35
36
35
36
45
46
37
36
43
39
37
42
42
48
36
37
37
38
38
37
35
37
37
38
37
39
39
39
42
42
43
45
45
47
44
44
45
46
45
47
45
46
46
45
45
43
