36
36
34
34
34
36
34
34
28
27
27
28
29
29
29
30
30
31
31
32
33
32
32
32
33
33
34
34
33
31
32
31
34
29
28
28
28
28
29
29
29
30
30
29
29
29
28
28
29
30
30
29
29
28
28
32
25
24
24
23
25
25
24
24
24
24
24
24
24
23
24
23
26
25
25
24
23
23
22
23
26
21
20
20
21
19
19
19
18
19
19
19
19
21
19
19
19
19
19
18
20
21
0
20
20
19
18
19
20
17
18
18
18
18
18
17
17
17
17
17
18
18
20
19
20
20
25
20
19
19
19
19
19
20
20
19
19
20
20
20
20
21
21
22
22
23
25
25
26
27
27
31
26
25
27
27
29
30
32
34
34
34
38
41
42
43
43
45
50
50
51
56
58
60
74
73
67
68
71
69
71
73
75
74
73
71
72
72
73
74
73
73
71
71
72
75
76
71
72
71
71
71
72
69
70
70
70
70
69
67
68
69
71
69
68
66
67
68
69
70
70
68
67
70
62
62
65
65
65
63
66
70
70
68
67
68
72
70
68
67
68
69
73
75
73
76
75
76
62
65
71
73
76
72
67
69
66
63
61
61
59
56
54
56
55
55
54
49
48
45
49
37
37
37
36
36
38
38
37
36
35
39
37
38
36
36
37
35
