30
26
32
36
31
33
37
38
38
34
34
35
34
31
32
31
29
27
30
27
26
27
29
27
25
24
22
23
23
19
18
17
17
16
16
16
16
16
15
15
15
15
14
14
13
13
14
13
27
15
13
11
13
21
38
40
38
36
31
31
31
29
26
25
24
24
22
22
20
19
19
19
18
18
17
15
13
14
13
12
14
14
13
13
13
12
11
11
10
9
8
8
8
8
8
9
9
9
8
6
7
8
8
8
8
7
6
9
9
9
10
10
11
10
9
11
12
12
13
8
10
13
14
14
14
16
16
16
17
17
17
19
19
12
9
9
17
23
24
25
25
25
26
28
30
34
38
37
38
38
39
38
40
41
40
40
44
46
45
48
47
46
50
51
51
53
53
53
53
53
54
52
54
58
60
60
58
58
60
59
60
60
62
61
60
62
64
63
65
68
67
76
90
72
67
67
69
76
78
78
79
78
77
74
73
77
75
77
74
71
61
56
52
55
52
49
36
36
35
31
22
22
22
23
22
22
22
22
22
23
22
22
21
22
23
23
24
22
24
23
22
21
22
22
19
23
24
23
22
20
21
23
18
16
16
16
16
17
17
17
17
17
17
17
18
17
17
17
19
19
21
21
22
24
24
24
23
23
25
26
27
27
26
26
26
25
26
26
