31
30
32
33
32
34
37
37
40
35
33
33
34
31
36
30
28
27
30
29
27
29
31
29
28
28
29
28
26
21
20
19
19
18
18
18
18
18
17
16
16
16
16
15
15
14
15
15
33
18
15
14
16
24
45
47
44
40
36
35
34
34
28
27
26
25
24
24
23
22
21
21
20
21
20
16
15
15
14
13
15
16
16
15
15
13
12
12
12
11
11
10
10
11
10
10
11
10
9
7
9
10
10
10
9
8
6
11
12
11
11
12
12
12
11
12
13
13
14
9
11
15
17
17
18
20
20
19
20
20
21
21
20
14
11
11
20
24
24
25
25
25
27
28
31
33
35
36
39
40
39
40
40
38
38
40
45
45
45
48
47
45
51
51
54
53
51
54
58
58
57
56
53
57
58
58
60
59
60
59
60
61
64
63
61
63
63
88
71
72
69
67
89
68
67
72
75
76
77
77
76
79
79
76
74
75
75
75
73
71
64
62
59
57
53
48
36
37
36
32
22
23
24
24
24
23
25
24
23
23
22
23
24
24
23
24
26
24
23
24
22
21
23
23
20
24
24
24
23
21
23
26
21
19
18
19
18
18
18
18
17
18
17
19
20
19
19
19
20
21
22
23
24
25
25
27
26
25
25
25
26
28
27
28
27
26
29
28
