36
31
29
24
35
45
36
38
34
37
36
45
47
43
43
27
34
44
32
41
40
34
31
41
39
50
42
32
30
23
25
26
26
28
35
33
37
33
28
25
29
26
32
27
27
27
31
29
45
36
39
27
33
33
28
24
26
28
36
35
28
30
35
34
36
34
36
36
41
42
40
48
44
34
37
31
38
40
40
38
33
39
40
33
32
24
31
33
46
33
30
31
32
36
40
34
38
42
42
42
51
51
48
44
48
49
47
46
46
43
45
47
50
46
47
43
44
46
48
50
45
47
54
41
51
54
47
49
48
45
47
63
46
42
42
45
36
39
38
44
50
43
50
64
54
39
40
49
36
57
43
46
57
63
65
48
48
59
54
53
54
52
60
52
60
53
46
48
46
46
50
55
55
50
51
51
54
59
53
59
54
49
58
56
53
53
55
48
52
54
56
53
50
51
48
47
61
48
53
42
42
40
46
49
50
44
47
47
43
66
61
48
42
42
44
44
48
39
43
37
41
41
44
49
49
47
51
48
46
49
42
48
52
52
48
42
41
38
47
42
42
36
41
47
48
49
60
51
51
42
62
69
55
60
57
52
47
48
55
61
38
53
58
52
56
53
38
49
55
50
50
46
47
34
42
62
50
45
42
41
49
42
42
37
54
41
40
48
