79
79
81
79
79
79
76
75
78
78
82
76
73
74
72
76
73
77
83
81
83
79
78
81
72
76
76
73
74
73
72
72
72
75
75
72
66
65
60
57
61
61
60
62
59
49
46
54
55
55
57
52
43
53
55
55
52
51
50
49
47
50
54
47
48
47
45
47
44
40
40
39
37
39
39
37
35
35
35
33
30
31
31
33
33
34
35
34
33
36
29
28
31
28
28
28
28
28
34
35
37
34
36
36
35
33
31
32
30
28
28
26
26
28
34
35
35
34
34
34
30
30
33
35
35
36
35
27
32
33
32
35
30
25
33
33
33
22
33
30
37
35
36
38
37
32
38
36
53
68
57
59
68
66
63
68
67
72
79
77
78
72
66
66
69
65
69
69
68
70
72
70
70
71
72
72
72
73
76
73
75
77
75
75
74
72
73
76
73
75
79
76
75
79
78
79
77
76
77
79
78
79
79
81
78
78
80
79
79
79
79
81
79
76
72
74
75
75
76
77
77
79
74
75
74
74
75
74
73
74
73
72
72
72
69
71
72
69
71
70
70
71
70
68
70
70
70
70
67
68
68
68
68
71
73
73
73
74
76
73
72
70
73
74
74
75
75
75
73
70
66
66
66
55
57
65
68
67
69
68
66
65
61
57
65
64
65
66
