60
58
59
61
64
57
55
55
60
60
56
56
57
56
54
55
54
54
56
56
57
56
56
60
58
57
59
57
57
55
55
52
52
55
53
55
52
51
48
42
45
47
48
45
41
35
33
40
44
43
43
38
30
40
40
39
40
38
37
36
37
35
36
34
33
35
32
32
31
29
29
27
31
32
30
29
28
29
27
26
23
24
23
24
36
36
33
31
30
27
20
20
20
20
20
20
20
21
24
24
25
23
24
26
24
22
21
21
23
20
19
19
20
21
25
27
27
25
25
24
22
25
34
35
35
35
33
25
30
31
29
29
24
20
38
36
31
19
29
25
28
29
29
30
29
24
30
31
47
59
48
50
59
62
62
64
66
60
70
73
72
63
60
59
67
59
63
66
59
60
61
59
60
61
58
71
67
69
71
70
71
73
69
68
63
66
70
72
67
67
67
64
64
71
67
65
64
65
64
67
66
67
68
67
68
68
70
69
66
64
64
65
63
66
61
61
66
66
63
63
61
61
59
60
55
53
58
56
56
57
57
54
56
55
52
52
54
52
55
52
53
52
51
52
53
52
52
56
54
55
55
55
56
56
58
58
59
59
61
63
58
59
61
58
59
61
60
60
60
56
54
55
57
48
50
57
55
56
57
60
60
58
55
50
57
59
60
61
