23
23
21
21
23
25
22
22
21
21
20
26
24
22
22
21
22
23
23
23
29
27
25
26
24
24
26
26
28
22
21
22
23
23
22
24
25
25
25
24
20
25
35
29
22
23
21
23
23
25
22
23
25
20
22
22
20
19
24
32
23
24
20
17
21
18
20
17
14
17
16
16
16
15
16
14
14
18
14
15
14
15
14
14
15
13
15
15
13
13
14
13
13
15
17
15
14
14
13
14
15
16
15
13
14
14
14
14
15
15
14
16
15
16
15
15
14
15
14
16
15
16
18
16
18
20
19
19
16
17
17
16
16
19
17
16
17
18
15
17
17
16
17
16
17
16
16
18
18
18
17
19
18
17
17
18
19
21
21
22
21
19
20
20
24
27
21
21
24
24
23
24
22
21
21
21
22
23
23
24
25
26
27
25
24
25
25
24
28
30
29
28
26
26
25
28
29
25
25
28
24
23
25
26
26
28
27
25
23
27
27
29
28
26
23
25
24
26
24
26
26
25
25
26
27
28
27
25
24
25
23
26
29
24
23
23
27
29
29
24
22
24
24
25
24
26
25
29
26
25
26
31
27
28
26
26
28
28
26
25
26
23
25
25
25
25
25
24
27
23
24
25
22
22
24
23
22
22
22
23
21
22
23
28
24
23
25
21
