1
1
1
1
1
1
1
1
1
1
1
1
1
1
1
1
1
1
1
1
1
1
0
0
0
1
1
1
0
1
0
0
0
0
0
1
1
1
1
0
1
0
0
1
1
0
1
0
0
0
0
0
0
0
1
1
1
1
1
1
1
0
1
0
0
0
0
0
0
0
0
0
0
1
1
1
1
0
0
0
0
0
0
0
0
0
0
0
0
0
0
0
0
1
0
0
1
0
0
0
0
1
1
1
1
1
1
0
0
0
0
0
0
0
0
0
0
0
0
0
0
0
0
0
0
0
0
1
0
1
1
0
1
1
1
1
1
1
1
1
1
1
1
0
0
0
1
1
2
2
2
2
2
2
2
2
2
2
2
2
2
2
2
2
2
2
2
2
2
4
2
2
2
2
2
2
2
2
2
2
2
2
2
2
4
2
2
2
2
2
2
2
2
2
2
4
2
2
2
2
2
2
2
2
4
10
10
10
10
9
10
9
9
9
9
9
9
10
9
9
9
22
9
9
9
9
10
10
9
9
9
10
9
9
9
9
9
12
9
9
9
9
9
9
9
9
9
9
9
10
10
10
10
10
9
9
9
10
9
9
9
10
10
9
9
9
10
10
10
9
10
9
9
9
9
9
9
9
9
9
9
9
9
9
9
9
9
9
