61
62
59
58
60
61
61
61
61
61
60
59
59
60
62
64
64
66
67
66
65
62
64
64
66
61
62
63
65
60
61
59
58
61
58
58
59
60
62
60
60
57
58
57
57
55
51
47
48
49
47
44
47
48
47
45
45
42
40
39
35
36
34
33
34
31
31
31
28
31
29
29
29
28
27
26
24
22
22
25
25
24
21
23
20
19
19
19
18
17
16
16
15
17
19
17
16
16
16
15
14
14
13
13
13
13
12
14
15
15
13
13
14
13
12
11
12
12
11
11
13
13
13
13
14
14
12
13
13
14
14
13
13
14
15
16
16
18
18
19
19
19
20
20
21
21
21
24
26
26
30
29
31
31
31
34
37
39
38
39
40
41
44
47
49
49
47
49
51
52
53
53
52
52
52
55
58
59
59
60
60
61
63
64
65
62
64
64
64
65
66
66
66
66
66
66
69
66
66
68
68
68
68
66
65
63
65
68
72
71
69
70
73
67
68
69
68
69
73
73
73
76
75
72
73
72
76
73
73
76
75
76
76
79
73
74
77
76
78
77
73
72
73
74
76
75
74
74
75
75
77
77
75
75
73
74
74
73
73
74
72
72
72
71
72
81
72
73
73
72
72
73
67
72
69
69
64
69
66
64
62
62
62
63
63
61
61
61
