60
58
58
56
55
62
55
56
58
54
55
55
51
53
63
54
53
52
57
55
55
55
57
71
54
55
57
54
51
51
54
51
51
49
50
48
48
48
52
47
49
51
51
46
46
45
52
50
41
40
39
38
40
41
41
43
37
38
36
36
34
33
32
31
33
30
29
29
28
29
29
48
29
27
28
28
27
25
26
27
26
24
28
23
24
23
21
20
20
20
20
20
19
20
22
39
21
19
19
18
17
16
17
16
15
16
17
17
16
16
17
16
17
15
14
14
14
17
21
31
18
18
18
18
18
18
18
19
19
19
20
20
18
18
19
21
22
24
22
25
24
24
27
25
44
26
28
29
29
31
32
32
33
36
36
36
36
38
40
41
43
43
41
42
44
44
41
44
64
45
46
47
47
52
50
52
52
55
53
53
54
56
59
56
56
58
57
57
59
61
60
59
78
59
58
59
62
61
60
61
63
61
62
63
61
62
64
66
64
66
68
69
63
61
66
62
61
63
62
67
77
76
64
68
67
65
61
65
63
65
65
66
68
74
70
71
73
75
71
70
70
67
67
70
66
69
86
64
68
67
69
66
65
71
64
66
69
67
66
67
65
64
63
64
63
63
65
66
62
64
81
60
62
62
64
64
59
61
60
55
56
57
58
54
54
57
59
62
