24
24
25
26
25
25
27
27
29
27
26
26
26
25
31
27
28
27
26
25
24
24
25
26
23
24
23
21
21
20
22
19
19
18
17
17
17
17
16
16
15
15
15
15
15
14
13
12
14
13
12
12
12
13
18
20
19
19
19
17
16
15
14
14
13
12
12
11
11
10
10
10
9
9
9
8
8
7
7
7
7
7
7
6
6
6
6
5
5
5
5
5
5
5
5
5
5
5
5
4
4
4
4
4
4
4
4
4
4
4
4
4
4
4
4
4
5
5
5
4
5
5
6
6
6
6
7
7
7
7
7
7
7
6
7
7
9
12
10
11
12
12
13
13
13
13
15
16
16
17
17
17
17
17
17
18
20
24
26
27
27
26
29
28
28
27
28
28
28
27
27
27
28
28
29
29
30
30
31
31
31
32
32
33
33
33
33
33
34
34
34
34
35
35
36
39
38
39
39
39
39
41
37
37
38
41
41
41
43
46
40
34
36
32
31
31
23
22
22
20
17
17
17
17
17
18
18
17
17
17
17
17
17
16
17
17
17
18
18
17
17
16
17
16
16
17
17
17
17
17
17
17
16
16
16
17
17
17
17
17
17
17
16
17
17
19
19
23
19
18
19
20
20
20
20
21
20
20
20
20
20
22
20
22
23
22
23
22
