43
42
45
49
42
42
39
44
44
42
39
42
46
41
43
47
44
42
44
45
45
39
39
42
41
43
42
42
43
42
41
42
46
46
42
42
45
40
39
40
38
39
39
39
38
38
40
36
39
36
42
38
36
36
37
39
35
33
33
32
32
30
29
29
29
29
33
30
30
31
31
28
32
27
28
29
27
27
30
28
26
28
27
30
31
28
27
28
28
29
31
29
30
30
29
30
35
29
28
28
31
33
34
33
30
31
29
31
30
29
28
30
33
30
29
30
32
39
36
34
34
33
30
30
29
30
35
33
35
36
36
39
35
32
33
40
32
34
34
35
38
38
39
34
40
36
34
37
41
39
37
35
39
35
36
40
48
46
46
48
47
41
50
47
47
44
44
41
43
46
50
51
51
51
50
50
45
50
48
48
50
46
48
50
47
50
49
49
52
49
52
49
50
51
52
52
49
53
51
53
53
50
53
52
54
60
59
52
56
52
56
53
58
54
53
57
54
52
49
49
50
49
50
55
52
55
51
48
52
49
52
51
52
55
53
57
54
55
52
54
52
50
53
56
54
53
53
49
48
50
48
51
50
48
51
48
51
51
52
50
51
48
46
49
46
46
46
45
46
51
49
46
45
48
46
45
48
45
45
41
45
46
46
45
45
45
44
40
