53
49
47
46
47
46
49
50
47
43
46
46
48
49
54
52
51
52
47
49
49
48
49
45
50
49
49
50
46
42
44
45
43
42
43
45
43
45
48
49
47
44
44
46
45
43
41
42
39
40
40
42
40
41
41
39
42
41
40
38
38
39
35
36
36
37
36
34
35
38
38
37
35
35
39
34
33
33
34
38
37
35
36
34
36
34
32
31
31
31
34
32
32
33
36
36
33
34
32
32
33
32
33
31
31
33
31
33
35
35
37
32
35
34
31
34
33
36
36
37
39
37
34
34
39
33
35
39
39
43
40
39
43
40
37
38
36
40
38
40
41
44
41
40
42
41
38
39
46
43
43
43
45
46
45
45
47
53
52
55
56
50
54
53
51
50
51
48
54
52
55
59
56
58
53
55
52
55
51
52
55
55
59
57
56
56
57
53
58
56
59
55
58
56
61
55
58
55
58
55
58
56
56
58
60
61
66
59
59
59
60
64
59
61
59
61
59
58
55
59
58
60
56
57
55
58
55
60
56
59
58
62
64
64
62
65
59
62
62
60
61
56
58
58
59
57
59
59
59
57
60
59
57
60
58
59
55
60
58
58
61
58
60
58
62
58
57
59
61
62
58
56
60
59
57
60
58
59
57
56
54
54
50
49
51
50
49
48
