49
46
47
47
46
47
48
48
45
46
47
46
46
45
45
46
46
45
46
47
48
48
49
47
49
48
47
48
47
47
47
47
48
48
49
47
47
46
47
45
44
45
43
43
43
43
41
40
42
43
41
43
40
39
40
39
38
38
38
39
38
38
37
38
35
37
36
36
36
35
35
34
36
37
35
36
35
36
35
35
35
37
37
38
36
35
35
35
34
35
35
36
34
35
34
35
34
32
32
33
34
37
36
35
33
33
33
34
35
34
35
34
34
34
36
37
37
36
37
38
38
38
48
37
37
37
38
39
39
39
42
40
41
41
41
39
39
39
41
43
43
44
44
45
44
44
0
34
38
47
45
47
47
48
47
44
47
55
54
54
52
54
56
55
57
57
58
60
58
60
61
62
61
61
60
59
60
61
60
62
64
64
63
66
65
66
68
72
70
71
70
73
74
73
73
74
74
76
77
75
75
77
78
78
80
80
79
78
79
79
80
79
78
78
76
76
77
75
76
76
77
75
75
73
72
73
73
73
73
74
73
74
75
74
74
74
75
72
71
70
71
73
72
72
71
69
71
70
70
70
70
70
70
69
68
70
69
71
69
68
69
68
68
65
66
66
67
65
65
67
66
65
63
64
61
61
62
60
59
58
58
57
58
57
57
58
57
55
