43
41
39
38
41
37
39
38
41
40
39
38
42
39
41
45
40
50
49
46
46
50
48
39
40
43
42
41
40
40
41
39
40
39
41
39
38
40
39
40
36
37
39
37
38
37
37
35
37
37
36
35
34
33
36
33
33
32
31
31
32
28
28
28
27
27
31
28
29
29
27
27
30
28
28
29
27
28
30
27
26
28
27
26
30
27
28
27
26
27
26
30
26
28
29
27
28
32
28
28
28
28
29
31
28
28
28
29
31
29
29
28
29
28
30
29
30
31
33
34
32
31
30
29
32
29
31
33
32
35
33
32
33
33
32
30
29
30
32
36
34
36
34
36
37
33
33
34
38
36
35
37
41
36
35
36
41
40
40
42
44
42
44
43
42
40
41
40
41
44
46
46
48
46
46
48
45
47
47
47
48
46
48
49
47
49
48
48
49
49
48
50
50
50
50
50
50
48
50
49
49
52
48
50
52
49
54
50
49
50
51
55
50
50
52
49
52
50
53
50
49
53
49
50
52
51
52
49
48
51
50
53
52
54
53
53
54
50
47
49
47
49
48
46
48
47
48
50
49
49
48
48
50
46
46
48
48
46
49
48
45
49
44
43
49
46
46
46
46
44
48
45
43
43
49
43
44
46
41
40
40
41
38
41
39
37
40
38
