51
47
47
48
46
49
46
48
53
46
48
51
48
49
50
46
48
46
48
50
48
45
49
48
49
49
48
50
50
48
46
48
46
47
47
48
46
46
44
42
42
43
45
44
43
45
43
42
43
48
43
41
45
41
39
38
38
41
38
36
36
38
35
36
35
35
37
34
36
34
32
36
32
34
33
32
35
33
33
32
32
36
33
32
33
33
38
34
34
34
37
34
40
34
38
35
35
36
36
37
34
35
34
34
36
34
32
33
33
36
33
33
33
33
36
35
36
39
42
39
39
37
40
36
36
36
40
38
38
39
42
38
40
38
40
37
36
36
38
38
41
45
42
41
40
41
40
40
44
45
46
45
41
42
42
46
45
53
54
52
55
50
53
51
58
52
49
49
51
52
52
60
56
54
52
54
51
56
50
51
51
54
53
56
53
56
53
56
59
59
56
56
56
59
55
59
58
63
60
63
60
58
60
60
58
62
61
62
59
61
62
65
67
72
66
61
64
60
58
59
55
60
61
57
59
57
59
56
59
56
58
60
63
63
60
62
66
59
60
56
61
56
67
56
58
56
58
54
56
53
56
55
56
54
56
52
53
54
53
55
52
57
52
59
58
57
54
52
55
54
55
53
51
56
52
55
52
49
53
50
51
49
49
53
52
54
52
48
