56
56
55
53
53
53
55
56
56
51
49
51
51
50
55
50
49
50
53
53
53
52
54
51
51
51
52
51
50
50
53
49
50
49
50
48
49
50
48
49
46
50
48
46
46
45
49
45
46
47
49
47
46
46
46
43
42
42
42
41
42
43
43
44
41
41
39
41
42
38
39
39
38
41
40
38
39
40
38
38
38
37
36
38
37
39
43
39
40
38
36
40
39
40
38
39
40
42
41
38
38
39
42
40
38
37
37
38
39
41
41
39
41
38
39
41
44
45
45
43
44
47
43
41
40
41
42
46
45
46
49
46
45
47
43
44
43
45
48
47
50
52
49
49
50
53
51
51
52
50
51
54
53
52
53
54
55
56
61
58
58
61
57
61
58
56
58
56
59
63
62
65
64
63
62
63
61
62
61
59
63
62
66
62
65
62
66
64
62
64
63
65
64
69
66
68
67
69
67
68
63
66
63
67
68
68
67
66
66
64
68
66
68
64
65
63
67
65
67
62
64
62
66
63
65
61
62
59
64
61
64
65
64
67
72
67
68
61
61
63
60
64
62
61
59
62
62
62
62
61
62
59
61
60
62
58
60
57
59
62
62
62
59
62
60
60
61
57
58
55
56
57
58
57
57
56
56
57
55
54
53
56
53
54
58
54
53
53
