35
39
36
37
38
40
39
38
35
35
37
35
36
35
39
36
36
34
35
38
38
35
36
39
37
35
36
35
40
35
35
36
35
37
36
35
35
37
33
34
33
33
35
32
31
32
31
30
33
32
30
29
30
32
29
28
27
26
30
28
27
26
24
25
26
24
24
24
24
24
26
23
23
24
24
24
23
25
24
25
24
26
28
35
34
25
25
25
24
28
25
24
24
24
23
26
25
25
24
25
24
26
24
24
24
24
25
27
26
26
25
25
24
30
24
25
26
27
30
29
27
28
27
27
27
26
26
29
28
31
28
29
28
26
32
27
28
27
31
41
38
38
40
42
34
30
30
33
34
34
34
36
33
36
34
37
36
37
38
40
38
40
42
43
39
41
39
37
42
43
42
47
45
49
45
42
45
43
42
44
44
45
43
44
46
45
45
44
47
45
44
47
45
47
47
46
47
45
47
45
47
48
48
52
48
55
49
49
51
49
51
48
50
51
51
52
49
51
49
48
49
45
47
45
46
46
46
50
48
47
51
51
54
52
53
50
47
48
46
51
46
48
44
44
48
45
49
45
45
49
47
49
46
45
48
46
45
46
45
46
49
45
45
46
47
44
47
46
48
44
47
44
42
47
43
44
42
45
41
40
39
41
40
40
40
40
40
37
