47
46
45
48
46
46
45
47
46
47
48
47
52
46
46
45
44
45
46
45
46
44
45
45
46
43
44
48
46
44
46
44
47
42
43
44
43
45
45
45
44
43
43
42
42
43
44
41
41
39
41
41
37
37
39
38
36
37
34
33
34
34
35
34
32
33
34
36
32
31
31
33
35
34
36
33
32
32
34
33
34
32
31
32
34
33
30
33
32
32
31
34
31
34
33
33
33
35
33
32
33
35
37
36
31
33
31
34
35
37
34
34
33
32
32
39
37
39
41
39
38
34
38
38
38
39
39
37
39
38
41
39
38
37
35
37
36
36
36
39
40
40
39
40
39
40
38
38
39
43
42
44
43
42
41
39
44
51
55
55
56
51
55
55
50
48
48
44
50
54
51
53
54
53
55
55
48
49
51
50
53
51
52
60
53
53
52
50
56
55
54
56
53
56
54
56
56
55
56
53
56
57
57
61
57
60
62
56
60
57
57
60
59
59
58
61
60
58
57
57
56
60
55
56
60
55
57
53
55
55
52
54
59
56
60
54
51
46
46
48
48
47
50
46
49
46
45
47
44
47
47
44
50
45
44
46
43
43
46
48
44
48
43
44
47
44
44
44
43
42
43
45
44
42
42
46
44
40
42
42
41
41
42
43
41
43
44
39
