27
21
26
23
25
23
23
28
25
28
27
26
21
26
28
27
28
23
29
24
24
27
27
25
24
24
24
19
25
26
26
26
25
25
25
24
25
21
22
20
22
22
23
20
26
21
22
23
22
20
18
21
18
16
25
22
22
24
26
21
22
26
23
23
21
23
25
24
24
21
24
24
20
24
24
21
20
21
27
26
25
27
25
26
24
27
23
25
27
23
25
24
23
22
21
22
25
24
21
27
21
22
22
24
24
22
25
23
19
23
25
25
22
22
22
25
22
25
25
24
22
27
19
23
22
19
20
22
25
22
21
26
23
24
19
26
25
30
25
26
27
27
25
24
25
27
25
27
25
25
24
28
27
29
23
27
26
32
28
26
27
24
28
25
25
32
27
23
23
24
23
20
23
23
30
28
27
26
25
24
27
22
24
24
24
24
25
23
22
23
26
24
25
24
23
22
21
22
26
21
23
23
22
21
23
27
26
24
25
22
24
21
22
24
25
25
24
23
23
25
19
22
13
22
21
21
20
25
24
26
26
26
25
23
27
25
25
27
23
25
27
27
26
24
25
25
24
23
26
22
23
24
21
25
25
22
25
21
27
24
25
24
23
23
19
23
24
21
24
23
18
24
23
23
25
19
23
21
21
24
24
22
19
21
20
22
21
19
