37
35
35
35
38
37
37
36
42
38
36
36
36
34
45
35
35
35
34
35
36
35
35
35
35
34
36
35
36
34
33
34
34
34
33
34
31
32
30
29
29
29
30
31
30
29
27
27
26
26
24
24
24
24
24
23
25
26
27
27
24
24
23
21
21
21
19
16
17
16
15
15
14
14
14
13
13
16
17
16
13
12
11
11
12
10
11
11
10
10
10
10
9
10
9
9
8
10
9
8
9
9
10
9
9
9
9
9
9
9
9
9
8
9
9
9
8
9
9
10
9
10
10
10
10
9
11
31
13
11
10
10
10
10
10
10
10
11
10
11
11
12
13
13
13
13
13
13
14
15
16
16
17
16
17
18
20
21
21
22
23
23
24
25
25
24
25
26
26
26
28
28
29
30
28
30
31
31
30
32
32
32
34
34
34
34
34
33
34
34
33
36
34
32
34
35
34
34
34
34
35
33
35
34
36
38
36
39
39
40
39
40
40
39
40
40
41
41
38
40
44
41
42
41
42
43
42
43
42
41
42
42
43
44
42
42
42
42
41
41
40
42
42
40
41
39
39
39
42
40
41
42
41
41
42
53
54
54
52
50
53
48
41
43
41
40
40
40
39
40
39
40
38
39
37
37
35
38
38
35
36
36
36
36
36
37
39
36
