19
17
18
25
29
17
19
21
20
22
30
18
34
19
19
20
20
20
20
20
21
19
20
18
30
16
22
39
19
15
16
15
14
15
14
16
21
38
15
16
15
14
28
14
18
16
17
14
36
15
16
15
15
15
17
17
18
18
15
16
17
17
18
15
15
15
14
13
26
16
13
15
14
15
14
14
14
14
11
12
12
15
15
14
15
13
13
30
16
13
13
10
17
33
30
15
13
13
12
13
26
15
23
25
12
12
12
14
14
15
13
13
15
12
15
13
12
16
17
15
15
30
20
25
22
28
35
29
23
24
40
36
19
19
51
23
23
24
26
21
44
22
22
18
22
24
19
20
18
15
22
22
17
42
22
21
26
38
24
23
34
25
24
22
20
23
38
21
32
47
28
34
41
22
20
27
24
26
19
23
29
21
22
35
42
19
25
26
21
28
35
20
28
30
43
23
29
57
27
23
23
29
30
23
20
30
30
34
26
18
18
26
29
38
33
24
26
20
17
18
19
25
34
25
30
28
29
34
31
24
21
20
26
18
24
30
27
30
41
48
27
26
23
19
31
18
21
27
37
37
34
26
46
25
22
25
23
22
33
23
26
27
20
22
30
26
29
32
30
33
36
27
28
34
38
24
33
40
56
32
25
24
24
45
34
24
23
27
