14
22
32
14
27
14
14
25
26
34
34
16
16
27
14
14
13
14
13
12
13
13
13
13
15
15
13
14
11
12
14
14
13
13
12
12
13
12
12
12
13
12
12
13
14
22
12
11
14
11
12
11
11
21
33
22
15
14
13
32
14
13
14
15
13
13
12
11
13
12
11
11
11
11
27
27
26
11
22
9
9
13
14
11
12
11
10
11
11
12
11
10
11
11
11
14
13
13
29
12
13
21
28
12
14
13
11
14
13
18
25
15
11
12
22
21
36
26
12
12
22
18
15
13
13
13
14
14
22
23
13
14
13
15
25
14
15
26
20
15
16
13
12
13
15
14
13
16
14
14
16
15
17
20
15
18
18
16
21
31
18
17
18
18
15
21
29
16
19
16
17
16
17
16
19
38
17
18
15
17
17
16
17
17
17
16
20
32
18
15
17
32
17
16
16
21
28
17
17
16
17
25
29
19
17
17
16
17
17
18
18
18
31
17
16
21
25
16
19
17
27
18
17
16
18
15
19
16
15
27
16
30
15
16
25
15
16
17
16
21
29
16
17
19
16
17
18
16
28
20
16
19
19
22
34
16
15
17
18
17
16
32
23
16
30
28
29
16
19
16
27
22
34
30
32
31
35
37
29
35
36
17
16
17
21
22
23
19
