16
16
15
20
29
17
15
16
20
21
23
19
18
18
22
42
25
16
15
16
26
15
15
15
25
37
21
16
14
23
23
13
14
15
15
14
14
15
12
13
15
12
25
33
21
12
12
29
18
23
13
16
28
15
32
14
16
22
23
14
14
13
13
12
12
12
12
12
12
24
16
34
11
11
14
13
10
11
8
8
10
12
27
30
16
21
26
12
12
21
34
21
11
12
12
11
13
14
11
12
12
12
12
25
28
11
13
14
11
13
11
12
13
12
26
15
19
36
13
31
21
21
23
25
28
20
34
21
25
23
17
17
37
40
25
24
26
26
19
20
22
25
28
26
21
28
23
31
25
22
30
31
42
28
25
17
24
28
23
39
20
18
20
26
37
23
24
21
20
17
14
23
21
20
17
23
33
38
17
24
22
22
19
26
26
23
22
23
34
19
19
20
26
40
26
33
26
35
33
35
60
34
29
30
43
28
35
35
40
48
58
47
39
33
18
40
20
21
51
28
22
41
39
23
23
28
19
26
46
41
34
36
40
19
31
26
23
22
19
32
29
34
28
21
22
25
26
23
34
26
31
27
22
25
24
25
24
23
28
37
30
20
28
23
22
35
43
31
37
32
24
27
26
41
37
22
23
31
31
36
36
35
34
26
29
24
37
33
