22
19
19
21
19
19
23
19
21
24
20
22
22
21
20
21
20
19
20
19
19
19
21
19
21
19
24
35
18
20
21
18
16
18
16
17
19
17
18
34
33
17
20
34
19
25
17
18
17
17
34
18
16
18
18
20
21
27
21
20
17
18
18
16
19
18
18
16
17
17
15
16
16
17
16
17
17
15
15
16
15
28
31
17
27
21
26
16
15
16
14
20
15
16
28
18
16
16
17
16
16
16
16
17
32
22
15
16
15
16
17
28
16
14
18
24
16
22
30
40
42
24
27
23
26
25
40
24
26
38
38
25
25
42
24
22
37
29
26
35
36
21
14
37
40
16
23
22
23
26
27
27
32
27
26
25
26
26
27
27
27
26
29
29
38
29
26
27
30
26
28
30
37
54
30
32
27
29
31
25
29
28
31
26
28
29
26
32
28
28
26
41
39
25
33
29
30
33
31
28
33
29
33
28
24
24
35
54
46
28
25
30
29
24
25
25
25
28
27
28
33
28
29
32
28
27
34
26
28
31
41
29
32
26
49
31
23
31
28
33
32
28
26
25
22
30
23
30
30
31
20
21
19
20
19
20
38
40
32
20
19
24
22
21
19
23
24
21
23
20
21
22
32
28
23
20
20
23
20
25
24
23
30
28
34
20
16
28
