95
94
95
87
95
98
99
100
98
93
92
91
94
92
93
91
90
85
89
93
87
89
87
89
89
83
86
92
87
89
87
85
100
94
85
93
93
90
95
93
88
94
89
92
90
84
92
85
83
85
74
71
69
76
78
73
69
72
73
73
73
73
66
61
50
43
48
48
51
52
64
65
61
56
51
58
56
57
52
44
46
52
48
47
49
51
49
49
45
53
52
47
43
45
41
40
39
39
39
43
45
49
50
53
44
42
48
54
55
56
53
56
57
56
54
48
43
56
49
52
49
46
54
63
57
48
47
56
57
54
46
46
49
57
55
53
48
45
53
58
62
67
63
68
81
70
69
69
70
68
69
75
79
82
79
83
84
85
88
78
79
83
79
69
70
76
79
81
87
92
92
93
90
87
80
72
84
79
87
90
88
92
95
90
95
88
91
95
91
90
98
97
101
96
97
98
94
88
91
104
95
98
100
94
102
97
98
96
92
93
93
98
92
100
98
95
95
100
97
100
104
107
100
106
99
101
104
107
104
91
98
106
94
99
101
99
96
92
100
95
94
93
100
100
99
104
93
94
90
88
95
98
94
107
101
106
107
108
108
106
106
106
100
103
99
104
104
106
102
106
106
101
103
106
106
100
105
109
109
101
111
107
104
109
69
100
96
103
