14
12
13
13
13
13
13
13
13
14
13
13
13
12
13
12
12
12
11
13
13
13
13
12
15
32
41
41
42
33
25
16
12
12
12
11
12
11
12
11
9
10
10
10
11
12
12
12
14
13
14
11
11
12
12
13
12
12
12
11
12
11
11
11
11
12
11
11
11
11
11
11
12
11
11
10
10
11
10
12
11
11
6
13
12
11
12
11
11
11
11
12
11
11
10
11
12
12
12
11
11
10
10
11
11
11
11
11
11
11
11
11
10
9
11
12
11
11
11
11
11
11
12
12
11
11
11
12
12
12
12
12
12
12
12
11
11
12
12
13
12
12
12
12
13
13
13
12
12
12
12
13
12
12
12
12
14
14
13
13
12
13
13
14
13
13
13
12
13
14
14
13
13
14
7
16
15
14
14
14
14
8
18
17
15
15
14
16
14
15
15
16
17
17
16
14
15
16
15
16
14
15
15
15
15
15
16
15
15
15
15
15
15
14
13
15
17
14
14
14
13
12
13
13
12
12
12
10
13
13
13
12
11
12
12
13
12
12
13
13
13
13
13
12
12
12
11
12
12
12
11
7
15
14
12
12
12
11
11
12
11
11
11
11
12
12
12
11
11
12
11
12
11
12
12
10
14
14
14
12
12
13
12
13
13
13
14
13
