21
22
19
20
21
22
23
21
21
19
20
20
19
20
20
20
19
21
20
21
21
21
21
21
21
21
21
19
19
19
19
18
21
20
20
19
18
18
18
17
18
18
17
18
18
16
17
19
21
23
23
22
19
21
21
21
20
21
21
189
46
39
18
17
16
16
16
17
16
15
15
16
15
15
17
13
13
14
15
15
15
16
16
16
17
16
14
16
16
16
15
15
15
17
16
15
15
15
15
16
17
17
16
17
17
14
15
16
14
13
13
15
15
15
16
16
15
16
17
17
15
17
17
17
18
18
17
17
17
18
17
16
14
12
17
17
17
15
15
15
16
15
16
17
17
16
16
17
17
17
16
17
17
17
16
17
17
18
17
16
17
17
16
16
17
16
16
17
15
15
15
16
16
16
16
17
17
18
17
18
18
19
20
18
19
18
19
17
18
19
19
20
19
19
19
19
20
19
18
19
19
19
19
18
18
19
19
17
16
18
20
21
20
20
20
20
19
19
20
20
19
18
20
21
20
19
20
20
20
20
18
20
20
20
20
20
21
20
19
21
20
20
21
19
19
18
18
17
19
19
20
20
20
21
21
23
20
20
21
21
20
19
21
21
22
21
22
20
20
18
19
20
20
19
19
19
19
19
18
20
19
20
18
17
19
17
16
17
