0
0
0
0
0
0
0
0
0
0
0
0
0
0
0
0
0
0
0
0
0
0
0
0
0
0
0
0
0
0
0
0
0
0
0
0
0
0
0
0
0
0
0
0
0
0
0
0
0
0
0
0
0
0
0
0
0
0
0
0
0
0
0
0
0
0
0
0
0
0
0
0
0
0
0
0
0
0
0
0
0
0
0
0
0
0
0
0
0
0
0
0
0
0
0
0
0
0
0
0
0
0
0
0
0
0
0
0
0
0
0
0
0
0
0
0
0
0
0
0
0
0
0
0
0
0
0
0
0
0
0
0
0
0
0
0
0
0
0
0
0
0
0
0
0
0
0
1
8
8
9
8
8
8
9
8
8
9
10
9
10
9
9
9
9
9
9
9
9
9
9
9
9
9
9
9
9
8
9
8
9
8
9
8
9
8
9
9
8
9
9
9
9
9
9
9
9
8
9
8
9
9
9
9
16
37
37
36
31
33
33
30
32
32
32
32
35
34
35
34
36
35
33
34
34
33
34
34
34
32
33
33
34
35
34
36
34
36
34
35
33
35
33
33
32
32
33
35
34
35
33
35
34
31
32
43
43
43
43
42
34
36
37
37
37
37
37
34
34
34
34
35
34
35
35
35
37
39
37
36
36
35
36
37
36
37
38
37
