0
0
0
0
0
0
0
0
0
0
0
0
0
0
0
0
0
0
0
0
0
0
0
0
0
0
0
0
0
0
0
0
0
0
0
0
0
0
0
0
0
0
0
0
0
0
0
0
0
0
0
0
0
0
0
0
0
0
0
0
0
4
6
1
1
0
0
0
0
0
0
0
0
0
0
0
0
0
0
0
0
0
0
0
0
0
0
0
0
0
0
0
0
0
0
0
0
0
0
0
0
0
0
0
0
0
0
0
0
0
0
0
0
0
0
0
0
0
0
0
0
0
0
0
0
0
0
0
0
0
0
0
0
0
0
0
0
0
0
0
0
0
0
0
0
0
0
2
12
12
12
11
11
11
12
11
10
11
12
11
12
10
10
11
10
10
9
10
10
9
10
10
11
11
10
11
11
11
10
11
10
11
11
11
10
10
10
10
10
10
10
10
11
10
10
10
10
11
11
10
10
10
10
10
17
37
40
38
37
38
38
37
37
36
36
35
35
37
35
35
37
36
36
37
37
37
37
36
36
36
38
37
38
38
38
38
39
38
38
37
37
38
37
37
37
36
37
37
38
37
38
38
37
39
37
39
38
38
38
40
41
40
39
39
40
40
41
41
41
40
40
42
40
41
40
39
40
42
42
41
40
40
40
42
41
41
41
41
