113
112
111
111
112
109
106
107
108
108
109
109
110
109
108
111
110
111
107
102
105
103
108
108
110
110
113
109
109
105
104
101
102
98
95
100
100
101
97
92
94
94
92
89
92
80
74
86
89
84
85
74
64
76
79
75
68
66
66
63
64
64
63
59
58
56
55
57
56
52
52
49
50
50
50
47
46
47
47
42
40
40
40
41
43
44
43
44
42
42
36
35
35
35
34
34
33
33
39
42
43
39
41
43
43
37
36
38
36
36
33
32
32
35
46
50
51
44
41
39
36
35
38
41
41
40
37
31
35
36
37
38
34
28
38
39
40
26
38
33
41
39
38
43
40
37
44
41
63
84
71
71
86
89
85
86
86
82
90
93
94
93
89
84
94
88
92
91
88
93
101
94
96
99
98
99
98
102
107
101
105
106
111
106
102
103
105
112
109
111
121
114
111
118
119
118
115
115
111
114
112
118
116
117
117
117
122
116
116
118
124
122
120
116
118
118
120
120
120
120
122
123
120
123
119
109
116
114
117
119
117
115
115
118
115
117
118
116
120
117
113
115
114
108
113
114
115
114
112
112
115
111
111
114
114
116
117
116
120
120
119
119
119
119
121
122
124
125
123
121
115
116
111
101
103
110
113
113
114
109
107
108
104
100
110
111
108
106
