0
0
0
0
0
0
0
0
0
0
0
0
0
0
0
0
0
0
0
0
0
0
0
0
0
0
0
5
12
19
18
20
17
19
27
21
21
26
20
24
23
22
25
26
25
21
21
23
21
24
28
24
20
17
20
20
21
28
22
22
21
18
17
18
15
16
17
18
17
16
15
19
20
22
17
19
15
15
17
14
16
16
17
16
16
14
16
15
15
16
19
16
18
16
16
17
15
14
14
16
16
17
13
13
12
15
16
22
17
13
12
13
12
15
16
15
15
15
13
13
14
14
14
14
14
19
16
15
15
15
14
15
15
14
13
15
16
17
18
15
14
17
16
17
18
18
16
17
16
17
17
16
17
22
20
23
26
24
24
26
23
29
24
24
26
29
26
24
25
25
25
27
30
25
25
25
26
28
30
30
29
26
28
32
32
33
30
27
29
33
31
31
36
33
31
34
31
28
30
27
28
32
34
33
34
33
42
32
32
29
33
29
29
27
26
28
31
27
28
36
28
32
32
31
33
39
37
43
33
36
35
42
30
31
31
32
35
33
37
44
35
33
33
34
31
38
40
35
44
34
32
32
36
37
42
39
51
47
40
36
38
36
34
37
39
37
50
35
33
32
35
34
39
33
31
35
37
34
36
43
33
37
34
35
29
33
27
25
