21
21
25
19
19
20
19
17
16
15
16
16
18
19
18
19
17
18
19
19
18
19
19
18
18
18
20
19
21
20
18
17
17
19
17
18
17
18
18
18
19
18
19
18
18
21
21
21
21
18
17
18
18
20
20
21
21
18
19
18
20
19
20
20
18
21
18
18
17
18
16
16
17
18
19
19
17
16
16
18
17
16
18
22
24
20
21
21
21
21
19
20
20
20
23
19
22
20
21
25
19
19
20
19
20
19
21
21
20
22
20
21
20
20
20
21
20
20
18
19
19
20
20
22
26
21
22
24
23
21
20
21
21
21
22
24
22
25
25
22
21
23
22
22
23
22
22
26
23
25
29
25
24
24
30
24
25
25
24
29
30
30
34
30
29
27
31
30
28
28
27
30
31
36
31
30
29
28
32
27
32
29
36
34
35
30
29
34
38
35
32
33
31
35
31
33
34
34
35
32
36
35
33
36
38
41
44
33
33
32
38
40
36
35
41
35
35
35
34
33
34
34
34
32
29
28
27
27
26
30
31
31
28
30
32
37
36
33
33
33
12
30
14
16
10
14
14
12
14
16
16
20
14
14
0
22
27
23
19
17
16
13
21
14
16
21
16
17
15
15
20
17
21
23
23
26
22
23
21
24
24
23
21
26
26
26
26
25
