53
54
55
59
56
59
59
60
59
57
58
57
56
52
52
51
53
53
51
53
52
52
54
56
58
56
62
58
54
53
52
51
51
50
50
54
55
56
55
56
51
51
49
47
50
51
48
46
47
51
52
50
53
50
47
47
45
46
45
58
54
51
51
51
50
48
46
46
46
45
45
45
46
50
52
49
47
48
49
47
45
46
47
47
48
47
46
47
48
51
51
51
52
53
43
44
44
44
45
45
46
52
53
54
53
51
48
47
47
47
47
47
49
49
51
55
52
55
51
52
53
49
49
47
47
48
45
48
47
46
46
47
47
48
49
46
48
47
47
48
47
48
48
46
48
48
51
48
48
50
55
52
55
57
57
59
54
52
53
53
52
56
54
55
54
55
56
56
55
57
56
60
61
64
60
56
57
57
56
58
60
60
65
64
67
61
56
59
61
61
61
60
61
60
60
59
63
66
65
68
64
67
62
59
60
55
55
58
57
59
62
61
63
62
60
60
56
58
57
60
57
63
58
58
58
58
59
62
61
61
62
64
65
63
58
54
56
56
57
55
56
57
65
61
65
66
66
64
62
63
55
55
55
59
53
58
56
62
61
63
61
57
58
59
55
55
54
52
55
52
60
60
63
58
57
57
58
57
53
52
52
53
49
52
52
52
52
55
