12
7
4
5
5
8
10
12
14
5
5
5
6
6
9
9
11
5
5
5
5
8
15
15
17
15
15
15
15
15
13
13
13
14
14
15
16
15
14
14
14
13
14
12
14
13
13
12
14
14
14
13
13
12
12
12
12
12
11
12
14
13
8
4
4
5
4
4
6
8
9
7
5
4
7
8
8
9
4
3
4
7
7
7
11
3
3
3
3
6
5
3
3
3
5
6
6
5
6
6
5
5
6
5
5
5
5
4
5
5
4
4
4
4
5
5
4
4
4
4
5
3
3
3
3
3
3
3
3
3
3
3
5
4
4
4
4
4
4
4
5
4
4
5
6
5
5
5
5
5
5
5
6
6
6
6
8
7
7
6
6
7
7
7
7
7
7
7
8
8
7
7
7
7
7
7
7
7
7
7
8
7
7
4
4
3
4
4
3
4
7
8
9
8
8
8
9
9
9
9
9
9
8
8
9
8
8
8
8
9
9
9
5
4
4
3
4
4
4
6
10
10
10
10
10
10
11
11
11
10
11
11
10
9
10
10
11
11
10
10
11
10
11
11
11
12
13
12
12
11
10
10
12
11
12
12
12
12
12
12
12
12
14
12
13
12
13
12
12
12
12
12
13
13
13
13
14
8
6
5
5
12
13
15
6
5
5
5
