24
44
37
49
2
11
35
27
4
5
3
2
2
2
5
4
2
2
2
2
2
2
2
2
3
4
5
2
2
2
2
25
25
5
2
2
3
5
2
2
15
45
29
3
3
2
2
2
2
2
2
2
4
3
2
2
25
49
41
15
6
3
2
8
43
7
3
2
2
8
39
47
2
2
2
2
2
2
2
2
2
2
4
2
2
2
2
27
2
4
2
2
37
30
33
49
4
3
2
2
2
2
4
3
2
2
2
2
5
2
2
3
38
29
4
4
2
34
48
6
3
4
3
2
2
2
2
2
2
2
5
2
2
2
18
42
19
2
2
2
2
2
2
2
2
5
2
2
2
2
30
50
7
2
2
2
2
2
2
2
2
35
49
2
3
2
2
2
2
2
2
2
6
2
2
3
2
2
5
2
2
2
2
2
2
4
3
2
4
2
2
2
2
3
3
2
2
2
2
2
2
2
2
2
2
2
2
2
5
9
27
42
28
2
38
5
30
40
2
2
2
2
2
5
6
26
39
16
2
2
2
13
27
2
2
2
2
2
10
24
2
2
2
2
20
46
5
3
2
2
2
2
2
5
2
2
4
2
4
2
2
7
39
22
2
2
2
2
2
7
36
45
2
2
2
2
2
4
5
2
2
16
46
12
2
2
2
2
