2
2
2
2
2
2
2
2
3
4
4
3
2
2
2
2
3
19
42
19
33
50
8
3
2
2
2
2
2
2
2
2
2
2
2
2
2
2
38
37
3
3
6
2
2
2
4
4
2
2
2
2
2
4
2
2
2
2
2
2
2
2
2
2
2
2
6
2
2
2
2
5
2
20
37
2
3
2
2
3
2
2
2
22
39
30
2
2
2
2
2
2
30
38
2
3
2
5
2
2
2
2
3
5
2
2
2
2
3
18
26
3
2
4
4
2
2
2
4
11
29
2
2
6
3
7
6
3
3
2
3
2
2
2
3
2
5
3
2
12
36
26
2
2
2
2
2
2
2
2
6
2
3
3
6
5
2
3
3
2
2
2
4
2
23
46
3
2
2
2
22
37
41
2
2
2
2
4
38
35
2
2
2
4
2
2
2
2
2
2
2
2
2
2
2
17
39
33
3
2
2
4
2
2
2
2
2
2
2
2
2
2
2
2
2
2
5
2
2
2
2
2
4
39
37
48
4
6
3
2
2
2
10
40
39
3
3
3
39
41
33
3
11
35
34
2
24
37
34
5
3
2
2
2
2
2
5
2
2
4
2
2
2
2
2
2
2
5
2
2
2
2
3
3
2
2
2
2
18
39
2
3
2
2
2
2
2
2
