105
107
104
100
103
99
105
109
106
108
111
104
107
107
105
106
104
109
107
110
107
109
102
105
106
102
98
86
97
87
79
78
78
74
76
75
73
72
67
65
65
65
57
54
60
53
53
51
53
53
53
50
50
47
43
41
42
38
37
40
40
40
36
36
33
30
28
28
28
25
25
22
22
22
20
23
22
23
20
18
17
17
16
16
17
16
16
16
16
17
16
15
14
14
14
12
13
13
12
12
12
13
12
13
12
12
14
12
12
13
13
12
12
12
13
13
14
13
13
15
14
13
13
13
15
15
14
14
15
15
15
15
17
17
16
18
19
20
18
21
23
21
21
21
26
27
27
28
25
27
27
27
31
32
31
31
31
34
35
33
34
36
35
40
41
41
43
45
43
45
47
47
48
51
48
48
55
53
51
54
51
51
56
55
55
56
56
57
56
55
58
57
52
54
55
56
58
65
64
69
69
70
68
69
69
71
75
73
78
81
77
74
76
80
80
76
70
73
72
75
75
74
71
71
67
69
66
65
68
67
64
68
69
67
63
63
61
65
68
62
63
62
69
76
76
75
76
79
78
77
77
72
80
84
85
86
83
85
82
83
90
94
92
89
87
94
89
92
94
93
91
99
94
96
98
98
103
106
103
102
103
104
93
103
100
109
105
111
