91
88
88
87
87
82
89
86
90
90
88
86
92
87
90
85
85
94
91
91
89
90
86
86
89
89
81
74
85
76
68
66
67
63
60
58
56
56
54
53
53
55
51
46
51
45
42
45
46
41
43
43
42
38
37
34
33
32
29
32
29
28
27
26
23
23
21
21
20
19
18
17
17
16
15
16
15
15
15
14
15
13
13
14
12
13
13
13
13
10
10
10
11
10
10
10
10
10
10
10
9
10
10
9
9
10
9
8
10
9
9
9
9
8
9
8
9
9
9
8
9
9
9
9
10
11
11
11
11
11
12
12
12
13
12
13
13
14
15
16
16
19
17
18
17
20
19
21
22
21
21
24
26
29
29
28
27
26
29
30
31
31
31
32
34
34
36
37
36
33
36
40
39
41
39
41
43
44
43
42
42
41
43
43
44
45
45
47
46
48
49
48
47
46
49
49
50
54
55
56
56
55
57
57
61
59
63
62
68
66
68
63
63
67
67
62
60
60
58
65
63
62
59
56
55
57
57
54
57
57
55
58
58
57
55
54
53
52
54
54
53
49
56
62
61
58
60
63
64
63
66
63
66
64
68
68
66
71
69
68
74
76
74
70
72
74
75
76
80
77
78
84
80
80
80
82
84
86
86
85
88
83
81
87
88
92
95
92
