113
116
112
109
111
102
110
111
113
112
114
111
114
112
112
109
111
112
113
110
111
115
107
110
113
106
102
95
107
91
85
80
80
75
74
74
72
72
70
64
64
63
63
56
61
56
55
54
54
53
55
52
51
50
45
45
46
40
41
44
40
39
38
36
32
28
29
29
26
26
26
25
23
22
22
21
22
21
20
20
19
18
19
17
18
18
18
18
16
17
18
16
15
15
14
14
15
14
16
14
16
13
13
13
13
13
12
13
13
14
13
13
13
13
13
14
14
13
14
13
13
13
12
15
17
15
15
16
14
15
16
16
19
18
18
18
19
19
20
22
21
23
22
23
26
26
27
28
29
27
30
32
34
35
35
35
37
37
37
37
38
38
41
44
45
43
50
49
50
47
47
49
53
52
56
55
59
58
58
55
56
53
57
59
58
61
62
64
63
63
63
60
59
61
61
63
63
66
71
72
71
70
72
75
77
75
78
77
84
81
80
78
79
83
82
83
77
82
86
88
83
79
77
74
72
77
74
72
75
72
69
72
73
74
72
72
67
68
73
66
66
66
71
79
79
77
79
85
82
82
86
77
83
83
85
89
86
95
92
91
96
94
91
88
92
100
92
97
99
99
100
103
99
99
101
102
105
108
107
104
111
107
101
107
107
115
119
114
