86
70
62
66
63
64
68
75
76
91
64
58
60
81
77
80
61
67
83
70
76
81
62
67
65
74
74
84
71
64
62
60
64
69
85
68
74
56
61
55
52
77
53
54
63
62
52
49
66
58
52
56
52
61
66
70
57
60
60
70
68
83
93
72
63
64
60
65
77
61
76
54
61
71
77
67
55
62
77
60
56
69
54
55
63
60
62
94
66
65
66
69
75
81
80
91
78
69
62
66
63
94
74
79
66
65
61
65
68
78
84
80
74
82
91
75
72
80
92
87
70
63
66
64
67
77
76
75
85
65
67
64
60
75
58
58
66
84
69
77
84
63
64
59
58
62
77
58
54
55
55
58
59
58
77
64
58
66
56
59
66
67
64
73
73
70
63
60
62
62
67
72
67
58
56
63
72
77
73
67
83
69
66
63
62
59
64
65
74
79
62
59
55
72
64
65
59
75
71
75
74
65
58
55
54
53
82
66
78
70
66
72
58
55
57
70
81
79
65
63
68
67
63
58
70
87
62
61
54
59
62
72
64
61
82
67
69
56
60
56
57
64
66
80
87
65
69
61
56
53
62
60
70
87
78
75
71
70
75
73
68
67
84
82
85
74
79
77
82
75
73
86
85
79
72
71
75
78
80
69
85
84
69
60
57
64
61
56
