25
26
21
23
29
26
20
21
28
25
26
25
27
30
29
28
29
30
30
32
28
26
31
26
30
30
26
28
26
26
28
30
28
28
32
27
31
27
27
33
31
26
29
26
26
24
22
24
28
24
25
25
23
23
24
22
27
22
21
22
25
18
20
22
24
21
18
18
18
20
16
16
16
15
17
16
17
18
19
16
18
18
17
17
16
16
16
15
16
15
14
16
16
14
12
13
11
10
11
11
11
12
12
11
10
10
10
10
9
8
7
9
8
8
10
8
9
8
9
8
10
8
10
8
7
6
7
7
7
7
10
7
4
4
5
6
6
5
5
5
7
5
5
5
5
7
5
5
6
8
8
5
7
7
7
8
13
10
8
9
7
6
9
7
8
10
11
12
12
10
10
12
11
14
11
12
13
14
14
13
17
19
15
15
17
18
14
21
17
17
20
21
18
16
18
22
23
18
24
22
20
31
23
21
20
18
20
19
20
28
27
17
20
18
22
31
20
20
25
19
21
20
21
24
22
22
25
21
26
20
23
21
23
26
23
24
28
23
25
21
22
18
20
22
21
20
22
23
24
24
21
22
20
20
22
21
25
26
23
26
23
21
24
25
22
28
25
20
22
20
25
21
23
23
20
20
17
19
21
25
20
20
17
21
20
18
19
19
