50
51
51
52
51
54
51
51
51
51
53
53
53
53
53
52
52
53
57
58
57
53
56
54
52
51
55
55
54
57
55
54
53
53
51
51
50
48
51
50
49
48
48
47
48
48
47
45
45
47
46
46
44
42
43
41
39
41
41
41
40
39
38
37
37
37
37
35
35
33
33
31
31
0
0
0
0
0
0
0
0
0
0
0
0
0
0
0
0
0
0
0
0
0
0
0
0
0
0
0
0
0
0
0
0
0
0
0
0
0
0
0
0
0
0
0
0
0
0
0
0
0
0
0
0
0
0
0
0
0
0
0
0
0
0
0
0
0
0
0
0
0
0
0
0
0
0
0
0
0
0
0
0
4
42
41
40
38
40
39
41
41
42
42
45
43
43
43
42
42
42
41
44
45
45
49
49
49
48
47
47
47
50
50
50
48
48
49
49
49
47
48
49
49
48
49
48
50
49
50
49
50
51
51
50
50
50
51
51
53
53
54
54
54
53
53
53
54
54
57
59
56
56
57
59
57
59
56
55
56
56
55
56
54
55
55
55
54
55
54
53
54
56
53
55
54
56
57
58
59
59
57
57
56
58
58
60
58
59
59
59
59
59
58
56
54
58
58
56
56
56
55
55
53
54
51
50
52
50
50
51
50
51
51
51
49
50
51
