44
45
45
46
45
45
46
44
46
46
45
46
45
45
44
44
44
46
46
46
45
46
46
45
45
46
45
45
45
45
44
43
42
44
43
41
40
40
41
40
40
38
38
37
37
35
35
34
35
33
33
33
32
30
30
29
28
28
28
27
27
26
25
25
25
26
24
24
25
25
24
23
23
22
22
21
22
22
22
22
21
21
21
21
0
0
0
0
0
0
0
0
0
0
0
0
0
0
0
0
0
0
0
0
0
0
0
0
0
0
0
0
0
0
0
0
0
0
0
0
0
0
0
0
0
0
0
0
0
0
0
0
0
0
0
0
0
0
0
8
20
21
23
24
23
23
26
26
27
26
26
26
28
28
28
28
28
29
30
32
32
32
33
34
37
38
37
36
37
38
38
40
40
41
41
44
45
43
45
46
44
45
46
46
47
47
47
49
49
48
49
49
48
49
50
49
49
49
49
49
49
49
50
49
48
48
49
50
50
50
49
49
50
49
50
50
48
47
49
52
54
57
52
50
51
51
50
49
50
50
49
50
50
49
50
51
51
50
51
50
51
49
50
49
50
49
50
51
50
52
53
50
49
51
50
50
50
49
51
50
50
50
50
49
47
46
46
47
46
46
45
46
47
45
46
44
44
44
43
44
43
43
42
42
43
42
43
42
