9
7
7
9
12
10
8
8
10
6
6
6
6
8
13
12
12
11
11
11
9
8
10
9
6
5
5
6
5
7
7
7
5
5
5
7
9
10
8
5
5
9
9
9
9
9
9
8
4
4
4
4
4
4
4
4
4
4
4
3
3
4
5
5
5
4
3
4
4
6
7
6
4
3
5
4
5
5
4
5
5
5
5
5
5
4
7
7
6
5
5
4
4
4
4
5
7
8
7
5
8
10
8
6
5
6
9
10
6
6
6
9
11
8
7
7
8
8
8
9
7
7
7
8
8
8
8
7
7
8
8
8
7
8
8
8
9
8
9
9
9
9
8
19
11
10
10
7
8
8
8
8
8
8
8
8
8
8
8
8
8
9
9
9
9
9
9
9
9
9
9
9
10
9
10
10
10
10
11
10
10
10
10
10
10
10
11
10
11
11
10
10
10
10
10
10
10
10
10
10
10
10
10
10
10
10
9
10
10
10
10
9
9
8
9
9
9
9
9
9
10
9
9
9
10
9
9
9
9
9
9
10
11
11
22
11
11
12
11
11
12
12
12
10
10
10
11
11
11
10
22
10
10
10
10
10
10
10
10
10
10
10
10
9
10
10
10
9
10
9
9
9
9
8
11
8
8
8
8
8
8
10
9
14
10
7
7
8
