8
6
5
9
11
8
6
6
8
5
4
4
5
7
12
9
9
9
9
10
7
7
7
7
4
4
4
4
4
5
6
5
4
4
4
5
6
6
5
3
5
7
8
20
9
7
6
6
3
3
3
3
3
3
2
3
3
2
3
2
2
2
3
3
3
3
2
3
3
4
5
4
3
2
3
3
4
3
3
3
3
4
4
4
4
3
5
5
5
4
4
3
3
3
3
4
5
5
5
4
6
7
6
5
4
4
8
7
5
6
6
7
9
7
5
5
5
6
5
7
6
5
6
7
7
6
6
6
6
6
5
5
5
5
5
7
6
6
7
7
6
6
5
6
6
7
7
5
6
5
5
6
6
5
5
6
6
8
8
6
6
7
8
7
6
7
7
7
7
8
8
7
8
7
7
6
7
7
7
7
7
8
7
8
7
8
8
8
8
8
7
7
7
7
7
7
7
7
7
7
7
6
7
7
7
9
9
8
8
8
7
7
7
7
7
6
7
6
7
7
6
6
6
6
6
6
6
7
6
6
6
6
7
7
7
7
8
6
6
6
7
7
7
6
6
6
6
6
7
6
6
6
6
6
6
6
6
6
6
6
5
6
6
6
6
6
7
6
7
7
8
8
7
6
10
5
5
6
5
5
5
6
6
12
8
5
5
5
