66
58
66
66
68
68
76
56
69
58
57
52
61
61
52
47
135
124
68
81
59
59
60
53
77
146
114
0
46
42
43
45
44
50
58
49
52
41
51
55
56
52
52
47
68
59
54
56
64
58
53
53
50
54
42
40
50
59
50
54
52
51
57
48
37
48
46
40
43
58
51
45
48
54
44
37
29
89
203
167
40
40
46
47
56
58
62
58
47
45
62
49
50
50
56
55
63
60
49
43
50
53
54
52
50
56
54
52
45
62
63
65
60
69
75
69
56
55
59
48
59
76
69
75
50
51
64
64
66
41
37
57
58
61
58
52
48
50
75
55
75
53
50
52
64
56
57
47
53
67
56
61
64
86
96
99
70
94
89
77
82
81
63
63
73
78
92
75
51
53
57
66
54
58
66
83
74
65
53
53
76
98
95
81
83
72
70
84
71
71
62
62
70
64
89
73
76
76
76
89
63
69
85
55
73
77
75
77
63
75
68
65
79
115
68
65
58
68
83
80
70
67
76
77
64
69
76
72
76
78
75
82
76
69
67
95
74
59
78
70
81
74
93
72
80
67
90
92
78
105
85
72
58
74
59
64
56
54
59
53
57
57
77
57
66
83
70
58
68
76
76
59
65
76
52
52
62
64
51
64
53
82
60
65
64
76
60
57
