78
68
63
49
43
164
71
71
39
44
69
56
77
110
64
79
55
42
46
51
38
45
75
57
57
47
48
52
49
48
42
53
52
45
35
51
53
39
64
51
81
34
34
51
31
37
40
30
59
66
46
45
40
42
33
35
47
48
46
45
73
83
45
40
50
46
48
62
62
73
59
63
71
81
45
42
71
51
63
71
39
53
48
48
49
50
48
46
44
57
70
74
78
53
51
84
82
67
76
62
83
82
41
53
81
43
46
38
112
44
39
57
48
49
63
108
68
103
89
59
135
94
55
86
89
69
111
93
96
79
122
48
59
44
64
86
59
83
64
83
64
74
76
126
109
81
96
86
111
90
86
101
72
74
68
88
86
62
99
107
131
69
90
91
93
73
71
113
93
79
68
108
85
93
83
58
70
83
78
74
100
69
69
60
107
71
88
95
83
101
55
120
115
101
100
139
166
105
73
93
87
92
121
81
106
85
89
137
117
99
127
101
131
79
105
97
150
95
115
111
105
92
78
120
106
76
82
98
110
72
112
93
140
78
91
98
105
95
112
42
189
155
69
76
96
90
52
63
78
69
83
76
62
72
78
104
73
81
91
80
78
99
58
66
59
61
54
116
71
75
86
72
77
118
133
53
114
85
82
74
79
75
107
146
54
59
74
51
