28
9
49
18
9
27
19
11
18
40
9
10
32
29
10
34
22
13
31
27
11
41
10
13
48
14
13
47
20
11
41
11
20
43
23
17
35
10
20
45
10
14
45
9
27
20
12
19
30
15
28
25
11
22
28
10
31
31
9
42
11
14
41
13
25
25
9
25
18
8
36
13
8
42
15
16
46
9
18
31
8
36
10
7
40
6
18
19
6
27
21
9
29
12
6
38
8
6
37
6
15
39
8
40
30
5
37
4
20
16
15
37
24
10
46
14
11
43
32
17
20
16
20
16
18
21
17
15
25
16
15
16
18
22
21
16
20
18
16
24
20
11
18
18
18
17
21
16
17
17
19
22
31
20
23
24
25
20
30
38
24
19
20
21
23
18
19
23
21
25
21
33
27
24
21
24
22
30
22
26
23
27
21
29
34
27
22
23
29
34
22
34
32
30
31
23
23
22
28
36
29
26
33
26
24
32
19
25
24
20
37
27
27
38
21
25
29
25
24
20
39
28
22
25
27
28
34
27
24
25
28
30
31
19
25
25
29
27
23
27
18
9
6
6
10
6
13
6
6
6
6
14
6
7
6
6
5
14
5
5
5
5
6
8
5
4
5
4
10
4
4
4
5
13
4
4
4
6
4
4
4
4
4
4
4
4
10
4
