8
14
10
7
6
9
8
6
8
11
6
10
10
7
6
8
6
7
8
11
6
8
6
6
9
7
5
10
6
6
9
8
7
10
6
6
9
12
11
10
7
7
17
6
8
6
6
6
7
10
7
7
7
7
10
6
7
10
10
14
21
11
9
5
8
8
8
7
7
6
8
12
5
9
6
7
14
5
6
11
9
8
5
4
7
5
8
6
10
15
8
6
7
6
18
7
5
4
5
5
6
6
5
6
4
7
6
4
6
5
7
9
12
9
10
7
7
12
7
7
6
6
8
10
7
6
7
6
8
7
6
7
7
7
8
6
6
6
7
7
7
6
16
8
8
7
9
7
7
7
8
8
8
8
8
8
8
8
16
9
7
8
10
7
8
10
8
8
9
8
9
19
18
10
9
9
9
9
8
9
10
9
10
9
10
10
9
9
10
9
10
11
9
9
9
9
9
10
9
9
9
11
8
10
16
8
8
9
13
9
9
9
13
9
10
9
9
11
9
12
12
11
9
9
12
9
8
11
7
9
8
10
7
8
8
19
10
11
20
16
6
6
13
6
4
5
5
5
5
5
5
11
5
8
6
6
5
11
5
5
6
4
7
5
5
6
4
6
7
17
4
5
4
4
4
5
4
15
4
5
4
4
4
4
4
5
4
8
