2
2
27
56
36
45
53
62
48
36
38
24
7
3
2
2
2
2
2
2
2
9
46
85
41
47
69
52
68
60
10
3
2
2
2
24
41
74
58
64
51
42
5
3
2
2
2
2
2
45
77
67
64
75
25
3
2
2
2
12
47
65
74
48
54
3
3
2
2
2
2
12
35
55
59
51
21
3
3
2
2
2
12
2
2
2
2
2
29
62
59
56
39
10
3
2
2
2
2
2
27
41
46
71
47
27
3
3
2
2
2
2
2
12
52
70
45
46
34
74
15
3
2
2
2
16
2
23
15
3
2
2
2
2
2
5
6
2
2
2
2
2
2
2
2
2
2
2
2
2
11
14
6
2
2
2
2
2
2
2
2
2
2
2
2
2
2
2
34
59
18
63
52
34
5
2
2
2
2
2
2
24
40
75
35
38
9
2
2
2
2
2
2
2
2
2
24
18
73
63
51
26
5
3
2
2
2
2
2
29
45
61
65
29
40
32
4
2
2
15
2
2
2
2
2
2
28
47
58
70
42
67
58
39
4
2
2
2
2
2
2
2
28
35
52
67
88
36
55
31
4
3
2
2
2
32
29
68
78
76
29
44
24
6
3
2
2
2
2
14
34
45
78
72
41
36
36
17
3
2
2
2
2
2
2
2
37
38
