2
2
20
55
72
53
43
36
101
47
38
19
15
3
2
2
2
2
2
2
2
2
22
46
50
49
61
52
43
28
27
3
2
2
10
13
46
43
46
86
49
22
3
2
2
2
2
2
2
42
61
48
73
39
4
3
2
2
2
9
51
68
43
57
47
3
2
2
2
2
2
7
59
52
66
58
21
3
2
2
2
2
2
2
2
2
2
2
23
35
40
96
49
10
3
2
12
2
2
2
15
49
76
73
98
63
14
3
2
2
2
2
2
9
54
45
65
79
79
43
32
3
20
4
2
5
2
18
4
3
2
2
2
2
2
2
2
13
2
2
2
2
2
2
2
2
2
2
2
1
10
18
6
2
1
1
2
1
1
1
1
1
1
1
1
2
1
1
28
69
42
62
92
29
3
2
2
2
2
1
1
47
57
61
35
27
8
2
2
2
1
1
1
1
1
1
29
29
67
78
35
51
16
2
2
1
1
1
1
18
42
43
65
47
46
20
4
2
2
2
2
2
2
2
2
2
56
43
42
67
44
56
70
12
3
2
2
2
2
10
4
2
53
41
55
82
74
65
44
27
15
2
2
2
1
56
66
58
90
55
35
31
28
24
7
2
2
2
2
17
46
70
57
73
53
44
47
38
3
3
2
2
2
2
2
2
40
37
