22
9
26
18
8
28
15
16
11
37
9
12
29
28
9
28
37
12
22
18
8
30
9
12
30
17
8
43
17
11
30
13
10
27
11
19
28
8
12
40
33
22
26
7
21
19
8
13
21
11
17
22
8
29
17
7
15
33
9
29
11
8
29
8
13
15
8
26
12
6
21
7
6
20
8
14
21
8
17
15
7
25
7
7
19
6
12
17
8
18
15
7
22
13
7
19
6
5
22
10
11
15
7
30
9
6
22
6
15
21
11
29
18
12
31
12
10
27
18
14
14
12
11
18
13
14
13
14
14
21
28
18
27
13
14
14
15
21
14
17
14
10
17
14
14
16
15
16
16
13
15
15
15
15
16
17
13
18
20
17
28
22
24
27
17
13
16
15
17
18
15
22
15
18
17
20
30
19
15
17
14
21
18
19
22
19
33
18
24
20
15
24
25
17
30
15
15
20
18
18
29
27
17
17
15
26
21
24
18
21
28
16
16
25
17
18
19
21
16
18
27
21
17
18
19
16
19
27
35
17
20
25
26
17
17
18
18
22
25
22
12
9
7
7
11
8
7
8
6
7
7
20
10
8
15
7
9
8
7
8
10
10
16
14
9
7
7
18
13
6
8
9
7
7
26
12
6
12
11
15
7
7
6
5
4
7
16
6
