2
2
32
47
41
48
57
46
66
63
39
42
17
3
2
1
2
2
2
1
2
2
35
59
54
42
37
89
41
70
13
2
2
2
1
22
61
48
60
56
64
26
31
2
2
2
2
2
2
35
41
85
78
25
4
2
5
2
2
3
48
50
51
47
40
5
2
1
1
1
1
4
32
42
44
64
45
9
2
1
1
1
1
1
9
2
2
2
11
51
59
82
60
33
2
2
1
1
2
9
12
59
75
76
51
21
3
2
2
2
2
2
2
4
45
56
55
37
62
66
25
3
2
2
2
1
1
21
3
3
2
2
2
2
2
2
2
8
3
2
2
2
2
1
2
2
1
1
1
1
10
18
6
2
1
2
1
1
1
1
1
2
1
1
1
1
1
2
19
38
66
85
18
36
12
10
1
1
1
1
9
15
61
72
51
32
12
2
2
1
1
1
1
1
1
1
30
47
88
36
72
61
43
16
2
1
1
1
1
3
22
61
47
65
62
19
4
7
1
1
1
2
1
1
1
1
23
55
55
46
59
50
29
40
3
6
1
2
1
1
1
1
33
57
63
84
78
64
71
29
3
2
1
1
1
29
60
46
68
57
79
63
21
10
2
2
1
2
1
9
67
51
73
73
71
48
53
32
2
10
2
1
1
1
1
1
39
50
