19
11
18
16
14
15
11
7
12
17
34
21
14
20
10
14
11
11
15
12
12
27
12
11
15
13
15
20
11
15
19
13
10
22
14
13
15
12
13
18
10
15
20
12
17
13
14
15
13
15
14
14
12
14
15
7
12
11
8
20
8
9
16
9
13
10
10
11
12
10
15
10
8
19
9
12
22
9
12
13
7
15
6
6
12
6
11
10
6
9
7
6
13
6
5
10
5
5
12
5
8
13
6
12
5
6
13
5
8
8
5
16
19
15
20
14
16
26
19
15
23
21
21
16
17
19
19
20
17
11
15
12
13
13
14
14
12
16
14
14
13
13
13
14
13
14
13
13
13
11
15
20
12
29
19
15
16
16
17
17
13
14
15
17
12
16
13
16
15
18
14
17
15
21
20
16
20
18
14
21
21
17
19
19
21
29
15
20
18
18
16
18
18
15
17
14
17
14
16
16
15
16
14
19
15
13
17
15
14
18
15
15
16
17
14
15
14
18
13
18
19
18
17
16
19
16
18
22
22
16
20
20
17
20
24
24
15
16
32
19
20
21
10
25
15
6
6
6
7
13
14
12
11
26
14
15
14
7
10
8
8
8
9
8
6
5
4
4
9
4
5
5
4
4
4
4
5
5
5
8
6
5
26
6
3
4
4
3
