2
2
9
71
79
39
39
46
65
49
41
21
24
4
2
2
2
2
2
2
2
2
22
94
71
79
45
57
36
54
7
3
2
2
2
15
66
54
90
33
58
39
3
3
2
2
2
2
3
47
49
64
41
30
10
2
2
2
2
7
63
57
48
46
43
3
3
2
2
2
2
7
33
66
35
35
23
15
3
2
2
2
2
2
2
9
2
2
24
52
50
37
70
29
3
2
2
2
2
2
15
48
64
39
52
55
9
3
2
2
2
16
2
3
37
51
81
63
75
63
49
19
3
5
2
2
2
21
4
3
2
2
2
2
2
2
2
11
2
2
2
3
12
2
2
3
2
2
2
1
11
20
6
2
2
2
2
2
2
2
2
2
2
2
2
2
2
2
28
55
63
66
45
14
22
2
2
2
2
2
2
29
59
78
27
32
12
2
2
1
2
2
2
2
2
1
27
43
79
35
39
47
18
3
2
2
2
2
2
21
72
78
33
42
70
32
3
2
2
2
2
2
2
2
2
2
55
62
53
35
56
59
30
12
8
2
2
2
2
2
2
2
46
75
72
61
58
65
73
20
10
7
2
2
2
39
52
40
53
38
46
34
31
9
3
2
2
2
2
11
67
85
61
46
52
75
37
47
3
2
2
2
2
2
2
2
63
61
