79
67
70
61
74
57
61
53
67
59
71
56
66
64
72
58
73
62
72
64
72
70
77
70
77
66
75
70
77
69
75
67
76
78
70
63
71
76
81
63
68
60
73
64
71
66
74
73
70
65
72
68
73
64
67
57
59
52
59
53
59
52
57
56
62
47
51
47
55
48
54
46
53
48
52
49
54
49
55
55
53
54
54
53
53
47
55
49
58
55
60
51
53
50
54
47
63
49
55
51
51
46
50
45
57
69
63
58
63
61
64
58
64
59
63
60
68
61
73
67
68
58
64
64
69
67
60
55
58
53
58
57
63
61
62
58
64
56
58
55
62
51
75
68
62
55
61
56
61
58
69
58
64
60
67
64
65
60
65
62
67
58
62
55
59
56
62
58
62
60
61
59
69
70
68
64
65
70
68
62
66
63
67
64
67
63
75
64
69
66
77
64
71
62
73
67
74
66
70
63
69
61
65
54
63
58
71
72
59
48
61
54
75
65
65
62
66
61
65
64
62
54
62
57
66
66
66
59
70
61
69
60
68
66
69
66
71
65
70
62
70
60
66
60
63
57
76
64
73
71
73
51
60
64
70
57
57
51
59
56
63
57
72
64
69
68
74
67
80
68
75
62
72
60
66
57
70
71
74
71
68
64
73
54
66
53
60
55
