92
78
81
67
81
77
84
72
83
71
78
67
83
73
79
72
80
75
85
69
81
69
84
68
76
62
77
69
77
68
77
72
89
70
76
62
64
54
70
67
73
57
67
56
72
63
70
53
66
55
68
62
81
62
74
61
72
65
90
69
67
57
65
57
68
61
73
59
66
60
69
69
87
78
69
63
71
71
78
73
86
79
78
71
78
68
73
67
74
68
88
69
74
67
69
64
72
71
89
78
89
74
73
65
71
64
71
67
80
69
74
68
75
67
73
68
72
65
75
69
77
69
75
68
74
69
75
72
75
77
74
68
75
65
72
78
83
73
73
61
70
62
73
68
76
68
76
69
76
75
80
82
91
71
74
74
79
75
88
72
79
70
76
68
73
68
77
70
75
71
79
71
76
73
85
81
76
74
80
77
92
73
84
85
88
77
83
72
80
75
92
76
85
80
89
80
92
79
90
82
91
78
88
75
85
78
86
75
88
75
85
77
95
86
100
79
85
73
91
89
88
77
86
75
85
74
84
73
85
72
81
73
84
73
84
76
84
84
86
77
92
75
85
75
84
75
83
67
79
69
83
69
82
76
80
71
80
71
81
71
80
74
84
77
93
86
94
84
95
85
94
82
95
92
99
78
90
80
94
80
76
67
76
66
77
72
86
64
