18
8
24
12
8
18
11
21
15
29
8
11
23
21
9
27
13
10
27
14
19
26
10
13
47
19
10
28
8
9
23
13
14
22
7
11
36
12
10
23
7
12
25
9
22
16
9
19
26
8
16
17
8
14
30
8
17
18
8
32
8
7
28
8
19
34
8
23
13
5
23
7
5
26
7
9
29
7
14
21
8
37
8
5
25
4
14
15
10
16
14
5
18
12
14
24
7
5
22
5
11
29
5
36
9
4
25
4
13
12
6
21
12
9
28
7
12
35
14
13
13
12
11
16
13
16
13
12
12
11
20
10
9
10
9
10
16
9
9
12
18
10
15
13
18
15
19
15
16
16
18
16
18
22
22
34
15
18
15
12
13
19
16
15
20
13
14
18
15
18
16
19
17
17
16
17
19
37
16
22
20
19
16
21
17
18
18
19
19
36
15
27
18
21
16
17
16
16
18
22
18
25
30
19
16
19
14
16
19
16
23
24
16
32
16
21
17
18
29
17
26
21
18
19
21
19
27
25
20
25
22
25
16
17
18
21
22
17
19
19
15
9
7
7
9
8
7
6
6
9
8
7
6
9
8
7
7
8
8
8
6
6
11
24
10
6
5
6
6
7
6
5
6
7
7
10
7
7
12
21
7
6
6
10
6
6
5
5
