61
56
76
62
117
85
62
64
64
51
54
52
67
111
69
70
63
76
61
62
68
59
62
68
61
66
76
67
116
36
55
47
40
49
48
65
72
100
52
57
107
81
37
66
41
43
46
59
57
56
50
49
123
68
53
46
51
46
49
98
47
60
53
50
135
42
52
69
66
59
94
81
63
53
52
64
61
75
72
53
60
85
49
56
60
54
56
56
101
65
47
89
60
72
59
67
70
72
77
71
90
74
70
68
73
67
64
90
93
67
54
80
60
55
52
92
63
75
60
64
71
76
60
61
89
93
77
71
67
68
67
89
105
48
51
65
91
49
21
28
30
54
72
62
72
140
94
55
58
56
58
68
66
59
67
62
72
96
60
47
82
62
79
100
86
75
67
92
81
129
64
53
74
58
41
71
64
58
60
54
82
71
88
58
58
96
87
130
83
80
69
77
100
71
72
93
111
91
84
69
71
69
74
73
107
83
78
79
86
107
60
60
62
53
67
90
76
63
66
117
68
53
95
88
67
74
100
121
42
88
68
50
57
71
104
84
77
54
78
81
131
89
74
81
85
84
57
56
97
111
98
91
72
75
70
77
118
66
42
74
56
41
68
52
97
55
68
70
108
76
56
71
101
70
51
63
68
60
96
79
58
71
86
54
64
87
63
62
