52
50
50
44
83
51
49
68
54
68
57
59
69
67
74
57
63
69
63
53
58
59
80
68
69
61
51
64
81
63
63
60
76
58
56
63
52
49
54
58
76
87
90
57
62
68
67
65
95
102
102
93
111
90
88
81
58
95
55
43
66
47
56
51
71
68
58
70
60
61
67
74
55
54
52
65
101
69
52
51
64
81
62
54
56
56
60
69
79
73
67
80
77
90
78
83
86
80
77
64
95
71
71
65
106
85
48
56
88
69
71
69
66
69
80
77
131
143
98
82
65
95
85
96
115
81
114
60
60
75
70
68
81
71
71
84
108
97
113
144
140
108
114
107
100
128
82
117
106
101
100
127
110
89
101
127
109
84
90
101
94
107
102
118
127
170
96
84
89
122
114
81
83
88
126
155
144
126
156
98
72
80
58
46
53
66
70
66
58
60
82
85
85
112
82
156
159
135
84
73
71
102
106
86
67
104
67
110
142
123
68
80
92
101
65
104
97
127
76
74
91
79
60
88
88
105
87
122
93
89
102
76
76
72
71
92
90
136
108
89
119
164
170
134
94
71
46
66
66
86
71
64
73
74
107
60
61
83
81
123
138
44
46
68
53
73
73
120
138
39
77
48
57
71
83
68
94
117
136
131
117
59
49
53
55
101
100
84
