15
9
16
10
7
17
11
11
10
18
9
8
15
13
9
20
10
14
21
19
18
19
9
27
16
18
10
27
10
9
21
8
9
26
10
26
20
10
11
20
10
18
24
7
15
20
9
12
32
16
19
19
9
17
30
17
17
15
7
28
7
11
46
11
16
16
7
18
13
7
38
15
9
35
20
12
25
18
19
25
8
36
8
7
34
6
17
27
7
21
15
7
32
18
7
28
7
6
23
7
14
24
8
28
30
6
26
7
16
25
8
21
19
21
24
7
8
28
19
21
13
13
20
12
13
14
13
12
12
12
13
19
10
12
17
13
32
13
12
15
12
10
14
13
12
12
13
11
13
12
14
14
14
16
18
15
19
14
18
14
16
21
21
15
18
24
15
18
17
18
21
18
16
16
29
31
17
20
17
18
30
24
16
17
21
17
23
16
18
20
17
21
19
15
24
19
23
25
18
23
24
20
19
23
15
20
16
16
22
19
17
16
19
18
19
18
21
21
19
16
20
27
20
21
19
19
18
39
25
18
21
36
17
19
20
27
22
15
18
21
13
10
18
10
8
9
12
15
17
20
10
20
9
9
13
10
17
17
14
10
7
7
11
12
10
10
9
12
17
9
8
10
12
18
10
20
8
10
13
11
9
9
21
22
8
12
8
7
