59
72
74
60
50
104
60
47
58
70
62
58
63
68
61
59
60
66
80
73
67
62
57
78
65
65
67
73
67
74
69
63
63
66
64
58
63
60
63
76
78
74
71
70
75
79
85
79
87
110
98
99
85
97
78
82
84
83
86
86
91
95
88
81
80
55
62
58
66
63
82
67
75
74
68
76
80
76
71
70
66
54
61
73
76
79
92
81
87
83
87
71
69
68
68
82
82
81
63
59
81
89
64
61
53
52
58
55
54
58
64
76
121
67
66
63
83
56
95
104
55
57
69
69
78
76
91
88
110
78
84
78
77
62
66
67
75
80
84
79
93
83
93
97
155
99
71
63
76
113
79
81
77
83
91
97
84
80
83
85
73
76
78
87
74
78
85
86
82
79
82
90
81
96
82
81
90
84
90
100
110
109
122
112
102
98
99
104
102
68
76
135
159
63
80
106
60
131
230
84
79
74
90
71
76
66
81
73
81
88
89
77
109
86
82
77
103
91
92
100
90
101
87
92
95
101
85
88
85
97
107
74
75
83
93
97
93
85
108
99
113
143
138
123
132
106
67
68
79
78
64
68
97
125
122
83
84
74
78
62
62
84
69
66
70
68
92
71
73
75
77
102
102
130
138
118
102
98
96
95
110
91
93
108
141
119
106
83
