2
2
14
26
66
56
66
29
85
44
36
28
19
3
2
2
2
2
2
2
2
2
18
38
53
48
32
60
44
66
5
3
2
2
2
14
39
60
65
81
37
44
4
2
2
2
2
2
2
34
90
81
45
43
11
2
2
15
2
2
37
43
54
54
43
9
2
2
2
2
2
2
35
51
74
72
50
3
2
2
2
2
2
2
1
2
2
2
11
33
63
70
72
51
36
3
2
2
2
2
3
38
67
69
49
33
12
2
2
2
2
2
2
4
17
65
50
60
32
43
11
3
2
2
2
2
2
17
3
2
2
2
2
2
2
2
2
2
2
2
2
2
2
2
2
3
2
2
1
1
10
17
6
2
2
2
2
1
1
1
1
1
1
1
1
1
1
1
10
79
35
50
86
17
2
2
2
2
1
2
1
14
74
31
31
33
5
2
2
2
1
2
1
2
1
1
26
65
78
62
63
30
3
2
1
1
1
1
1
5
41
47
30
41
39
12
3
2
2
2
2
2
2
2
2
2
39
54
44
39
72
29
35
12
4
2
2
2
2
2
2
2
44
66
85
68
73
62
46
47
40
2
2
2
1
29
40
55
57
31
38
65
32
5
2
2
1
2
2
8
47
63
77
67
33
32
24
18
7
2
2
4
2
2
2
2
30
55
