2
2
14
65
41
55
58
58
54
67
53
37
9
3
2
2
2
2
2
2
2
2
24
82
66
57
43
56
59
31
6
3
2
2
2
15
62
57
79
70
38
33
3
2
2
2
17
2
2
40
73
45
46
21
4
3
18
2
2
2
37
64
47
47
57
12
3
2
2
10
2
2
38
88
43
33
48
19
3
2
2
2
2
2
2
15
2
2
8
49
54
57
38
9
13
2
2
2
13
2
9
37
52
43
63
46
4
3
2
2
2
2
2
6
28
57
86
68
65
62
41
39
3
2
2
2
2
29
4
3
2
2
2
2
2
2
2
2
2
2
2
2
2
2
2
10
2
2
1
2
2
5
3
2
2
2
2
2
2
2
2
2
2
2
2
2
1
1
2
13
32
39
28
29
4
2
2
2
2
2
2
31
50
50
36
21
17
2
2
2
2
2
2
2
2
2
34
34
57
53
46
20
4
2
2
2
2
2
2
15
58
69
50
38
22
9
3
2
2
2
2
2
2
2
2
2
54
27
80
50
38
29
20
11
3
2
2
2
2
2
2
2
84
45
59
49
47
67
40
25
4
2
2
2
2
30
41
76
106
76
38
37
27
8
2
2
2
2
2
10
39
54
52
65
60
37
55
21
3
2
2
2
2
2
2
2
49
41
