2
3
12
61
51
40
57
51
35
38
61
62
7
4
24
2
2
2
2
2
2
2
11
54
88
40
45
25
96
19
17
3
2
2
2
9
67
47
72
60
39
17
3
2
2
2
2
2
2
50
40
62
56
32
4
3
2
2
2
3
50
54
76
51
35
3
3
2
2
2
2
3
50
65
45
34
22
7
3
2
2
2
2
2
2
13
3
2
20
69
41
57
45
22
16
3
5
2
3
13
11
65
65
75
41
43
3
3
2
6
2
2
2
6
62
66
69
31
37
89
42
19
3
24
2
2
2
20
4
9
23
2
2
2
2
2
2
2
2
2
2
2
2
2
2
3
2
2
1
1
9
15
6
2
2
2
2
2
2
2
2
2
2
2
2
2
2
2
25
47
54
46
60
30
12
2
2
6
6
2
2
6
69
78
71
19
6
2
2
1
2
2
2
2
2
2
29
41
66
69
51
25
4
2
2
2
2
2
2
8
61
72
77
81
9
9
3
2
2
2
2
2
2
1
2
2
32
65
52
59
39
44
58
36
3
15
2
2
2
2
2
2
32
69
64
87
61
52
72
31
17
5
2
2
2
29
68
50
52
48
47
27
40
34
9
12
2
2
2
24
79
61
62
38
34
81
38
38
3
3
2
2
2
2
2
2
46
68
