19
12
22
18
11
25
17
12
15
26
11
20
22
19
11
27
20
26
27
16
20
38
14
11
28
19
24
23
11
10
37
12
11
26
12
14
27
11
15
22
13
14
24
16
25
21
21
19
21
13
21
16
13
18
17
12
16
18
11
24
9
12
25
10
17
19
16
20
14
10
22
9
8
21
10
11
23
9
15
19
16
22
9
8
21
10
13
17
8
15
16
16
24
18
8
22
10
5
19
8
16
16
8
21
9
10
23
6
13
12
19
23
20
13
28
11
16
27
20
15
15
15
31
15
29
13
16
17
18
14
14
16
17
16
20
17
14
15
16
16
17
11
19
17
17
15
20
14
15
16
21
18
26
21
18
29
22
21
21
16
24
17
25
21
18
25
17
28
24
20
18
21
22
20
22
20
24
26
20
22
22
21
20
27
22
29
20
21
24
21
19
23
24
20
22
26
20
23
20
21
27
21
24
32
19
22
20
21
25
22
19
22
20
25
20
21
25
22
24
19
26
24
33
24
38
29
22
27
24
24
22
24
18
20
28
23
30
29
23
40
14
9
9
15
7
8
7
8
7
8
11
15
9
8
9
7
8
8
8
6
6
9
7
7
9
13
15
6
13
15
7
6
6
9
9
6
6
6
6
9
6
6
6
5
5
8
5
5
