52
64
92
59
67
42
58
39
31
31
45
40
44
52
75
54
93
48
34
47
54
42
51
54
45
59
33
92
48
32
52
32
38
38
40
41
43
39
37
34
66
62
43
46
45
43
47
47
60
63
57
62
158
69
44
50
52
54
62
72
63
58
75
75
112
61
55
62
52
51
56
65
54
50
50
54
49
57
61
61
79
98
70
66
78
81
60
58
57
61
56
69
60
73
55
60
95
88
80
75
88
90
98
58
65
68
54
61
75
69
73
76
73
79
74
77
60
77
59
69
90
86
68
76
69
76
77
57
76
104
68
75
144
68
66
67
92
64
61
74
84
90
119
80
69
79
84
97
96
88
98
86
107
83
79
81
102
77
81
78
76
78
95
96
98
84
78
65
70
82
80
78
78
88
91
107
108
118
111
90
74
64
99
86
68
62
59
72
60
95
69
48
69
76
86
70
109
87
100
68
99
65
116
83
84
83
98
73
92
86
72
117
60
65
68
97
109
87
87
90
127
141
79
90
67
80
56
86
78
74
98
72
80
75
74
128
70
73
132
68
103
94
103
80
74
113
90
55
66
63
75
61
58
58
126
53
64
84
86
95
97
86
85
82
104
69
50
79
65
65
60
59
79
82
61
79
94
129
60
70
89
77
73
69
65
79
54
93
