22
13
27
9
6
31
20
6
8
30
5
6
25
22
6
27
16
6
20
13
5
31
6
5
31
9
6
38
6
9
35
6
5
44
5
10
28
11
8
28
8
9
28
5
20
16
5
12
28
7
21
16
6
17
23
5
25
24
5
32
5
5
34
6
16
15
5
29
17
4
28
12
5
30
17
10
35
5
12
23
5
33
5
5
28
12
22
36
17
24
17
4
32
16
11
38
10
4
39
5
12
33
5
27
11
5
38
6
17
25
7
31
29
7
30
6
6
25
14
11
10
9
10
12
14
11
12
11
11
12
12
11
12
12
12
10
21
13
22
12
22
9
15
20
15
16
14
15
11
12
25
14
15
18
15
17
24
12
14
13
11
14
12
15
22
12
20
25
20
13
15
16
13
16
14
14
14
36
22
24
17
25
12
21
17
14
14
12
19
15
17
21
20
24
24
16
15
14
19
18
17
25
19
16
17
22
12
14
17
23
24
25
19
22
26
20
23
18
20
18
32
22
15
15
16
20
17
17
14
27
18
17
14
15
20
30
22
17
19
19
14
6
5
5
6
6
6
11
9
6
6
8
6
6
12
6
6
7
7
6
5
13
7
9
10
14
6
5
5
5
5
5
5
6
6
6
14
10
9
5
5
5
5
5
5
5
4
4
