82
41
82
58
83
63
61
50
107
67
43
52
79
108
76
65
76
61
56
44
47
38
41
58
36
39
45
59
67
80
62
56
78
40
38
48
39
55
48
61
58
37
40
51
41
45
33
33
48
49
76
92
52
45
52
55
54
37
40
54
67
46
94
37
39
38
32
73
58
38
48
52
37
36
39
43
34
34
35
48
44
55
40
54
55
43
40
40
58
48
49
37
45
59
46
43
51
37
37
59
49
45
41
46
73
44
42
62
45
54
36
44
39
34
56
70
69
58
118
78
54
64
48
54
108
75
79
67
86
84
42
72
82
49
74
119
72
66
79
61
72
59
56
67
58
88
76
71
98
62
56
77
66
59
59
96
56
74
91
59
91
94
80
75
71
63
117
121
69
98
51
82
65
117
62
72
66
75
39
96
70
82
56
89
87
71
76
88
66
70
71
96
94
69
89
93
99
80
70
90
84
83
107
82
71
71
45
74
84
95
79
78
55
54
70
72
67
98
87
78
128
52
64
67
96
58
95
100
116
57
57
88
94
93
86
94
80
91
73
87
54
109
94
114
88
101
55
55
108
119
60
54
61
74
72
84
112
69
100
127
78
89
67
45
125
60
87
66
67
38
100
114
62
94
94
69
72
102
66
92
106
54
63
74
66
59
62
84
