16
15
14
15
18
15
14
14
14
13
13
13
14
14
17
18
18
17
18
17
15
15
17
16
13
13
13
13
13
14
14
13
12
13
13
13
15
15
14
12
12
15
16
14
15
15
16
14
10
10
11
10
10
10
10
10
9
10
9
8
9
9
10
10
9
9
9
9
9
9
12
10
9
9
9
9
9
9
10
9
9
10
9
9
9
10
10
10
11
10
10
9
9
10
8
9
12
12
12
11
12
13
13
12
11
13
14
15
14
13
14
15
15
14
12
14
14
15
13
15
14
14
15
15
15
15
15
15
15
15
14
15
14
14
15
14
14
14
15
15
15
14
14
15
16
14
15
16
15
15
16
15
15
16
15
16
15
16
16
16
15
16
17
18
17
17
17
16
18
17
17
18
18
17
18
18
19
19
19
18
19
18
19
18
19
18
20
18
18
17
20
20
20
20
20
20
20
20
20
20
18
18
18
18
18
17
17
18
17
18
17
18
18
16
17
17
17
17
18
18
18
18
17
18
18
17
18
18
17
17
17
18
18
18
18
18
19
18
19
18
20
17
20
17
16
16
18
18
17
16
17
16
16
16
16
16
17
16
15
15
15
16
16
15
16
15
17
17
18
18
18
18
16
15
14
15
15
15
15
14
15
15
15
15
15
15
14
14
