88
87
94
94
91
107
94
106
93
90
89
94
90
93
88
94
92
91
97
94
90
89
89
87
90
88
79
92
78
80
70
69
67
65
63
61
64
59
59
55
56
58
71
54
59
54
46
44
50
47
42
44
53
44
39
38
37
37
38
34
34
31
42
29
30
28
25
25
24
24
23
21
24
21
19
21
37
20
20
19
19
19
19
21
19
18
18
18
18
17
17
18
18
17
18
17
18
18
16
21
23
17
25
16
17
18
20
21
21
26
23
17
11
11
12
15
14
15
17
39
15
16
18
17
16
15
28
19
18
18
17
15
16
17
17
18
17
17
20
20
23
20
22
21
22
23
22
22
23
26
23
28
24
25
23
44
34
25
27
30
27
32
36
33
33
38
34
33
51
34
35
37
35
35
38
44
38
40
40
37
41
37
37
39
35
40
45
36
49
44
40
42
44
66
46
47
49
44
45
47
42
46
55
53
42
53
63
51
51
48
47
45
46
46
48
44
46
47
48
50
43
41
42
38
48
49
32
46
43
38
40
43
39
38
41
41
38
40
39
41
39
40
39
39
41
41
45
43
46
45
41
45
47
45
44
48
48
38
41
40
43
43
49
42
40
46
44
72
44
48
44
45
43
45
58
56
48
50
47
48
49
46
50
45
45
50
55
51
