120
120
133
134
134
133
136
138
135
145
117
104
100
97
100
100
98
108
108
112
108
107
108
101
101
98
96
94
91
78
72
85
65
64
63
71
61
63
62
67
68
67
66
64
66
72
66
61
64
58
56
55
56
53
52
56
46
51
52
40
42
41
40
40
41
39
35
33
33
31
31
25
22
40
24
22
29
21
21
21
21
20
20
21
21
19
19
18
18
18
20
19
20
20
21
19
19
17
16
20
25
18
18
23
23
22
24
21
23
22
17
8
7
9
11
30
14
15
16
16
17
17
18
17
17
17
17
18
19
18
22
17
19
20
19
29
18
19
22
30
22
23
24
24
25
26
24
24
26
26
36
24
25
25
26
27
30
33
43
30
32
33
32
29
28
31
33
34
40
35
34
32
32
34
36
38
41
39
34
36
37
35
38
36
37
42
40
40
45
49
43
38
39
50
43
41
42
47
47
50
46
49
51
50
55
51
52
51
53
53
53
51
52
52
72
54
47
51
50
52
58
40
41
39
39
46
44
44
49
40
38
39
45
46
39
43
45
38
43
38
37
38
39
45
38
39
40
47
63
39
37
40
37
37
40
41
38
43
42
40
44
48
48
43
44
43
46
53
48
49
52
54
55
55
55
54
58
61
57
60
65
58
54
58
70
60
56
56
