89
92
93
98
95
97
105
113
96
97
98
93
96
94
95
97
92
95
92
107
99
95
97
96
105
91
108
86
84
77
74
68
84
68
66
62
66
66
61
58
58
57
59
56
54
51
51
50
50
52
55
45
44
49
43
40
39
38
40
37
35
34
33
50
106
44
30
30
28
26
39
25
24
25
24
25
35
24
23
27
23
22
38
27
29
23
21
21
21
20
21
21
20
20
21
20
21
20
20
24
38
20
19
20
21
21
25
25
25
32
24
17
12
13
13
18
25
21
18
18
18
18
17
20
19
19
19
19
19
19
20
19
22
21
21
23
22
21
22
22
22
23
23
23
24
24
26
25
26
25
25
26
25
26
28
27
27
27
27
28
27
28
29
32
30
31
29
30
31
32
32
34
34
33
34
34
34
35
36
35
37
34
42
36
36
37
37
35
36
36
37
38
40
45
39
38
38
44
54
40
43
43
51
43
43
41
42
43
44
45
45
44
60
45
43
44
45
44
44
43
43
40
37
37
35
43
34
43
38
36
35
35
39
35
36
34
36
35
34
34
35
35
35
35
36
35
36
38
46
39
38
42
39
41
40
54
60
37
39
40
40
39
41
40
39
38
40
55
45
43
43
52
42
45
53
47
52
44
46
49
45
45
46
48
47
49
48
48
