92
96
102
105
105
114
111
120
109
108
108
100
129
122
103
104
108
115
120
116
113
108
111
102
97
102
104
104
103
89
74
74
73
71
72
74
78
72
66
61
61
62
59
54
67
59
53
62
63
66
60
58
56
53
50
50
52
57
61
61
45
43
40
40
38
37
30
29
31
27
26
25
24
23
23
27
25
26
23
26
26
26
25
25
25
22
27
31
23
23
21
20
20
20
19
26
20
20
19
20
21
19
21
20
21
20
28
25
26
26
24
18
11
10
13
16
16
16
16
16
19
16
17
19
19
20
17
18
18
19
22
18
21
21
19
19
21
19
19
21
22
22
21
22
24
24
27
27
24
27
30
26
30
31
32
33
30
30
29
30
28
30
32
34
37
38
37
36
37
38
41
41
39
37
39
35
37
38
36
38
38
37
39
41
43
41
46
39
39
38
39
44
38
39
38
40
40
44
51
45
46
47
45
43
42
46
51
50
65
56
55
51
51
50
45
46
49
47
52
50
47
42
41
40
37
38
37
39
41
39
40
44
38
37
37
37
42
42
39
36
38
38
40
42
41
50
44
42
40
39
40
43
43
49
46
43
42
40
38
38
39
39
44
44
44
43
45
44
45
45
46
45
76
47
50
49
51
56
53
50
49
48
49
53
52
53
56
56
