114
115
123
129
139
107
108
111
108
106
107
103
107
104
106
107
108
108
110
109
110
108
108
109
109
102
97
95
94
87
82
76
76
70
68
68
70
65
61
64
60
59
60
58
60
55
64
52
51
49
44
43
45
42
43
40
37
37
35
45
32
31
30
29
26
40
31
25
25
23
22
22
21
21
20
20
33
22
19
21
19
21
17
19
23
18
18
19
17
17
17
17
16
16
16
16
16
16
15
17
25
17
15
20
19
23
28
30
29
32
25
17
10
8
22
21
15
15
17
15
15
16
16
17
17
17
16
16
18
18
19
18
19
19
19
19
20
19
20
21
22
22
23
23
25
27
27
30
29
28
28
29
32
31
32
32
31
31
31
33
30
33
32
34
34
36
35
35
36
35
37
37
39
40
40
40
41
41
42
42
42
42
46
49
42
43
44
42
44
44
47
52
52
52
47
46
45
50
50
52
52
53
57
54
53
55
57
59
56
57
58
58
59
66
55
55
56
56
56
55
48
49
45
45
44
44
52
44
44
44
44
45
42
44
43
42
44
44
44
44
46
44
44
44
46
44
46
49
47
51
56
53
55
59
61
61
55
54
52
48
54
52
56
56
52
50
56
60
59
59
57
62
62
63
72
65
67
67
69
66
66
66
67
71
68
71
74
81
