110
110
118
128
118
123
121
124
127
119
120
115
120
118
115
113
118
116
125
116
116
118
116
122
122
120
109
107
109
96
85
82
80
105
76
75
79
76
75
74
73
73
67
62
67
64
62
55
64
58
54
56
54
72
47
45
60
48
44
40
43
41
37
35
34
32
30
29
36
36
27
25
37
26
29
25
31
23
22
23
22
23
23
21
23
21
20
21
22
25
28
25
31
22
21
21
21
25
19
32
24
20
20
25
30
30
27
22
22
26
20
13
12
12
14
18
21
18
18
17
17
18
21
20
19
25
19
19
20
19
20
19
22
24
18
19
20
21
21
21
22
23
25
24
26
27
28
27
27
27
32
33
35
27
28
30
28
30
32
34
35
35
39
37
39
33
33
37
35
35
37
38
37
39
36
37
38
40
39
42
38
37
40
41
42
41
46
40
42
41
44
46
48
48
46
44
47
52
53
53
56
52
73
49
50
51
57
49
51
52
54
54
59
51
51
59
49
49
50
51
45
52
42
41
42
45
45
46
45
50
43
45
43
44
49
41
41
40
42
42
47
40
40
42
43
46
46
52
48
49
45
44
52
45
43
44
44
58
48
48
47
45
47
48
50
46
46
54
49
54
52
56
56
60
67
54
60
62
63
63
57
56
54
63
59
59
61
63
