108
102
104
105
123
112
116
113
107
107
113
100
108
106
115
109
115
118
114
123
113
108
109
117
111
105
100
97
95
89
82
89
61
63
64
65
64
60
57
54
53
54
52
50
52
49
46
44
47
51
45
43
44
41
40
38
37
36
36
45
37
36
37
33
35
31
27
28
29
26
24
23
24
22
22
27
30
21
21
21
21
19
27
20
22
21
19
19
21
21
21
21
19
20
19
18
20
19
20
24
21
19
20
22
20
22
25
27
23
32
23
16
12
12
15
20
18
17
19
18
18
18
19
19
19
27
18
18
18
19
20
20
21
21
21
21
20
20
21
22
24
22
20
20
24
24
25
25
26
24
29
25
26
27
28
28
25
28
30
26
26
27
27
34
30
28
31
27
31
36
32
33
30
31
33
31
31
32
31
33
32
31
31
34
35
35
35
34
33
35
35
35
35
40
33
39
33
38
40
40
39
41
45
39
38
41
43
41
43
44
51
43
42
41
40
41
46
41
40
40
38
38
36
36
36
34
37
39
34
34
36
36
34
33
33
33
33
35
38
34
33
34
33
34
35
36
37
37
49
34
34
37
40
39
40
39
34
34
42
36
36
39
39
39
38
38
37
48
40
41
41
45
45
44
48
46
47
48
46
45
46
44
41
46
42
45
44
46
