89
93
93
93
93
94
96
96
96
99
101
93
95
97
98
110
100
101
100
100
98
100
97
97
111
93
90
89
83
85
73
68
70
65
77
62
65
63
60
59
60
60
58
58
60
55
50
51
55
54
51
46
46
45
43
42
40
43
42
40
39
36
35
33
33
32
30
32
32
28
29
28
27
27
26
31
40
26
25
25
24
24
23
35
30
25
23
24
23
23
22
24
24
21
23
21
22
22
21
28
30
22
21
22
23
24
27
28
28
41
26
15
23
16
15
19
22
19
20
20
20
20
24
21
21
22
21
25
35
21
28
25
21
23
21
23
22
23
22
24
24
25
24
23
24
25
27
39
28
31
31
31
46
43
37
37
34
32
31
33
31
32
48
35
34
35
32
33
36
35
36
37
39
35
38
38
38
39
39
39
43
42
40
39
38
42
42
38
42
44
41
40
41
64
52
42
41
44
44
47
50
60
59
52
48
47
50
50
48
48
59
48
46
65
50
47
50
49
48
49
43
42
41
40
46
50
35
37
38
43
45
39
39
39
43
39
39
47
58
41
41
40
38
41
41
42
42
58
53
54
64
50
36
38
58
38
38
40
40
39
43
42
40
40
41
45
42
64
48
46
46
49
47
50
63
47
47
49
47
49
50
48
48
50
50
54
52
51
