91
89
92
95
94
91
92
92
94
101
98
106
94
95
91
94
95
97
99
101
99
93
94
93
91
87
83
83
84
74
72
66
67
64
60
59
60
58
55
54
54
54
57
51
61
65
49
47
50
46
45
42
57
41
40
39
38
38
37
33
34
32
31
31
27
26
33
25
23
22
22
23
42
22
21
23
37
20
19
20
18
19
19
27
28
20
19
19
19
18
18
19
18
19
18
18
20
19
17
25
25
20
18
25
32
29
23
20
21
29
19
12
12
14
13
16
16
16
16
17
16
17
17
17
16
16
16
26
17
19
19
18
19
19
23
20
19
19
20
20
21
22
21
21
26
24
23
24
21
21
23
24
26
25
32
24
25
24
35
26
25
27
35
28
27
29
30
27
29
28
29
30
30
29
34
31
32
31
37
43
32
31
32
33
32
34
34
35
33
33
45
33
35
47
37
35
36
36
37
38
37
39
48
41
40
44
40
44
41
45
41
43
45
44
41
41
44
42
40
40
36
34
38
34
34
51
33
33
33
35
34
35
33
40
34
41
34
34
34
32
35
32
33
33
33
35
35
35
37
37
38
44
39
44
37
36
34
34
37
36
38
38
38
38
37
36
36
54
41
41
42
43
43
45
57
46
44
44
45
45
46
55
45
47
48
46
49
46
