96
97
104
108
110
111
111
115
110
111
110
107
107
106
104
106
112
112
111
109
107
110
105
104
106
103
101
96
95
84
82
73
74
72
77
76
75
70
68
68
70
61
63
62
62
59
55
53
58
65
52
53
55
51
45
44
44
42
41
48
43
48
44
35
34
34
29
31
31
28
29
26
26
27
26
30
47
28
26
25
29
24
23
40
32
24
23
24
25
38
30
23
23
24
22
23
23
24
22
31
35
24
25
33
37
25
27
26
27
41
24
13
17
13
16
20
19
20
20
22
23
21
20
21
21
21
20
23
24
26
27
26
28
45
25
26
25
25
29
24
24
38
26
24
26
32
28
28
27
26
28
28
32
27
29
28
29
30
29
31
31
35
33
37
39
37
35
36
38
40
43
40
38
40
37
35
37
38
37
39
42
48
47
52
52
55
52
56
46
46
47
59
61
80
58
48
43
51
53
56
45
49
53
49
46
48
50
54
56
56
57
57
50
50
48
52
44
43
45
45
44
45
50
43
44
44
40
36
36
36
53
41
39
44
50
46
48
45
46
41
36
40
39
39
43
42
39
49
41
46
40
41
46
43
37
36
39
37
51
43
38
41
43
43
46
46
49
59
47
46
48
53
58
52
57
50
52
51
50
49
55
47
50
57
54
54
55
55
