91
78
80
95
86
89
91
97
101
103
94
83
83
80
81
84
84
84
96
95
87
94
87
80
85
81
79
78
80
72
66
62
61
61
66
65
67
58
54
62
53
52
53
47
48
49
49
45
65
55
50
54
60
44
45
43
39
40
38
38
38
37
38
36
51
33
33
32
38
30
29
29
33
27
26
36
55
48
29
21
20
20
22
31
24
20
20
19
19
19
19
20
19
19
18
19
19
21
18
26
31
20
19
18
19
25
24
25
25
39
22
13
14
13
28
17
16
17
18
17
17
17
17
18
26
19
17
17
18
18
27
24
43
19
18
20
19
26
19
21
19
21
21
22
21
24
23
23
24
24
26
23
23
24
24
23
24
24
23
25
25
25
25
25
26
28
27
28
28
28
29
29
30
29
31
29
29
29
28
29
30
29
29
32
29
30
35
30
32
30
49
31
32
53
44
35
35
36
40
38
38
58
61
41
38
48
45
59
39
42
41
41
41
52
39
39
40
38
40
37
33
31
31
33
37
41
33
33
32
31
31
30
38
47
35
36
35
36
34
30
32
34
34
30
29
29
33
46
33
33
32
34
36
37
35
33
37
34
37
35
36
36
37
37
36
37
39
60
39
38
39
49
41
43
60
41
42
41
42
49
48
52
45
51
61
46
48
46
