27
16
1
0
15
0
0
16
7
2
5
2
1
5
10
23
12
31
12
19
9
7
16
8
44
33
46
27
3
4
31
41
10
0
0
0
2
1
2
0
1
9
0
0
0
0
19
0
4
0
1
0
16
3
4
0
16
5
0
0
0
0
0
0
0
0
0
0
0
5
0
1
4
16
4
7
3
2
8
11
9
10
16
10
22
13
22
16
10
27
9
20
13
13
16
16
10
22
8
21
9
12
16
17
7
18
16
8
17
9
18
28
38
17
17
32
19
17
13
10
21
12
20
8
26
8
11
8
7
16
4
4
24
7
3
8
5
2
22
22
24
30
38
33
46
42
33
74
34
28
14
1
1
1
12
4
0
0
0
2
1
2
8
0
0
0
31
10
6
15
7
7
38
10
34
4
25
29
24
68
7
48
64
42
90
57
35
25
46
72
42
61
36
26
53
50
52
30
38
93
72
58
32
78
32
29
67
63
26
43
56
25
57
35
77
22
10
67
55
55
17
49
43
25
37
21
50
34
51
69
32
15
51
50
40
28
40
28
19
35
47
57
33
58
28
45
48
27
18
45
30
70
20
119
22
35
38
45
20
25
24
58
62
47
109
55
22
37
12
39
40
45
55
26
27
71
26
25
9
19
50
21
26
38
16
7
7
6
