15
10
16
2
2
6
10
8
5
8
10
5
7
8
32
0
6
24
12
10
7
6
6
10
23
17
10
30
7
3
5
0
4
5
0
3
1
0
6
3
0
3
1
3
3
4
0
0
3
3
0
3
4
7
7
2
3
3
0
0
0
0
0
1
0
0
0
0
2
7
0
1
5
13
3
3
5
3
10
16
7
12
20
5
15
12
17
16
16
10
10
12
14
9
19
20
11
17
9
21
8
13
25
8
12
12
14
10
16
10
16
12
13
18
16
24
16
16
11
19
10
7
12
8
8
5
14
13
3
30
3
3
14
7
3
22
5
12
20
34
38
19
33
29
52
37
35
82
35
27
4
1
2
1
0
3
0
11
6
0
3
2
1
0
3
1
26
10
4
5
1
4
11
34
10
10
17
22
20
32
38
55
30
35
48
40
72
6
39
34
40
52
51
54
86
58
41
15
45
53
50
41
48
93
22
80
70
74
32
6
9
24
22
14
44
19
30
16
46
10
20
39
31
17
21
27
43
34
31
63
39
11
47
36
47
40
30
24
7
33
41
27
50
54
63
62
32
6
6
46
15
36
63
57
28
27
28
24
21
34
24
59
33
16
40
44
24
29
26
24
33
39
50
49
38
58
27
21
12
25
25
13
6
33
7
2
18
0
