30
29
29
29
29
29
30
30
29
29
29
31
31
31
30
31
32
31
33
32
32
32
32
31
32
31
31
31
31
30
30
31
31
30
30
29
30
29
30
29
29
29
28
27
25
23
24
24
24
24
24
25
24
23
23
24
23
22
22
26
26
26
25
22
23
22
23
22
22
21
20
21
21
21
20
20
21
21
22
22
21
22
20
20
20
21
21
21
23
22
21
22
23
21
21
21
22
23
23
22
23
22
21
23
22
22
22
22
23
23
23
23
23
22
22
22
22
22
22
22
23
22
22
22
22
22
24
22
22
21
22
22
23
22
23
22
22
22
23
22
24
25
26
26
26
27
27
28
27
29
29
29
30
32
31
30
30
29
31
30
31
31
32
31
33
32
33
33
33
34
35
34
35
36
35
35
35
36
35
36
37
37
40
37
37
38
39
40
40
40
42
39
39
40
39
39
39
39
38
38
38
38
37
38
38
38
39
38
37
37
39
37
37
37
38
38
38
38
37
37
37
38
37
38
38
36
37
37
37
38
37
36
36
35
34
35
35
35
35
36
37
37
38
38
37
35
35
36
36
36
35
35
36
35
35
35
34
34
34
33
33
34
33
33
34
33
32
32
32
32
30
31
30
30
30
30
29
30
29
28
30
30
30
28
28
28
28
27
