71
68
76
73
73
79
78
82
75
79
73
76
81
79
76
74
83
91
86
79
81
90
86
77
87
85
83
80
79
78
77
74
80
82
78
82
79
71
61
55
58
66
64
64
59
48
44
53
54
59
58
53
48
51
43
41
45
42
43
49
50
47
48
46
49
47
43
45
47
44
41
40
38
36
36
36
41
41
40
35
33
31
29
28
32
32
29
29
33
33
32
30
31
33
32
30
31
33
35
35
36
36
36
35
33
31
30
28
26
29
35
32
35
36
42
43
40
34
23
33
32
29
28
29
32
30
32
36
38
36
37
37
41
42
39
35
35
39
36
41
40
33
32
37
42
44
44
39
31
36
36
34
44
38
44
45
43
44
42
28
28
37
39
46
46
42
42
43
47
52
51
50
49
48
46
44
46
47
44
42
38
34
43
42
46
45
50
48
48
48
54
56
53
53
54
54
55
59
58
62
64
64
58
54
48
60
65
59
65
67
69
64
68
67
65
66
66
66
70
73
85
85
71
72
75
78
74
75
69
66
72
75
71
68
64
72
73
73
65
60
57
58
63
68
80
75
69
71
68
64
59
57
56
59
60
56
54
53
52
54
52
52
60
63
63
63
67
66
62
66
62
66
62
63
64
67
68
74
64
61
65
65
61
67
67
64
64
64
