5
5
4
3
3
3
3
4
3
4
3
3
4
3
2
3
3
3
4
3
3
3
3
3
4
4
3
4
3
3
3
3
3
3
3
3
4
3
3
3
3
3
3
3
3
3
3
3
3
3
3
3
3
3
3
5
4
3
3
3
4
4
3
3
3
3
4
3
3
4
3
4
6
6
4
5
5
4
4
4
4
4
5
3
5
5
4
4
7
6
7
6
6
5
5
7
6
7
8
10
10
8
10
9
9
9
8
9
13
10
11
9
9
9
10
8
8
12
12
13
20
18
20
26
25
22
27
25
19
18
15
13
20
23
19
19
18
16
19
21
17
16
15
15
22
19
19
19
20
18
16
19
18
17
13
15
21
26
35
25
27
24
34
30
33
32
32
31
39
38
36
36
31
34
34
34
34
33
32
34
35
27
28
34
30
26
32
35
39
39
35
32
40
42
37
35
33
35
33
33
31
29
31
31
35
31
31
31
30
29
29
30
30
28
31
27
38
39
34
31
37
33
31
32
33
34
35
35
40
40
39
38
38
35
37
40
41
35
34
32
40
40
37
35
33
29
30
32
27
27
27
30
33
23
24
24
29
30
27
23
21
19
19
23
22
21
18
16
17
22
22
24
32
20
13
10
14
11
8
9
7
7
7
6
6
7
9
9
