52
52
53
56
52
52
53
54
52
53
53
55
53
52
55
51
52
51
55
52
51
51
55
52
52
52
52
50
50
51
51
49
49
49
50
48
48
45
50
47
45
46
45
42
43
42
39
42
40
39
38
38
41
37
35
35
36
38
37
37
39
41
38
36
38
34
32
33
33
35
33
33
32
31
34
35
33
31
31
33
31
34
31
31
33
32
32
34
31
33
31
31
30
34
30
30
31
32
33
36
32
33
34
33
35
31
31
31
32
33
36
31
31
32
33
38
36
34
34
33
34
33
36
41
33
33
33
32
36
33
33
33
33
41
45
34
34
33
36
34
36
35
35
35
40
37
37
37
38
39
39
39
39
41
42
40
40
40
46
41
41
46
47
44
45
43
47
45
48
53
47
47
47
51
49
48
52
50
49
54
51
53
55
54
52
56
52
54
58
55
57
54
56
59
54
57
62
60
63
60
61
64
63
64
68
63
65
64
67
64
68
65
66
63
62
57
61
57
55
58
58
56
61
56
57
56
54
57
58
53
53
57
57
56
59
56
55
54
54
55
51
51
54
54
51
54
53
54
57
54
53
58
56
55
58
54
54
55
57
54
56
58
57
55
58
54
53
57
54
53
57
54
52
54
56
52
52
51
54
49
50
49
52
49
49
47
53
50
