52
52
55
49
49
52
59
58
55
57
59
52
59
55
53
50
48
52
56
55
53
50
54
50
51
50
52
47
48
49
50
45
45
46
52
49
48
48
48
46
50
47
44
44
46
39
39
37
39
42
43
39
38
36
37
37
37
34
34
38
41
42
41
39
39
37
38
37
37
33
33
31
35
33
33
37
36
36
39
35
32
31
32
29
37
34
31
31
35
36
39
33
34
33
31
30
31
34
32
32
33
33
36
40
36
34
33
34
33
39
35
32
33
34
39
39
38
37
38
38
38
38
34
36
39
38
37
37
36
35
38
34
40
40
38
36
37
36
36
41
41
39
34
33
43
42
42
40
37
37
40
38
41
42
45
44
42
47
50
45
47
47
46
50
51
50
45
46
51
50
51
54
49
51
53
48
51
55
50
55
50
53
58
55
59
56
57
56
56
56
57
58
55
56
60
56
59
62
64
63
65
61
59
61
57
61
61
60
56
63
64
63
59
59
61
56
59
55
55
57
57
61
60
57
57
55
58
56
59
53
58
66
60
58
60
57
60
58
55
54
53
54
58
58
61
58
59
59
55
54
57
57
60
59
58
60
54
55
52
52
54
53
57
58
55
56
52
53
52
50
50
52
50
50
52
49
49
51
49
47
48
47
48
53
51
54
46
49
