55
53
52
54
53
53
53
53
51
53
54
55
57
58
57
58
56
56
55
59
56
54
60
53
53
54
53
58
53
55
57
54
51
51
53
49
50
48
51
49
50
54
51
49
48
48
50
49
45
46
50
48
46
44
44
45
44
42
42
42
49
41
41
43
47
43
44
41
41
43
40
40
40
39
42
40
41
42
44
42
41
41
40
42
41
41
40
41
45
42
40
38
40
39
39
38
36
39
36
38
38
41
43
38
38
38
36
40
39
40
40
41
38
38
38
38
40
38
38
37
40
42
38
38
38
38
41
40
38
39
41
44
41
41
40
40
42
38
41
42
45
40
41
44
46
43
41
42
46
44
43
45
47
47
51
47
50
46
47
51
48
47
53
50
53
54
57
54
56
56
54
54
56
55
59
56
55
58
56
56
62
56
59
58
60
61
59
62
59
64
60
65
68
63
65
63
66
65
67
63
64
61
62
65
64
67
65
65
66
68
68
67
67
64
68
66
68
64
64
64
65
67
64
63
59
60
64
57
61
58
59
58
60
59
59
61
59
58
60
57
60
55
55
63
58
63
60
57
63
60
62
60
64
61
60
59
56
60
59
56
61
56
56
59
56
60
56
59
57
53
54
58
51
53
53
51
50
54
50
49
51
48
47
50
50
48
49
48
