45
43
45
42
44
43
43
48
49
47
47
48
49
48
46
48
49
47
49
48
48
53
46
43
43
45
41
42
42
48
46
43
43
42
42
39
41
41
40
43
39
41
41
39
41
39
37
37
38
37
39
36
36
36
36
37
37
34
34
34
35
33
37
33
34
33
33
32
34
31
32
33
32
33
32
34
31
32
31
32
31
31
34
31
31
30
31
30
31
34
33
33
31
31
32
31
35
31
31
31
30
31
34
31
31
31
29
30
30
35
32
32
32
31
30
31
34
32
31
31
32
32
31
35
32
33
33
32
32
35
31
32
33
32
32
35
33
33
33
36
34
35
30
31
33
34
35
37
32
33
38
37
36
34
36
36
37
38
37
36
39
39
42
40
38
42
45
39
41
40
43
41
42
44
46
43
44
43
45
43
43
48
46
46
47
48
48
48
52
49
49
52
49
49
50
50
50
52
54
50
50
50
52
51
56
49
47
53
51
54
64
60
53
50
47
47
50
46
48
54
51
50
52
51
49
50
49
50
51
52
50
52
54
50
49
48
47
48
46
49
47
49
52
48
48
51
52
49
46
49
49
47
53
48
48
46
48
46
45
47
46
47
47
47
45
45
52
49
51
52
57
48
46
48
45
44
45
48
44
44
44
43
47
42
44
43
46
44
