58
53
58
56
53
57
61
58
56
58
56
55
60
54
53
53
54
54
55
62
54
55
56
52
54
54
55
53
50
54
51
48
50
49
50
50
56
51
49
53
47
45
48
43
43
41
45
40
42
47
48
41
41
42
38
38
38
37
40
46
49
48
50
43
41
40
41
37
39
37
34
37
35
34
35
43
40
38
40
38
37
33
32
32
40
36
33
33
40
39
37
35
36
39
34
33
33
35
32
34
34
34
39
37
37
36
37
34
36
38
40
34
35
35
40
40
37
37
38
41
39
35
33
38
39
36
33
34
37
34
36
35
41
38
38
36
40
36
36
38
45
39
36
36
46
42
43
46
38
38
39
42
43
44
46
46
45
47
50
43
45
47
45
51
54
47
51
46
49
58
55
55
55
54
58
54
54
57
53
59
54
56
57
63
60
59
61
57
58
54
61
62
61
56
59
57
60
62
68
64
69
64
66
60
61
62
68
58
60
66
71
64
64
61
62
58
61
58
61
57
60
60
62
57
57
57
57
61
62
58
58
62
57
60
63
59
60
60
62
55
60
56
59
62
61
65
60
62
58
58
56
57
59
58
61
54
59
53
57
55
55
56
60
64
57
57
57
54
55
51
51
54
50
51
54
52
54
55
53
54
53
51
49
52
48
50
50
51
