45
46
47
45
44
49
46
49
47
45
44
45
47
45
46
44
45
46
43
47
46
44
44
44
44
45
42
43
43
42
45
45
40
41
41
41
41
38
40
43
44
43
40
38
40
40
37
35
37
39
39
39
36
36
35
34
35
37
33
34
35
35
38
33
33
33
33
31
33
30
31
31
31
31
32
29
29
29
30
30
32
30
31
30
33
30
34
32
33
42
32
29
32
29
28
30
29
33
30
32
31
29
30
32
31
33
32
32
32
32
32
34
32
31
33
31
32
33
32
33
32
30
30
34
33
32
32
31
32
31
33
32
33
32
32
34
35
32
34
33
33
34
35
35
36
34
36
39
33
35
36
35
38
43
41
41
39
38
32
49
38
38
41
41
42
42
44
43
43
44
46
44
44
47
46
44
44
48
46
46
51
49
49
50
49
49
52
48
50
51
49
51
52
51
51
51
51
55
54
52
56
54
54
55
55
54
57
55
53
57
59
58
59
58
55
54
52
54
52
55
59
55
54
53
52
51
54
50
53
49
50
51
51
48
51
51
53
54
52
49
52
51
51
52
52
51
51
50
51
51
55
54
54
52
49
48
50
50
53
58
63
60
61
53
49
48
53
53
51
54
51
48
49
48
47
47
52
50
45
47
50
46
46
47
48
45
43
43
