54
52
48
53
55
54
52
52
50
52
51
52
57
52
52
52
51
54
53
52
52
56
51
50
51
54
47
52
50
54
46
46
49
45
46
45
48
45
46
44
45
43
43
42
44
41
42
41
43
40
39
39
42
38
38
38
37
39
37
39
39
42
39
40
39
35
37
35
34
34
34
37
33
33
34
35
33
33
34
33
36
32
30
31
31
32
33
33
35
36
35
37
35
35
32
32
34
39
33
32
34
35
35
38
35
35
34
34
37
35
35
33
33
36
33
32
33
33
37
34
33
37
34
34
36
31
32
32
31
34
34
34
35
33
31
36
33
32
33
35
38
34
32
34
35
38
35
36
36
37
40
38
41
42
46
42
41
42
44
41
41
42
45
42
43
47
44
45
45
51
47
48
52
50
53
49
50
53
48
52
54
53
56
54
52
55
53
55
55
53
58
55
56
62
56
58
55
55
61
56
58
57
59
55
58
57
58
58
56
57
57
59
57
55
57
55
56
53
56
57
60
62
57
57
52
53
55
54
57
56
57
52
54
56
54
57
54
53
55
51
53
54
51
55
52
54
54
54
55
53
55
56
54
56
52
51
53
52
59
54
53
54
54
51
53
52
50
55
52
50
52
51
48
51
48
47
52
49
48
46
49
47
48
49
44
45
45
48
