104
97
100
103
99
98
95
101
109
103
113
111
123
115
118
117
122
113
114
113
111
115
106
107
105
106
101
96
104
87
85
85
78
84
96
90
92
91
86
89
87
91
89
76
85
88
78
86
77
85
81
81
83
78
74
66
60
64
67
63
70
64
62
57
53
54
45
41
35
39
35
36
33
31
31
32
28
24
26
24
22
23
20
20
22
23
23
21
23
20
18
16
19
17
15
16
17
17
16
15
15
18
20
17
16
15
14
15
14
15
18
16
15
15
15
15
14
14
15
19
15
15
16
20
18
19
21
22
22
26
23
26
25
28
31
33
35
34
37
39
35
39
42
44
50
50
56
54
55
66
64
69
66
69
73
74
75
77
80
82
107
77
81
81
77
81
78
81
88
89
81
87
85
86
83
79
80
90
83
86
74
76
88
82
97
79
77
76
78
78
84
83
84
95
79
81
78
97
91
87
83
83
83
86
83
86
86
85
83
82
102
104
78
73
70
69
64
65
63
79
76
84
91
83
78
74
83
81
71
73
75
77
76
85
81
80
86
88
78
72
76
78
82
81
76
80
83
84
84
78
78
73
79
82
84
82
84
78
82
85
91
96
85
96
94
89
88
85
88
103
99
91
85
85
89
93
73
81
77
79
78
76
78
75
77
77
84
78
