96
94
97
93
94
91
97
97
102
106
109
103
101
109
107
110
110
107
105
112
110
110
107
104
106
103
97
99
95
91
85
84
83
78
84
85
88
80
79
75
75
81
75
78
86
86
77
75
78
76
72
69
75
77
71
65
65
63
61
55
59
64
50
54
48
52
47
48
34
35
35
35
28
31
26
25
25
25
26
25
22
22
19
19
18
17
18
22
18
19
14
14
28
18
15
16
12
12
14
11
13
12
13
14
12
12
11
11
10
10
10
12
13
13
12
13
11
11
12
13
13
16
14
17
17
18
21
23
21
20
22
24
21
28
28
28
31
32
30
34
40
40
43
41
44
48
54
53
55
57
61
64
65
71
70
63
71
70
74
79
81
76
76
74
77
75
70
73
72
70
74
76
77
75
78
70
74
76
74
71
70
78
73
73
77
76
75
80
80
84
80
74
85
85
89
84
85
85
87
90
88
85
84
79
88
86
86
83
87
92
87
81
72
74
77
81
81
83
81
78
78
81
84
80
80
76
85
78
76
75
76
77
80
87
87
89
92
91
96
91
86
91
90
91
91
87
87
88
89
85
84
79
85
81
82
84
100
97
94
86
90
92
97
91
93
94
87
95
97
86
93
90
91
91
87
88
93
85
83
88
88
81
82
85
81
79
80
77
