19
20
20
21
21
22
24
22
21
23
21
20
23
22
23
23
24
23
28
23
22
22
23
22
25
28
30
25
22
22
21
22
21
23
22
23
22
21
19
18
20
19
21
20
18
21
19
17
17
20
20
19
19
21
19
18
19
19
18
19
19
19
17
17
16
15
14
14
14
15
13
13
11
11
13
13
14
14
14
14
12
13
12
11
12
11
12
12
11
12
13
13
12
13
12
11
11
10
12
11
12
11
11
11
10
12
11
10
11
11
10
9
10
10
10
12
11
13
11
11
10
10
10
10
12
12
10
9
10
11
11
10
11
11
12
11
12
12
11
12
13
13
12
11
12
13
14
11
11
10
12
12
13
16
16
15
14
14
15
13
14
14
14
16
15
16
17
15
15
17
17
15
17
16
15
16
15
19
15
19
17
16
17
17
17
14
15
17
16
19
17
19
17
17
18
18
17
20
20
21
20
21
19
17
17
18
21
18
19
19
20
21
19
20
20
17
17
18
18
18
19
19
20
19
20
21
20
20
19
19
21
21
20
19
18
19
20
23
21
19
19
20
24
29
29
27
25
24
24
27
23
23
24
25
24
26
24
23
24
23
24
24
26
26
24
25
24
23
25
23
23
23
22
24
23
23
22
23
23
22
22
22
21
23
23
25
25
23
