79
78
82
82
80
82
86
87
84
85
82
82
81
83
83
81
79
86
86
81
81
91
87
84
87
83
74
71
73
78
80
77
77
81
83
86
82
78
74
68
64
65
60
63
65
62
60
61
59
67
67
61
60
62
60
63
64
63
64
69
76
76
78
75
76
74
73
73
73
68
66
65
64
64
64
67
59
54
55
53
50
49
50
46
43
47
48
47
46
52
51
51
48
48
47
50
48
51
53
51
49
49
49
48
49
47
47
44
47
56
58
48
49
52
52
55
54
56
51
55
55
56
51
44
45
44
45
46
47
47
47
48
49
50
49
47
48
49
49
50
50
46
46
47
50
50
50
55
47
47
49
45
48
46
48
55
55
54
53
48
48
56
46
48
50
46
50
52
53
55
55
51
52
54
52
57
60
60
59
58
55
53
58
59
60
62
61
63
76
74
63
68
64
65
68
73
72
75
74
77
90
76
67
66
61
67
67
69
73
76
75
73
73
74
73
71
68
70
71
73
75
76
73
72
72
72
69
69
69
88
89
88
76
68
76
74
76
76
84
79
74
88
75
63
65
69
70
64
65
62
62
62
60
63
64
65
65
64
65
65
66
64
69
68
67
68
67
65
65
66
65
70
70
67
66
65
72
82
77
65
63
66
68
66
66
68
70
74
