70
67
73
72
72
72
75
70
71
71
71
71
68
71
71
68
68
71
73
68
70
70
72
72
71
71
69
70
79
86
74
69
67
66
67
68
65
62
59
56
59
61
58
59
62
57
52
54
56
59
57
55
52
54
58
58
56
54
55
63
70
66
66
64
61
62
61
59
59
59
57
55
56
60
58
56
53
54
56
51
51
54
54
55
53
52
53
50
52
52
58
57
56
56
59
57
57
57
52
53
52
53
54
54
54
53
53
50
49
49
54
54
54
58
59
58
58
57
50
56
55
52
52
56
56
55
61
58
60
59
57
57
62
61
62
55
53
57
57
58
56
53
54
56
56
56
58
56
52
56
64
62
58
55
56
59
57
57
58
53
51
52
55
59
59
56
56
58
56
61
64
61
63
61
60
62
67
67
68
64
63
65
71
69
70
69
72
76
80
75
74
75
74
78
81
75
74
73
70
76
79
80
76
76
74
81
85
82
82
79
79
80
80
84
83
79
78
81
86
86
85
85
79
82
85
87
83
81
80
85
89
84
82
80
80
82
84
81
83
81
79
83
85
83
84
82
81
84
85
81
79
79
77
80
84
81
80
77
76
80
83
77
78
80
79
77
83
85
82
79
77
77
81
77
78
76
80
82
81
76
76
76
76
74
79
76
76
75
