62
64
63
68
67
66
65
65
65
64
65
66
63
64
64
64
68
69
66
68
69
68
68
64
62
63
64
67
68
65
64
62
65
61
61
59
60
58
59
60
55
55
56
56
53
54
53
48
49
48
47
49
46
45
43
38
38
40
36
34
36
34
31
32
32
29
29
27
26
25
27
25
24
24
21
23
22
20
20
18
17
17
18
18
19
17
16
15
14
14
13
12
13
13
13
11
10
10
12
11
12
10
9
9
9
9
10
7
8
8
7
8
9
9
8
7
9
9
8
8
8
8
8
10
10
11
11
13
15
16
19
14
11
11
10
11
12
15
13
15
19
19
23
24
20
20
24
25
27
28
27
29
30
33
34
34
32
33
36
35
37
39
39
41
40
40
41
42
42
40
42
52
56
54
56
52
46
46
47
47
47
48
52
51
52
49
49
53
55
59
57
55
57
57
54
60
57
55
58
59
58
59
59
60
58
56
58
60
62
64
63
62
63
61
63
65
65
64
65
66
70
68
66
68
68
67
68
61
63
61
63
65
64
64
66
65
69
66
65
66
63
64
64
61
63
64
64
64
67
67
64
66
61
59
59
57
61
61
62
62
62
65
63
67
61
59
62
62
62
61
62
64
60
63
62
60
59
60
59
59
62
61
60
59
57
59
57
59
