14
17
31
31
12
11
12
12
25
23
12
11
14
12
13
13
12
13
12
12
12
12
13
11
14
15
21
22
33
23
12
10
10
10
11
12
12
13
13
11
11
12
32
28
10
9
10
11
11
12
20
18
11
10
11
9
10
9
9
10
11
10
12
14
10
10
9
9
10
11
12
28
16
10
29
10
18
10
8
7
7
7
16
16
13
10
10
16
30
13
28
12
10
9
8
23
18
10
11
12
11
15
34
27
19
14
18
34
22
14
18
31
12
28
12
12
12
12
15
20
16
31
49
21
26
33
24
34
28
30
23
30
21
24
20
18
22
20
24
22
41
42
35
19
31
19
24
35
21
17
21
24
23
21
28
23
21
24
35
45
23
19
21
18
31
22
13
20
26
32
30
25
28
24
23
17
20
19
32
33
44
37
34
31
23
30
19
15
18
34
41
30
25
33
16
30
22
28
53
28
20
32
25
48
37
37
29
21
25
32
35
44
31
32
27
25
28
43
30
26
51
46
32
20
32
48
23
28
33
25
26
27
29
21
23
34
50
23
24
19
15
44
27
37
44
36
47
28
26
24
23
25
22
21
21
37
30
24
26
18
24
18
16
33
16
17
25
24
17
31
16
17
18
17
16
16
15
19
18
15
16
37
32
14
14
26
17
17
