15
30
26
11
12
11
12
11
12
14
17
10
10
11
10
11
12
14
15
20
16
18
17
10
12
14
14
14
11
11
9
11
11
10
18
15
25
26
21
10
11
27
27
12
23
10
9
9
10
15
19
9
11
9
9
10
12
20
9
10
9
9
18
9
10
9
9
8
8
9
8
8
8
8
23
9
9
8
8
7
6
12
10
8
12
12
11
10
20
10
10
10
10
22
10
17
23
21
8
7
9
8
8
9
9
10
9
10
10
11
13
11
12
11
12
12
10
10
10
13
20
17
23
35
35
26
21
14
14
17
20
25
23
13
25
23
14
17
22
24
40
20
24
18
12
10
19
16
17
14
21
18
21
21
20
19
18
21
28
21
39
18
19
20
16
33
14
31
16
26
25
28
17
26
20
18
19
18
18
18
17
19
25
19
19
21
20
39
23
19
23
31
37
17
20
26
19
29
24
23
23
44
24
21
29
22
22
18
23
23
21
32
20
20
46
36
27
19
42
20
12
26
25
31
17
15
17
21
19
23
23
32
44
42
23
33
34
21
27
23
30
44
30
25
18
30
46
37
19
26
24
24
16
15
20
20
17
45
29
23
24
41
38
29
25
34
20
17
22
39
42
24
27
19
22
33
25
24
37
27
24
31
25
31
27
30
33
27
