9
9
10
18
13
12
12
12
12
12
12
12
12
12
12
11
12
12
11
12
12
11
13
14
13
13
12
10
11
11
10
10
13
12
12
13
15
15
14
12
15
14
12
13
13
14
12
13
12
14
14
12
13
13
12
12
11
12
11
12
13
13
13
11
14
13
11
12
11
11
12
11
13
13
13
11
13
11
11
13
11
12
11
11
12
12
12
11
13
14
13
13
12
12
7
12
13
11
11
11
12
13
12
14
13
12
12
11
11
11
13
12
11
12
13
14
13
13
13
13
14
12
13
12
15
13
12
14
12
12
12
12
13
13
14
13
12
13
12
14
13
13
12
12
13
13
12
12
12
12
12
13
12
12
13
12
13
12
12
11
12
12
12
14
12
14
14
13
14
14
14
14
15
15
14
14
13
14
14
14
15
15
16
16
15
15
14
14
13
13
13
13
14
13
14
13
13
14
14
16
15
15
14
14
13
13
14
13
13
15
15
16
15
15
13
13
13
12
13
12
13
13
13
13
12
13
15
15
14
13
14
14
15
16
15
14
13
13
13
13
13
12
13
12
13
14
13
14
14
13
12
13
12
12
13
13
13
14
13
14
13
13
14
12
12
12
13
11
10
11
15
13
15
14
14
14
14
13
12
12
12
12
11
13
13
12
13
12
