80
100
96
100
80
90
100
94
90
72
48
96
98
98
88
98
60
96
100
100
88
100
100
100
100
58
80
74
100
100
100
92
60
36
100
92
60
100
100
100
100
100
86
68
100
100
100
74
88
86
100
100
100
78
50
42
70
74
100
100
100
82
50
76
48
100
84
40
100
72
100
100
64
100
76
68
80
70
100
96
48
100
62
66
96
96
96
76
52
100
68
84
68
98
50
100
100
60
56
84
80
80
82
48
96
100
100
28
84
100
100
78
60
42
100
38
60
100
100
80
58
100
48
60
66
100
96
100
70
100
60
68
28
92
96
100
92
100
54
58
48
90
100
100
100
100
100
100
100
100
100
100
92
100
56
66
94
100
70
56
48
84
100
100
38
98
94
76
84
88
96
78
84
96
82
46
84
100
94
100
94
56
84
60
54
94
82
86
78
56
56
88
94
100
74
96
72
84
100
100
100
100
100
100
90
100
52
60
58
100
92
100
100
100
56
74
100
100
98
86
100
70
72
92
94
72
78
44
42
60
84
100
100
90
58
74
62
54
100
78
66
82
78
34
80
100
58
92
84
68
78
72
78
38
78
64
58
34
100
66
84
100
100
80
80
38
62
70
82
78
100
94
100
100
92
54
34
44
82
80
96
100
100
64
100
42
100
74
