0
100
100
0
4
100
100
4
0
0
100
84
0
0
64
100
100
100
94
30
0
6
0
100
0
100
0
100
0
100
100
96
0
0
0
0
0
88
0
0
0
4
0
0
0
0
0
100
100
0
100
0
22
100
4
0
100
0
0
84
100
0
0
0
0
0
100
0
98
100
0
0
100
100
0
8
0
100
84
100
100
4
0
0
0
100
100
0
0
0
100
0
6
100
0
0
0
6
8
100
0
4
100
0
100
88
0
0
4
100
28
100
0
96
0
100
0
100
0
50
0
0
0
96
100
14
100
100
0
0
38
100
0
0
100
100
0
0
100
4
4
0
18
0
0
100
36
0
100
4
100
100
4
0
0
0
100
60
0
100
100
0
0
0
60
0
88
0
0
76
100
0
100
100
0
0
100
4
0
0
0
0
0
0
0
100
100
0
0
0
0
0
70
20
0
78
0
100
100
0
0
0
100
100
0
34
100
0
56
100
100
0
0
4
96
88
66
0
6
0
0
0
100
100
0
0
12
100
0
100
0
4
0
0
100
0
100
100
4
0
100
0
4
0
0
100
50
0
100
0
8
4
4
0
100
100
0
4
0
100
0
0
0
0
100
100
0
80
0
0
0
0
0
100
0
0
100
0
0
0
100
0
0
100
64
100
0
0
