2
0
0
4
2
4
2
4
0
0
0
0
2
2
0
0
8
8
2
4
2
0
2
6
4
2
0
0
0
6
2
6
4
0
4
2
8
2
2
2
16
6
2
2
0
2
2
2
4
6
6
2
0
6
2
0
2
4
28
0
0
2
2
12
8
2
2
2
24
10
8
12
14
4
18
2
8
2
10
6
2
4
16
4
22
4
8
2
8
6
2
10
4
2
4
6
2
2
4
2
2
6
4
4
0
2
4
4
4
6
4
2
4
8
18
2
34
12
6
2
16
6
2
2
2
2
2
0
8
2
6
6
0
8
0
2
0
2
12
10
4
8
10
2
6
20
4
0
32
0
2
16
2
2
0
14
16
2
12
2
26
2
0
0
2
28
10
16
4
2
22
2
6
2
0
10
2
2
2
0
6
2
14
2
8
2
2
18
8
8
0
10
2
0
2
10
6
12
2
4
0
14
4
6
4
6
4
4
2
6
8
10
6
2
12
0
10
2
6
2
30
2
2
0
2
8
2
0
0
2
2
8
8
0
8
2
8
0
0
0
10
6
2
0
6
6
2
2
2
2
8
6
8
2
0
2
6
6
2
2
4
4
12
26
2
2
2
10
14
6
8
4
2
0
16
4
2
18
4
8
6
6
2
2
6
16
2
4
