8
8
4
12
40
8
20
8
16
8
12
4
8
12
8
8
4
8
100
8
44
20
16
12
12
8
8
16
20
20
18
16
46
12
12
12
16
20
8
12
4
8
12
12
12
12
24
28
8
20
20
8
8
16
12
8
8
20
28
16
20
16
12
28
16
12
16
4
20
8
38
24
16
12
8
20
50
16
4
8
4
16
8
8
16
8
16
16
24
8
12
20
14
100
16
12
20
26
16
16
20
20
24
22
8
22
12
24
12
12
4
12
12
8
12
8
28
24
16
8
8
12
12
16
12
12
16
4
12
22
26
16
24
16
28
20
16
8
16
16
16
16
16
28
8
12
12
12
24
12
4
20
12
16
8
4
4
12
8
20
12
16
16
10
4
8
12
30
28
4
8
34
24
8
12
16
16
12
24
12
8
12
8
8
8
12
12
8
8
16
8
16
8
12
16
8
24
8
16
16
28
16
8
86
46
8
22
20
16
10
12
8
8
16
30
4
20
4
20
8
24
72
10
12
12
8
22
12
12
20
20
4
12
22
34
72
16
14
12
8
24
8
16
16
4
8
16
74
8
16
12
12
8
20
8
16
12
16
12
8
12
8
20
28
16
20
22
12
8
24
16
16
8
8
16
12
20
16
24
8
12
12
12
12
12
42
8
8
