28
30
32
32
32
32
32
30
30
32
30
30
32
30
34
30
28
28
32
30
32
30
30
30
32
30
32
28
30
30
30
34
30
30
30
34
30
30
30
26
32
26
32
30
26
32
30
32
32
32
30
32
32
32
30
30
26
26
34
32
32
32
28
32
26
32
30
24
32
32
28
28
30
32
32
32
28
32
30
28
32
32
30
28
28
34
30
26
30
30
34
32
30
30
32
28
26
32
30
32
30
32
34
28
30
30
32
30
30
34
28
28
32
30
32
30
28
32
26
26
28
32
30
26
30
32
28
32
34
30
30
32
30
30
32
28
32
34
30
32
26
30
34
30
30
28
30
30
26
32
30
32
32
30
32
26
32
28
30
30
30
28
28
32
32
32
30
30
32
28
32
30
30
32
28
30
34
32
28
28
30
34
32
32
32
34
32
30
32
28
32
32
32
28
28
30
28
30
32
30
28
28
34
30
32
30
34
32
32
30
30
32
30
30
32
32
32
32
30
28
30
32
30
30
30
28
30
30
32
32
28
32
30
32
32
30
32
32
26
32
30
32
30
30
30
30
28
24
30
30
30
28
30
30
32
32
30
32
36
30
30
30
30
34
32
32
32
28
30
26
32
32
32
30
32
32
34
28
30
32
30
32
30
30
30
30
26
32
