2
50
26
26
24
62
36
36
60
34
42
20
48
82
18
46
100
50
32
26
42
42
24
60
42
100
54
52
50
38
48
58
8
74
36
100
18
16
14
6
38
26
20
16
18
16
24
24
20
38
54
0
42
48
46
26
42
52
40
62
16
20
34
20
34
62
26
42
32
36
54
38
40
88
26
28
32
40
44
38
32
40
56
50
32
38
40
100
64
32
40
36
26
38
12
32
40
36
34
30
42
50
38
24
50
36
40
52
90
58
42
36
46
22
52
62
36
28
20
54
26
90
58
100
54
10
50
32
32
24
50
36
52
40
54
42
32
58
44
52
100
10
8
58
50
84
14
42
58
100
34
46
54
76
42
44
34
20
10
34
40
20
54
26
16
50
34
40
22
24
32
10
32
30
34
24
22
32
36
42
28
26
32
20
28
36
30
18
26
20
24
36
24
24
38
22
24
26
28
16
30
26
28
14
24
20
22
32
36
32
48
82
50
30
24
32
40
28
30
20
24
44
24
32
26
26
14
8
24
28
54
18
18
16
28
24
16
30
16
22
24
28
10
20
26
20
48
12
14
24
16
18
16
24
58
18
32
10
28
22
26
20
38
22
34
22
14
30
14
24
14
8
12
20
48
38
22
20
12
14
32
12
16
12
34
10
18
12
