34
100
20
26
100
16
100
34
26
20
34
92
0
8
100
38
28
16
24
20
16
24
100
26
20
26
46
30
44
34
34
20
20
34
16
20
4
0
20
100
100
34
26
46
100
80
22
24
8
100
42
16
30
38
34
46
10
22
26
96
0
74
20
26
24
20
76
12
0
44
20
18
80
0
26
46
20
30
24
60
28
50
22
92
0
4
22
34
30
22
22
14
26
30
100
24
8
8
18
24
4
56
46
48
38
92
26
16
0
4
14
26
16
16
14
16
60
12
14
100
0
4
12
38
24
16
26
68
0
26
54
24
4
0
34
66
20
20
60
28
0
100
34
100
8
4
4
0
18
22
16
22
16
4
26
30
4
28
24
12
74
16
12
20
34
30
18
22
0
8
16
16
50
26
4
26
100
72
20
22
4
100
72
80
34
22
18
54
4
24
18
40
88
4
34
34
100
50
58
26
4
22
40
56
76
10
24
48
22
54
92
16
12
22
42
42
84
4
30
16
100
32
26
20
8
20
84
34
4
0
24
0
14
30
20
98
26
26
20
26
70
4
32
28
60
100
18
24
94
36
22
44
4
4
100
26
46
100
100
30
20
20
20
16
0
0
38
100
12
20
16
4
100
46
30
20
4
0
34
16
100
100
24
62
28
38
100
100
