12
16
12
16
8
16
8
12
8
12
12
12
12
8
16
12
8
8
8
8
8
12
20
16
8
8
20
8
8
16
12
16
16
12
12
12
12
12
12
12
8
16
12
8
12
16
12
12
16
20
14
12
8
12
12
16
12
16
16
12
12
16
12
12
16
12
8
12
16
12
16
16
8
12
16
12
8
12
12
12
8
12
12
16
12
8
16
8
8
16
16
16
24
16
12
8
16
12
12
8
16
12
8
12
12
16
16
12
12
12
8
12
12
12
16
8
12
20
16
12
16
20
12
12
16
12
16
8
16
16
8
20
12
8
12
12
12
8
12
8
16
16
16
12
10
8
12
16
12
12
12
8
8
16
16
16
16
12
8
12
12
12
16
12
12
16
8
12
12
12
8
8
12
8
16
8
12
12
12
16
12
12
8
12
8
16
16
12
12
16
12
20
12
12
12
16
20
12
8
20
8
12
16
12
12
16
16
12
16
8
16
12
16
12
12
16
12
12
8
8
8
12
8
20
8
12
8
8
8
8
8
12
12
12
12
16
12
8
8
8
12
8
12
12
20
24
12
8
12
12
12
8
8
12
12
8
16
8
12
16
8
12
12
16
12
16
12
12
8
12
16
12
12
12
12
16
12
12
8
16
12
12
8
14
8
12
12
16
