12
16
12
20
12
12
20
14
12
16
16
12
12
12
16
16
12
16
14
12
16
18
12
8
12
12
12
16
12
16
12
12
12
12
8
12
12
12
12
18
16
18
12
12
12
12
14
12
16
18
10
16
14
12
16
16
20
16
16
14
20
12
12
12
12
16
12
12
12
12
8
10
20
20
16
12
18
10
20
16
16
12
14
20
12
16
12
8
12
12
14
16
10
18
24
12
16
20
16
8
16
14
12
20
16
12
16
20
12
12
16
16
16
12
16
12
14
10
12
16
16
12
12
16
14
12
12
12
10
16
12
16
12
12
12
12
18
16
10
14
12
10
12
16
16
16
12
12
14
16
10
12
8
12
12
12
20
12
16
16
12
8
12
12
16
12
18
16
16
20
8
16
16
12
16
12
16
12
12
20
12
16
12
18
24
12
12
20
16
12
12
20
12
12
12
16
12
12
12
12
20
12
12
12
8
14
8
16
16
10
12
12
12
16
12
12
12
20
12
16
12
12
16
16
12
20
12
12
20
12
20
14
12
20
12
20
12
12
10
14
20
16
12
12
16
16
16
8
16
12
12
12
16
20
12
16
12
12
16
16
12
16
8
16
10
16
16
16
10
16
20
12
10
16
14
16
20
14
14
8
20
20
12
16
22
18
14
12
