100
84
68
100
98
72
56
100
100
82
82
100
70
42
38
66
70
58
90
74
82
82
100
84
56
66
60
92
74
100
82
100
68
74
50
38
62
78
58
100
86
100
68
84
84
92
66
94
72
24
52
82
54
90
100
62
90
72
100
98
92
84
86
56
70
80
86
62
72
90
74
76
48
54
100
78
94
70
98
100
100
68
96
100
22
100
100
86
48
70
60
56
18
20
96
100
100
98
36
100
54
36
62
92
92
56
42
60
100
96
46
86
90
100
88
86
100
68
100
76
98
94
32
60
100
100
100
70
42
48
72
66
78
46
54
60
98
60
70
100
100
68
88
62
68
50
88
36
42
50
100
100
100
100
84
100
56
100
86
70
100
74
100
52
60
84
100
100
58
68
58
100
36
74
72
44
62
98
84
100
100
72
86
0
58
50
100
98
100
100
100
100
84
100
64
100
96
100
100
100
86
74
100
100
100
94
48
100
60
84
100
46
100
100
76
100
58
78
100
76
44
100
40
88
100
100
100
100
38
100
100
100
80
100
86
40
52
92
100
78
46
56
70
86
100
100
100
82
44
50
84
98
100
68
84
18
100
50
78
72
74
22
38
90
46
44
66
82
100
100
56
52
100
80
58
34
54
22
100
60
50
66
90
66
76
30
74
56
