34
32
44
26
34
30
30
40
26
36
44
30
30
30
26
26
38
28
24
26
26
22
34
26
38
26
30
30
30
26
26
40
36
24
28
26
28
36
32
34
28
26
30
26
30
26
28
34
34
30
28
32
24
22
26
26
26
36
30
26
34
26
26
30
26
30
24
24
32
30
28
26
38
30
38
28
30
34
26
40
34
26
26
36
22
24
30
30
36
26
40
30
26
34
30
42
26
38
36
30
26
34
34
24
28
42
26
38
30
40
26
36
34
30
26
24
32
38
36
32
30
30
34
26
30
42
30
36
34
28
26
28
26
34
30
28
30
30
30
28
26
28
24
34
26
38
26
42
32
14
28
28
44
24
28
26
26
32
24
30
26
24
30
26
32
26
34
26
32
26
28
30
30
80
34
30
26
26
30
30
30
28
28
30
26
24
30
32
26
28
30
34
28
26
38
26
32
30
22
28
38
34
36
34
32
38
36
26
28
28
30
30
30
24
30
44
28
26
26
30
26
32
30
34
34
32
30
32
38
36
30
36
28
40
28
30
26
34
36
32
30
30
32
34
30
26
38
34
34
28
40
24
30
22
34
18
30
38
32
30
26
30
32
30
26
26
26
32
32
36
26
32
30
26
32
30
38
30
30
22
26
26
32
34
26
28
28
34
