34
18
36
34
38
42
26
42
16
34
26
26
16
34
26
56
14
48
26
32
26
52
48
34
34
38
64
82
78
30
50
42
44
38
34
52
16
36
50
32
40
28
58
12
18
54
34
56
86
100
64
100
88
90
100
64
98
100
76
100
40
42
100
100
86
78
98
100
90
100
36
68
84
42
34
54
64
80
100
56
100
88
100
90
98
92
100
100
100
66
64
92
78
100
100
72
54
52
98
48
70
100
72
78
64
64
100
30
100
98
100
90
100
100
100
98
70
94
100
100
30
90
60
100
78
100
100
74
82
44
100
96
100
70
80
56
100
80
76
100
78
34
18
100
90
82
82
100
96
60
52
100
42
100
100
100
100
100
76
100
54
68
86
96
100
100
30
100
68
100
50
96
94
62
100
86
78
74
62
90
92
100
74
98
82
100
68
52
40
100
94
96
38
100
100
38
40
82
54
48
70
38
38
100
50
100
44
34
70
78
52
56
94
90
100
28
80
100
70
48
54
74
100
100
56
82
46
100
42
44
70
30
86
44
40
82
44
44
72
26
18
100
46
14
62
88
50
14
12
30
100
34
30
36
22
18
26
14
60
18
18
30
18
42
22
30
68
34
56
8
30
34
40
62
14
18
34
18
78
40
32
14
50
28
30
16
18
34
