100
100
100
42
74
82
94
92
46
100
100
100
100
100
100
100
100
100
100
78
94
72
100
100
100
82
100
100
100
100
100
52
100
88
100
46
100
82
88
52
94
64
52
98
96
100
98
96
100
100
68
100
100
36
100
100
100
100
32
100
100
100
66
100
100
100
40
100
100
100
100
100
100
100
100
100
100
100
100
100
100
100
100
100
100
100
80
100
56
64
100
70
52
58
76
100
100
38
48
80
52
56
82
90
68
100
82
100
100
70
48
100
100
70
100
100
56
100
100
100
100
74
100
100
100
66
50
100
70
68
100
100
78
100
100
88
66
66
100
100
94
100
100
100
100
100
100
86
68
78
72
74
100
100
58
100
100
80
90
100
100
100
100
100
100
52
100
100
100
62
98
100
100
100
100
100
100
98
48
80
92
96
100
94
50
100
56
54
100
100
54
100
100
70
100
100
100
76
88
100
100
100
100
100
100
100
100
34
80
100
100
100
50
100
72
100
100
100
100
64
100
100
24
100
100
100
100
96
100
100
62
100
100
100
100
100
100
100
100
100
100
100
88
100
100
70
74
56
100
100
62
100
56
84
72
78
58
80
84
100
70
100
100
70
68
100
74
52
98
84
100
100
100
42
36
100
100
98
82
100
100
100
100
100
100
84
40
100
