12
4
8
4
4
8
8
4
12
12
12
12
8
12
8
8
4
8
20
16
18
12
12
8
4
4
8
4
26
12
12
8
12
12
18
20
8
16
12
12
12
12
8
8
18
8
22
12
8
26
8
16
12
8
8
18
8
8
12
8
8
8
16
18
8
12
14
8
18
8
12
4
16
8
100
8
10
8
4
12
8
4
4
8
12
8
8
20
4
4
12
4
10
30
8
12
12
12
12
8
8
12
8
12
8
8
12
16
30
8
12
18
12
8
8
6
14
18
38
8
8
4
8
8
8
8
8
8
18
4
16
30
16
14
12
26
12
8
8
12
8
12
4
8
14
8
12
4
4
8
8
16
12
16
8
8
14
4
16
12
8
16
8
12
8
8
6
12
8
12
12
12
12
4
4
12
8
14
8
4
8
12
4
8
16
8
8
18
8
16
8
20
30
4
8
22
8
16
8
12
8
12
8
4
4
8
8
12
8
12
12
14
12
4
12
8
12
8
12
12
12
16
22
12
14
4
8
8
8
16
8
8
12
12
8
12
8
8
8
12
8
12
4
4
16
28
8
12
12
8
4
24
8
8
18
8
8
8
18
8
12
12
12
16
8
8
12
4
16
12
8
12
0
8
12
8
4
8
12
8
12
8
12
12
4
8
8
8
