28
22
46
24
36
36
24
46
20
32
36
20
20
24
16
86
32
24
22
28
26
36
22
36
42
22
36
36
28
52
24
20
36
20
28
32
16
24
74
38
24
28
16
54
16
36
28
24
16
28
32
24
32
40
50
28
22
54
26
42
20
46
54
42
26
46
20
30
28
34
28
26
26
46
26
34
22
32
34
26
38
42
28
28
46
20
12
18
36
36
24
94
30
42
34
28
24
28
34
22
28
26
40
46
26
20
30
40
28
24
30
42
28
34
16
8
28
40
34
32
24
26
36
26
28
34
28
36
24
30
22
30
32
38
32
30
16
28
24
32
36
26
28
20
28
20
32
30
24
46
32
22
30
28
34
32
46
26
42
26
12
30
24
28
34
46
46
46
36
26
42
34
38
36
46
34
40
38
28
28
30
38
38
40
38
36
46
30
58
50
30
28
42
30
42
32
28
36
38
34
42
28
24
34
40
34
24
62
38
32
32
20
24
32
34
54
40
32
26
36
20
28
28
42
24
38
24
20
32
26
28
8
24
16
30
24
14
30
28
12
24
20
16
22
24
26
20
38
24
24
16
16
32
28
16
32
34
16
24
8
26
24
16
22
12
50
20
8
12
12
8
4
34
24
58
22
24
24
12
16
12
12
20
26
36
24
16
30
