4
4
4
12
8
8
4
24
0
8
0
8
8
4
4
0
4
8
4
4
4
8
4
4
12
4
4
8
12
4
4
8
8
4
8
8
4
0
8
4
4
0
8
12
4
0
26
8
8
100
8
0
4
0
0
4
4
4
0
4
0
4
0
8
0
0
8
0
0
16
0
4
0
4
4
4
0
0
14
0
4
16
0
0
4
0
0
30
8
8
0
4
0
4
0
0
4
0
8
16
4
8
8
4
0
4
4
0
0
4
0
4
4
0
0
0
0
0
8
0
4
8
0
8
12
12
0
0
4
4
4
8
0
8
4
4
8
0
8
4
4
4
4
14
4
0
4
4
4
4
4
4
8
0
0
8
0
8
4
8
0
0
4
4
4
4
8
0
8
0
4
12
8
8
4
8
8
20
4
100
4
0
4
8
0
12
8
4
8
4
4
0
8
4
4
8
4
8
8
4
8
4
0
0
4
8
8
8
8
4
4
0
8
12
4
0
86
0
8
4
8
8
0
12
4
0
4
8
0
16
0
8
0
0
0
8
8
8
8
8
4
8
8
12
4
4
12
4
4
8
8
8
8
26
4
4
4
4
4
12
4
0
8
8
8
8
0
12
12
4
4
0
8
0
4
4
8
22
8
8
4
0
8
22
8
0
4
4
