36
0
46
14
4
80
10
50
0
20
0
8
4
80
0
0
8
88
100
100
0
32
4
6
54
100
12
12
100
0
0
100
38
8
80
0
0
0
0
0
0
0
0
100
100
100
0
0
0
0
0
0
0
0
0
4
0
100
4
8
0
10
0
0
62
4
100
6
0
64
0
100
50
88
40
4
4
40
6
0
14
4
74
8
4
100
16
0
0
4
64
100
0
28
4
0
100
66
94
6
100
54
0
98
100
4
4
4
0
32
4
6
56
84
4
14
4
4
4
14
0
0
0
0
56
4
8
100
0
0
4
90
4
52
0
0
4
100
0
0
4
4
66
6
46
2
0
10
0
62
4
4
0
0
0
0
58
0
0
0
4
22
56
76
0
0
100
8
4
4
0
4
4
70
0
4
0
4
0
0
0
4
90
0
0
6
50
0
0
100
62
34
0
4
4
66
0
78
100
0
8
0
0
100
0
0
6
20
52
4
0
0
22
10
4
12
4
64
0
4
6
100
4
100
0
76
100
100
100
70
100
14
0
90
100
0
100
100
100
98
0
0
0
0
0
0
0
100
26
100
0
0
0
0
0
0
0
0
0
100
8
0
0
0
100
0
0
0
0
0
0
100
4
80
100
0
0
0
0
0
0
0
0
96
4
8
0
100
