24
16
8
22
20
12
18
16
16
16
40
16
16
12
16
12
12
20
16
18
30
16
4
16
8
12
16
24
12
24
12
8
18
12
8
12
12
8
16
14
18
20
16
16
4
4
12
8
12
18
16
16
22
26
34
8
12
8
4
8
12
8
12
4
12
8
8
42
4
14
8
12
8
12
8
16
8
4
8
4
8
4
8
8
16
16
16
12
16
20
12
16
30
8
16
16
12
16
12
12
16
26
26
12
18
20
20
12
8
8
22
12
16
10
8
16
12
20
8
26
12
12
8
8
0
16
8
4
12
12
12
18
12
16
12
24
16
20
12
34
12
14
8
8
8
42
22
12
12
14
12
26
12
26
22
12
8
8
12
8
24
8
8
16
8
26
30
16
12
12
16
8
20
16
8
12
4
14
30
8
12
12
12
18
16
8
22
8
20
4
4
14
4
4
0
12
16
12
8
4
14
26
12
12
8
12
8
22
14
18
12
16
16
8
12
8
12
10
18
8
20
12
8
12
26
12
8
16
8
8
4
18
4
12
8
4
4
4
16
8
0
8
12
12
8
8
16
8
4
8
8
0
8
4
20
4
8
8
12
4
16
0
12
8
14
16
4
8
16
12
4
22
4
16
12
12
12
0
18
8
8
14
4
4
22
16
16
16
