4
4
0
0
8
8
2
0
0
0
4
4
0
0
4
4
0
0
0
0
0
4
12
0
4
4
8
0
0
0
4
4
8
0
4
16
8
4
0
0
4
0
0
0
0
4
12
0
0
8
4
0
0
0
0
4
8
4
4
4
8
0
4
0
0
4
0
8
8
0
4
24
4
4
4
4
0
0
0
4
0
4
4
4
12
4
2
8
14
26
0
0
4
4
8
4
0
0
0
0
8
4
4
8
8
4
4
4
4
0
0
12
4
8
0
8
8
4
0
0
12
0
0
4
0
22
22
0
8
0
4
0
0
8
0
4
0
4
4
2
4
4
0
4
4
4
8
4
8
0
8
0
4
4
4
8
0
0
4
0
0
4
0
12
4
0
4
0
8
100
0
2
4
4
4
4
4
0
4
4
0
0
8
0
8
100
4
8
0
0
4
8
0
4
4
4
0
12
0
4
0
4
8
0
4
4
4
0
4
4
0
0
100
0
4
12
0
0
0
4
0
0
2
0
0
4
0
2
0
0
0
12
4
4
8
12
0
0
0
4
0
4
0
8
0
8
0
8
4
0
8
8
100
0
0
0
0
4
0
0
0
0
0
4
2
4
8
0
100
4
0
4
100
4
4
0
4
8
4
4
100
0
4
100
0
8
100
0
