42
42
12
20
16
24
46
32
30
32
16
16
22
16
20
38
30
12
16
12
28
24
28
24
28
12
20
32
12
12
20
40
24
12
12
8
20
20
12
24
38
20
24
46
16
16
30
24
16
10
32
12
8
12
12
12
28
32
32
70
16
8
28
42
20
32
12
30
26
18
22
62
52
28
20
20
16
20
32
38
20
38
8
16
12
42
20
34
34
16
12
42
8
32
46
16
24
14
24
24
74
20
20
24
66
16
38
34
30
20
14
20
28
8
42
34
16
12
12
24
34
16
46
16
28
32
12
16
16
12
24
12
28
24
26
16
32
38
24
42
42
38
12
42
52
24
46
16
30
34
24
38
32
34
24
26
34
24
18
28
34
34
46
16
24
16
8
34
24
22
16
42
34
70
34
34
12
16
32
34
16
20
24
28
30
34
28
38
28
32
30
28
46
16
58
34
26
20
28
56
26
24
18
34
32
24
18
28
30
12
28
24
50
30
12
20
32
42
16
28
90
28
24
12
24
32
20
46
34
12
28
8
12
26
28
22
12
42
34
16
8
12
24
12
38
24
34
16
8
16
12
28
16
24
12
12
20
4
12
94
8
8
12
12
12
8
12
12
12
8
12
4
8
100
24
26
20
16
12
24
16
16
20
20
20
42
16
12
