4
8
8
4
4
4
8
4
12
4
16
4
8
8
16
16
12
8
4
4
4
4
8
4
0
8
8
16
4
4
4
4
4
8
8
0
4
16
16
4
4
4
4
4
4
4
16
4
4
4
8
16
8
0
8
4
4
0
16
0
8
8
4
4
8
18
4
4
0
4
24
4
4
4
8
4
4
4
4
16
4
16
0
0
4
4
4
4
4
0
12
20
8
12
8
4
4
0
4
8
4
4
4
12
4
8
4
4
4
4
4
4
4
8
4
8
4
12
12
0
4
12
4
16
4
4
4
16
4
20
0
16
4
16
4
0
4
4
4
4
4
0
8
4
18
8
4
8
4
4
4
4
12
4
4
8
4
16
4
8
4
4
20
4
4
16
4
4
0
0
4
4
4
12
4
8
4
16
4
8
4
4
4
16
8
0
4
16
8
0
4
4
8
12
4
4
12
12
4
4
16
4
8
4
8
16
8
4
4
4
4
4
4
12
4
4
4
20
4
4
4
4
4
4
16
4
4
0
16
16
12
4
4
4
4
4
4
12
4
6
16
8
4
8
4
16
12
4
4
4
16
4
12
4
4
4
4
16
4
4
4
4
4
8
4
4
4
8
8
4
4
16
4
4
4
16
4
4
16
4
8
4
0
4
8
8
4
4
