24
88
62
76
78
84
66
46
76
100
86
100
62
44
70
60
90
46
72
68
62
58
52
38
70
78
90
56
92
52
100
32
62
72
68
70
48
92
90
54
56
20
100
96
64
78
100
48
70
62
46
66
60
52
82
30
72
94
80
56
62
54
82
52
88
70
78
96
100
100
42
26
94
58
52
66
62
46
94
56
100
100
100
58
72
74
56
56
82
58
40
60
28
52
58
24
86
48
84
96
100
66
64
56
86
68
96
60
86
28
90
100
64
48
100
76
64
54
62
84
98
36
100
26
90
94
68
76
100
76
56
66
60
100
98
100
94
92
100
100
100
100
100
90
70
70
88
84
52
100
100
90
100
100
90
58
86
94
94
60
100
92
76
50
88
100
76
100
92
80
76
86
90
62
86
100
76
74
92
92
90
70
96
58
88
76
98
80
100
100
48
88
56
58
94
90
38
100
46
60
50
58
100
46
78
46
76
46
72
94
100
66
94
72
60
32
48
66
46
78
60
28
38
56
70
80
84
68
82
70
90
92
90
66
84
100
58
66
92
76
100
52
28
78
64
100
38
58
96
36
88
78
58
22
52
52
62
44
88
52
82
44
50
80
100
74
78
66
76
100
88
72
90
100
44
38
62
76
88
46
88
40
42
58
84
44
60
58
