100
2
10
2
6
2
10
6
6
0
0
6
2
6
14
6
10
14
0
6
0
0
100
6
0
52
10
6
0
0
48
0
2
0
2
0
20
0
100
2
0
6
0
0
0
2
6
2
0
2
2
0
0
0
0
0
6
2
22
0
0
2
100
6
6
50
6
0
20
14
10
0
2
0
14
6
2
2
2
0
2
10
2
0
100
2
6
10
10
0
72
10
0
2
2
0
100
14
0
6
0
6
6
6
0
14
2
2
6
0
22
0
6
0
2
0
10
64
18
12
22
2
0
0
0
16
48
0
6
62
2
18
72
2
6
40
10
6
0
2
2
6
6
76
0
0
0
10
6
42
6
0
10
10
10
52
0
6
2
2
6
2
0
2
32
0
0
0
14
6
6
0
72
60
2
14
10
0
14
0
2
18
100
6
6
8
2
46
6
2
100
6
6
2
6
0
54
6
6
0
0
2
34
10
2
6
2
6
6
30
0
0
6
6
6
10
6
0
6
2
2
2
2
0
6
0
20
0
0
12
6
0
0
0
0
6
18
0
0
0
10
6
6
0
0
100
0
6
0
6
0
2
2
10
64
2
2
0
50
2
10
100
2
2
2
6
0
10
0
2
14
10
0
88
24
6
6
24
100
6
6
50
0
6
2
8
10
0
