84
64
68
68
78
84
80
64
64
76
80
100
44
80
94
32
100
72
84
64
76
30
84
60
96
96
48
100
64
100
84
76
48
88
100
88
100
80
52
44
96
96
92
84
100
72
64
76
66
72
100
56
58
84
100
72
100
48
52
100
54
48
100
92
100
84
86
88
68
88
72
100
36
92
100
88
92
100
76
50
70
68
88
74
92
100
88
92
60
46
84
48
64
76
42
56
100
48
88
38
92
80
96
64
84
44
76
80
100
92
76
82
68
76
36
76
54
80
100
92
68
88
76
84
100
64
88
80
60
28
56
64
60
100
60
88
84
64
46
56
52
100
100
88
48
68
42
84
76
52
96
40
48
68
84
100
92
64
64
44
20
80
68
54
100
64
76
84
76
68
68
80
56
68
84
32
100
84
56
100
68
76
72
76
44
44
64
100
84
68
64
56
84
88
64
72
36
66
80
92
68
72
78
68
100
64
48
52
64
52
60
80
66
80
68
36
72
100
60
100
76
100
60
40
68
80
68
92
68
40
56
64
72
52
36
60
84
76
76
76
100
80
68
80
66
96
96
68
30
48
48
56
88
92
48
100
52
80
56
50
44
72
100
76
80
88
80
60
84
80
80
52
68
100
84
84
86
56
88
52
88
86
44
84
100
64
76
56
