0
4
4
6
0
4
4
4
4
0
4
6
0
0
4
12
16
0
0
4
4
4
8
8
4
8
4
4
4
8
8
8
4
8
4
0
16
4
8
8
8
4
0
4
0
8
4
4
8
8
0
16
4
4
12
4
0
22
20
8
4
0
4
4
4
0
0
4
12
4
10
4
4
4
8
8
0
4
4
8
8
0
4
4
0
4
8
4
4
0
8
4
4
8
4
0
0
4
0
0
4
0
8
8
8
4
4
4
8
8
4
0
4
4
0
12
8
12
0
0
4
4
4
0
4
4
4
0
4
0
16
6
4
4
4
0
0
0
4
0
4
4
8
4
4
4
0
4
0
0
4
0
4
0
4
4
4
4
0
4
4
8
4
4
4
0
4
4
4
4
4
0
4
0
0
4
4
0
4
4
4
0
4
4
4
4
4
4
0
4
4
4
4
4
4
4
4
4
4
4
4
4
0
0
4
0
4
8
4
4
4
0
0
4
4
4
4
4
0
4
4
12
4
4
4
2
4
4
0
0
4
4
4
4
4
0
4
4
4
4
4
4
0
4
4
0
4
0
0
8
0
4
4
4
4
4
8
4
4
0
4
4
4
4
4
4
8
4
4
4
4
4
0
4
4
4
4
4
4
4
0
4
0
4
4
0
4
4
