80
100
100
0
100
0
100
0
8
72
100
100
100
84
60
100
4
0
100
4
48
0
0
100
100
4
4
12
60
100
0
4
92
68
100
8
100
100
0
72
82
4
4
4
34
12
4
8
8
0
0
4
0
0
0
8
0
4
100
4
92
96
8
4
100
4
100
8
88
60
0
68
100
4
0
0
100
4
100
0
0
0
68
0
4
0
12
0
92
8
0
0
4
40
8
12
4
4
4
100
0
4
22
0
54
8
4
4
80
12
98
4
4
100
0
56
4
0
4
100
100
100
100
100
4
0
64
4
4
4
4
0
100
96
0
8
24
84
8
54
100
8
100
4
4
0
100
98
8
4
0
100
68
4
0
96
0
100
100
0
4
0
100
54
98
4
0
0
80
42
64
4
4
40
100
4
8
100
100
12
4
52
100
4
8
100
0
100
4
100
68
4
4
4
52
88
0
8
100
100
100
8
98
0
0
4
100
92
8
4
0
100
4
4
100
8
42
100
4
8
0
8
100
80
8
8
4
96
88
4
0
100
100
0
0
8
66
84
100
92
6
0
0
66
100
4
8
100
100
88
0
4
100
0
78
0
0
100
12
92
100
16
4
0
100
100
0
0
100
100
84
56
12
26
0
66
0
100
8
10
100
8
0
8
100
100
76
4
