66
50
98
100
64
78
64
100
90
80
98
58
62
58
76
100
64
98
56
76
94
70
54
100
100
70
100
100
100
72
100
80
82
90
64
76
24
66
68
52
86
60
74
88
40
58
58
100
100
62
68
100
100
72
100
100
84
64
38
96
100
32
92
70
62
78
66
38
82
100
88
74
100
80
52
68
54
84
50
100
60
100
100
100
30
34
84
96
100
86
74
80
30
86
100
88
88
98
92
72
100
86
98
100
84
52
44
88
42
86
94
90
100
100
68
88
64
58
94
100
92
72
100
80
100
70
72
100
96
100
82
100
36
94
100
100
86
62
100
100
66
100
34
100
100
100
52
62
96
78
100
100
82
100
100
100
100
100
98
64
100
82
100
56
86
40
100
92
70
100
98
100
86
98
68
52
100
100
100
94
94
92
100
80
100
82
72
100
90
98
72
100
78
100
100
100
98
56
100
100
100
92
100
100
76
82
100
86
60
100
100
78
90
64
80
100
56
100
100
100
82
100
78
100
70
74
90
100
56
84
96
34
46
82
52
66
100
100
46
66
28
62
54
48
100
100
78
70
36
34
72
36
68
50
28
52
78
24
82
76
46
28
56
42
58
68
42
52
38
40
86
36
24
100
68
74
52
36
78
54
60
36
64
64
22
54
98
44
