100
100
100
96
100
100
100
100
100
100
100
100
100
100
100
100
100
86
66
84
84
100
100
100
100
100
100
100
100
100
100
98
100
100
100
100
100
100
100
100
100
100
100
76
100
100
100
100
100
100
100
100
92
100
100
100
100
78
100
100
100
100
100
90
100
100
94
100
100
80
100
100
100
100
100
98
100
100
100
100
100
100
100
100
100
88
100
100
80
100
100
100
100
100
100
100
100
100
100
100
100
100
100
100
100
100
100
100
100
100
100
100
100
100
100
100
100
100
100
100
96
100
100
100
100
100
100
100
100
100
98
100
100
100
100
100
100
100
100
100
100
100
92
100
100
100
100
96
94
100
100
100
100
100
100
100
100
78
100
100
100
100
100
100
100
100
72
100
100
100
100
100
100
100
100
100
100
100
100
100
100
80
84
70
72
100
100
100
100
100
92
100
100
100
100
100
100
100
100
100
100
100
100
100
100
94
100
100
100
100
100
100
100
100
100
100
100
100
100
100
84
100
100
100
96
100
100
100
100
80
100
100
100
100
76
100
100
82
74
100
100
100
100
100
90
100
100
100
100
100
100
100
100
100
100
100
100
100
100
100
100
100
100
100
100
100
100
100
100
100
100
100
72
100
100
100
100
100
86
100
100
100
100
100
100
100
100
100
