4
4
0
0
4
8
4
10
0
0
48
4
0
4
0
4
12
8
4
8
4
20
4
4
4
8
4
8
4
4
4
14
12
0
4
8
4
4
8
4
4
8
4
4
4
0
4
4
4
0
4
0
4
12
4
8
4
12
8
8
20
0
0
4
4
4
4
0
0
4
0
4
8
8
0
4
8
8
4
0
0
4
26
4
0
0
4
8
0
0
12
8
8
0
8
14
0
18
12
18
12
4
22
12
4
0
4
4
22
12
12
16
4
46
8
24
16
8
4
8
0
8
8
4
8
4
0
8
0
4
4
0
10
4
16
4
0
30
4
12
8
8
4
8
12
20
4
0
16
0
4
4
0
4
4
0
0
8
0
4
4
8
4
26
0
12
8
4
8
0
4
4
4
4
0
4
0
12
4
8
12
4
0
0
14
20
4
0
0
12
8
4
0
8
0
8
4
0
4
12
8
0
4
12
8
4
0
12
4
12
0
8
4
8
0
4
4
0
4
8
4
0
12
8
4
8
12
4
12
4
4
0
0
4
4
8
4
0
20
8
8
12
12
4
8
8
8
4
4
8
4
0
4
8
8
8
16
12
4
8
8
4
4
8
8
0
4
4
4
4
0
4
8
0
4
0
0
6
0
0
4
0
4
20
8
4
0
4
