74
76
76
68
68
68
78
68
76
72
74
74
72
76
64
66
76
72
68
76
76
72
72
74
68
76
60
70
74
76
74
70
72
72
74
74
72
74
72
68
76
76
74
76
74
74
76
74
68
62
68
72
58
76
74
76
74
74
68
74
66
72
72
68
72
72
58
76
74
74
76
66
74
78
76
72
74
70
66
76
76
72
76
72
72
74
74
54
72
72
72
72
74
76
72
64
74
74
76
74
74
76
70
68
74
70
76
76
78
74
70
70
72
74
72
72
72
54
72
74
74
68
78
72
72
72
70
64
74
70
74
74
70
66
74
74
72
70
70
72
72
74
74
72
70
74
74
74
70
68
66
72
68
70
68
74
70
72
74
72
66
76
74
72
74
54
76
74
76
64
74
66
52
72
72
66
76
64
68
72
74
76
68
60
62
62
76
62
68
72
76
72
66
70
68
74
66
74
72
72
62
76
72
74
66
76
72
72
58
64
66
72
60
72
70
74
64
70
74
76
72
74
70
64
74
72
72
66
68
66
72
76
76
64
68
72
66
54
74
54
78
74
76
76
72
60
62
76
72
76
52
74
74
58
70
74
66
74
76
72
72
64
58
64
70
64
76
72
66
54
62
74
60
74
68
74
76
76
72
76
64
74
76
70
66
66
62
68
