22
14
14
16
20
12
18
22
20
22
18
14
36
16
22
16
14
18
22
16
16
30
26
16
22
20
12
16
10
14
22
20
18
24
18
26
26
20
16
22
30
14
14
20
18
20
26
20
26
24
28
24
26
20
22
28
14
22
28
32
32
18
18
38
44
24
52
32
22
34
38
42
24
14
36
26
30
20
30
26
20
36
24
26
30
26
48
22
32
34
16
38
30
30
18
48
30
38
26
34
32
22
26
18
38
30
22
30
34
36
16
36
38
18
20
24
36
16
22
28
30
24
24
30
28
28
16
30
36
42
30
30
36
16
16
18
24
38
38
34
24
38
26
12
36
24
28
28
22
20
18
24
18
28
18
16
28
24
28
16
36
28
40
20
16
34
28
42
42
26
26
32
16
18
20
14
14
14
26
20
30
20
32
34
24
18
24
24
34
38
20
28
38
38
36
20
38
22
22
26
22
34
32
32
36
28
24
20
12
10
22
34
16
26
28
24
30
12
14
18
16
20
16
30
22
24
20
34
40
20
18
20
26
24
36
30
24
32
26
34
28
16
20
12
10
24
22
24
14
16
22
18
18
20
24
30
20
28
20
22
16
14
22
20
20
6
16
22
22
22
20
20
10
8
24
16
22
20
24
22
20
10
12
18
16
16
20
16
