14
40
100
74
80
86
40
92
72
100
48
80
36
64
48
66
42
66
60
52
100
62
68
34
38
64
62
92
46
72
100
78
82
26
66
48
36
62
38
62
68
44
34
54
58
64
64
38
40
58
70
66
90
62
70
14
42
38
100
96
100
84
82
68
100
54
72
100
66
94
56
50
100
100
70
82
80
100
84
64
88
68
100
88
100
48
66
92
56
64
68
64
70
100
100
100
50
100
88
94
100
90
76
100
100
54
60
54
42
100
56
100
100
96
92
100
100
70
100
96
84
92
74
66
100
84
100
50
78
100
100
52
96
100
80
92
100
100
96
78
72
80
82
98
88
74
100
80
66
60
96
26
76
64
90
88
82
46
72
78
70
58
14
86
46
74
100
100
100
62
72
66
32
100
38
64
62
100
92
54
100
94
88
62
66
74
72
88
100
100
100
46
100
58
86
100
100
88
100
78
98
90
70
38
88
70
60
56
100
84
84
56
78
64
100
66
58
76
82
68
100
90
50
72
100
46
56
64
66
56
72
52
56
66
42
88
56
88
56
66
68
50
58
42
52
72
54
30
38
94
48
74
60
58
42
10
72
62
62
30
76
46
40
44
66
84
38
96
54
44
48
80
92
30
86
64
38
42
26
42
38
54
52
34
62
44
36
66
