0
4
0
12
0
4
4
4
8
4
8
24
4
4
4
4
4
4
8
4
8
4
8
0
4
4
4
12
4
4
12
8
4
4
16
4
4
0
12
0
8
24
4
8
12
0
4
0
8
12
4
8
16
8
12
8
16
4
4
4
12
8
8
4
8
12
4
16
12
8
8
8
0
4
8
20
4
8
8
4
8
8
8
4
8
4
4
8
8
12
8
8
8
8
8
8
16
4
26
8
0
66
8
12
26
8
16
4
4
12
4
8
8
94
12
16
8
14
20
8
22
8
38
4
38
4
8
4
8
8
80
88
4
12
0
4
8
0
12
12
4
18
16
4
4
8
24
0
8
92
10
8
12
20
12
42
12
8
4
4
4
4
4
4
12
4
8
8
16
8
12
4
42
8
12
4
12
16
16
8
20
8
8
58
8
16
12
0
0
8
4
96
12
4
8
12
4
12
8
4
4
4
22
4
12
4
8
8
4
8
42
4
82
12
8
12
30
12
4
8
42
6
0
0
0
4
12
4
8
4
36
38
0
0
26
12
4
0
4
0
4
8
14
34
16
0
8
0
4
8
4
62
12
38
4
12
4
4
8
12
4
12
4
4
4
12
8
4
96
12
4
0
0
8
0
8
8
16
12
0
8
0
4
0
0
4
16
4
