2
12
28
16
6
28
2
4
4
6
16
16
4
10
8
4
4
8
10
8
8
12
2
8
14
6
8
8
10
10
6
8
4
6
30
6
4
2
2
4
4
4
4
6
4
18
2
12
2
2
8
2
2
6
4
8
16
28
8
2
2
0
6
4
10
2
4
10
6
8
2
16
20
38
10
10
4
4
6
6
12
4
28
6
4
20
2
14
4
4
8
10
4
8
20
8
8
10
8
10
4
10
6
10
8
18
24
10
16
10
4
14
10
10
26
10
4
12
10
10
4
6
6
12
6
8
40
8
6
10
10
8
6
4
6
8
12
10
6
12
28
10
20
4
2
14
6
4
24
4
6
4
6
10
8
10
4
2
6
28
6
6
6
8
0
14
4
6
4
2
2
12
10
6
4
10
12
0
6
14
0
10
6
2
6
4
4
6
2
10
24
8
10
6
4
6
8
6
2
12
6
2
2
8
28
6
0
4
28
4
0
14
12
8
4
8
6
6
28
10
0
0
6
8
4
8
38
6
2
4
8
12
14
0
4
6
8
8
0
4
8
4
6
8
18
6
0
6
22
10
10
4
4
4
6
4
8
8
18
6
0
26
2
2
14
12
6
6
6
6
4
6
6
26
2
4
8
10
2
4
10
8
4
6
4
6
20
6
