16
26
16
20
16
8
12
12
14
26
22
20
20
20
18
12
12
8
16
16
20
20
12
20
100
12
20
20
16
20
20
12
24
16
16
16
12
28
12
30
20
30
36
22
18
12
14
24
24
28
16
34
26
12
30
38
26
16
26
76
22
30
24
22
14
20
30
62
22
16
16
14
24
18
38
14
28
38
20
8
20
20
16
12
42
26
16
26
26
24
38
26
30
38
34
26
26
24
60
18
24
22
12
34
26
20
14
16
40
38
26
26
40
26
24
24
20
38
18
30
34
18
38
10
26
18
34
22
34
16
26
38
48
18
42
24
26
54
20
50
30
34
26
22
20
26
34
100
34
12
34
30
22
26
34
24
26
14
38
16
28
20
26
26
50
32
22
20
34
30
22
20
28
18
44
30
68
46
26
34
34
30
22
34
32
34
30
38
46
30
48
22
26
26
22
20
30
28
42
34
50
18
20
20
32
20
100
22
16
24
38
46
48
12
38
24
24
22
20
22
16
8
22
24
24
20
22
18
12
34
20
28
20
32
16
28
16
22
22
26
28
34
12
14
50
20
26
12
20
20
12
22
12
26
22
22
18
18
22
26
14
16
8
22
16
30
26
30
12
22
20
16
8
36
16
26
16
26
34
20
12
16
18
12
8
24
24
14
