4
4
8
8
8
4
4
12
8
0
14
8
8
8
12
0
4
4
4
4
0
4
100
8
8
4
8
0
8
4
0
8
0
0
4
4
4
12
4
18
4
0
8
0
8
8
8
0
0
48
4
4
0
4
8
0
12
12
0
8
0
8
6
0
4
4
10
4
16
4
4
4
8
20
16
8
4
4
8
8
0
0
0
0
12
8
16
8
0
0
0
8
0
4
4
4
8
10
8
100
4
8
12
12
4
96
8
4
12
4
4
4
8
4
16
4
4
0
4
8
8
8
20
0
4
8
6
4
4
0
8
4
4
8
30
0
4
10
8
0
22
0
4
8
4
0
100
0
8
0
8
0
18
4
12
8
0
8
0
8
0
0
0
4
4
8
0
0
0
4
8
4
12
8
26
0
34
8
100
8
8
4
12
8
8
4
4
4
12
0
12
4
4
8
16
8
4
0
0
8
20
4
16
20
0
8
22
16
8
12
4
26
12
0
8
4
4
4
8
4
0
0
4
12
0
12
8
8
12
8
8
0
22
12
20
8
100
4
0
4
0
12
0
4
8
8
8
4
12
0
4
4
0
16
4
12
4
12
8
16
8
12
10
12
8
34
4
8
12
4
0
12
4
8
12
16
4
8
8
4
8
32
8
8
4
8
8
0
