0
4
8
8
4
12
0
4
0
4
4
4
0
4
8
8
8
8
0
12
4
4
0
8
4
8
0
8
8
8
4
28
12
10
4
10
4
16
8
12
12
8
4
22
34
8
0
0
8
4
26
0
12
4
4
4
0
12
8
0
8
8
8
8
0
12
8
12
4
20
12
4
8
4
12
4
8
4
16
0
4
0
8
8
8
4
8
4
12
8
8
4
12
14
8
4
4
8
12
14
8
8
8
16
12
12
16
4
8
8
4
16
8
8
12
8
8
8
8
8
0
4
8
4
8
4
4
0
8
8
4
8
0
8
16
4
4
12
8
8
0
12
8
12
0
4
8
4
8
4
16
4
0
42
0
0
42
4
4
4
8
0
8
8
0
0
16
0
8
4
8
4
4
0
0
0
4
0
0
0
8
0
4
8
16
8
4
4
12
8
8
24
4
8
8
4
4
8
8
8
30
0
0
0
4
4
4
0
8
0
12
4
4
4
8
4
8
4
4
8
0
0
0
0
8
0
4
0
4
4
8
4
4
16
0
4
8
0
4
4
0
4
0
4
0
0
12
4
8
0
8
4
0
4
4
4
0
0
4
4
0
4
8
4
12
8
4
10
4
0
16
0
4
4
8
12
0
0
0
4
4
0
4
4
8
4
4
8
