4
0
16
6
0
0
2
0
18
20
10
6
0
12
14
2
0
0
2
0
14
12
4
4
0
14
2
4
2
2
0
14
12
10
4
2
22
12
16
22
2
2
2
2
0
0
12
14
6
4
0
20
22
20
0
0
4
2
0
8
14
16
6
4
14
18
0
2
0
24
14
4
2
0
18
26
12
2
2
0
0
16
10
0
4
0
0
14
26
2
2
0
2
18
10
12
4
8
0
12
20
4
2
6
0
0
12
18
2
2
0
6
24
20
62
0
10
0
16
8
6
4
0
26
16
4
2
0
0
44
4
0
10
16
14
10
4
0
42
2
4
0
8
12
14
6
0
4
0
0
2
16
10
2
2
2
4
14
14
12
0
2
8
0
0
20
16
2
2
2
2
10
12
8
16
14
22
2
4
0
0
0
42
2
4
0
12
14
8
0
0
22
8
6
0
0
54
2
0
0
12
16
2
6
0
20
2
2
0
2
0
0
14
20
4
0
18
16
2
6
0
0
2
20
20
0
0
0
6
16
30
6
16
0
0
6
6
0
14
22
16
0
14
18
0
2
2
0
0
14
14
2
6
0
0
8
20
14
2
2
2
4
8
14
10
6
8
12
10
28
8
2
14
20
4
2
14
6
12
10
14
16
8
0
0
10
12
2
