0
0
0
8
4
0
0
4
4
0
0
36
0
0
8
4
4
4
4
8
0
0
0
0
8
0
0
0
0
4
4
6
8
4
0
0
4
4
4
4
42
0
4
4
0
4
8
4
6
0
0
0
8
12
0
0
0
4
8
4
4
0
4
4
4
4
4
0
4
4
0
4
4
0
4
0
62
4
4
0
4
0
0
0
0
8
4
0
8
4
8
0
0
0
4
8
4
4
0
4
38
8
28
0
8
0
8
0
8
4
28
0
4
0
0
4
0
4
0
4
8
0
4
4
30
8
8
0
0
4
4
0
4
0
4
0
4
0
0
4
0
0
8
4
4
4
0
4
0
4
0
4
4
0
0
0
0
0
4
0
0
0
4
8
4
0
8
0
0
4
4
0
0
0
4
0
0
4
4
0
0
0
8
4
0
0
0
4
4
4
4
0
4
0
4
0
0
0
4
8
0
4
4
0
8
8
0
4
0
0
4
4
0
0
4
0
30
4
4
0
4
4
0
30
4
4
0
4
8
0
0
0
0
4
4
4
8
4
8
4
4
0
0
0
4
4
4
0
4
4
4
4
0
0
4
8
4
0
0
4
8
4
8
4
0
0
4
0
0
8
0
0
4
4
26
0
0
4
0
4
4
4
0
0
4
4
4
0
