4
4
8
12
16
8
84
12
16
8
4
16
100
0
10
16
12
12
18
4
8
4
12
8
12
4
100
4
8
100
8
4
12
0
12
4
8
0
100
0
16
4
0
16
0
4
20
8
0
12
8
4
4
0
0
4
4
16
12
8
16
0
4
12
0
16
20
8
0
4
16
0
0
8
4
8
8
12
4
16
8
4
0
4
0
16
8
0
4
100
0
28
0
4
4
100
8
16
42
12
4
100
16
0
68
4
0
98
4
8
0
4
4
4
6
8
0
0
12
16
24
100
8
10
8
10
12
8
4
4
4
98
0
0
8
16
8
4
72
8
8
16
4
8
12
16
16
14
78
12
0
100
16
8
4
16
12
20
4
18
12
12
16
16
16
4
20
4
12
4
8
80
8
48
0
0
94
12
16
0
12
4
8
0
8
12
4
16
8
96
4
4
16
0
0
16
4
12
12
0
12
16
8
8
8
0
4
4
12
4
0
0
8
8
4
100
12
8
0
8
12
0
0
16
12
4
0
4
8
4
12
66
12
4
16
12
0
100
0
12
16
8
4
16
12
4
18
0
6
12
0
4
6
4
16
12
12
12
8
6
16
0
4
0
12
12
4
4
8
12
16
20
10
8
8
0
12
8
0
100
8
12
4
8
16
0
0
8
