96
72
92
48
100
100
84
90
96
94
70
82
100
84
70
90
62
100
84
84
86
100
84
80
78
80
92
52
86
82
64
78
90
100
94
56
74
84
56
72
74
80
76
72
100
62
74
54
80
68
74
68
88
72
74
94
88
88
50
72
100
90
100
82
100
94
100
4
80
78
58
76
98
100
44
100
50
90
82
86
80
80
94
78
74
84
100
64
78
62
100
74
100
42
80
76
84
60
70
72
88
68
100
68
60
58
74
58
54
72
72
56
58
80
56
70
94
92
86
80
100
74
68
60
96
96
88
82
84
76
94
72
74
74
96
80
68
80
78
78
82
82
86
86
100
46
78
78
92
80
84
76
94
80
80
72
42
58
92
88
80
76
76
68
96
92
68
82
86
80
90
74
80
82
100
78
90
84
56
84
82
72
56
90
64
86
82
62
100
98
60
52
58
82
70
52
78
78
88
66
72
92
74
50
92
80
56
100
80
72
56
86
78
76
78
96
92
86
74
54
46
88
100
100
78
82
80
60
68
100
100
100
82
100
84
86
100
82
100
100
80
100
100
80
96
76
100
100
100
100
100
52
92
100
94
80
64
100
68
100
100
100
100
100
100
100
100
50
100
100
100
100
100
82
100
100
100
90
64
100
92
100
100
76
90
100
100
80
