12
54
20
26
26
16
32
46
36
42
46
28
32
18
24
26
24
26
28
34
16
22
20
40
32
26
24
28
30
34
16
44
16
24
16
36
28
12
24
8
28
36
20
38
38
12
38
20
54
18
30
46
30
52
28
42
30
22
52
56
42
24
16
16
26
24
50
24
30
36
38
22
34
8
16
26
20
32
36
34
38
38
22
14
20
22
22
22
26
38
38
22
30
34
22
52
30
38
38
26
54
38
34
52
26
42
20
18
42
42
46
34
34
34
24
62
50
50
20
46
38
38
30
20
50
30
30
30
22
24
18
24
16
34
34
26
44
34
28
100
70
30
50
38
46
20
8
20
16
18
30
16
88
16
12
24
18
26
12
14
34
8
24
38
16
12
8
16
20
8
28
10
30
4
12
22
20
16
16
26
22
14
24
12
28
12
14
26
4
12
20
16
14
30
22
12
12
22
20
16
18
16
16
24
20
14
12
38
32
24
4
16
16
12
30
30
24
12
16
20
20
24
16
18
14
28
28
12
4
20
28
30
34
12
12
12
20
12
20
4
8
8
16
16
16
14
30
8
8
16
20
14
26
32
28
12
16
8
22
16
30
16
12
8
18
8
16
12
12
12
30
20
14
24
8
8
4
16
30
12
18
20
18
22
18
26
34
26
