12
18
42
30
38
54
34
50
46
30
34
26
16
16
24
16
34
30
20
16
20
12
50
16
20
26
26
20
24
22
22
30
26
12
26
8
20
20
24
22
34
22
20
26
20
24
42
24
20
34
20
16
34
34
24
24
28
24
58
38
30
20
22
20
30
34
26
38
34
12
28
12
24
46
38
30
38
30
34
30
30
54
34
12
20
58
20
26
22
26
30
38
26
34
28
30
12
38
16
26
34
42
12
30
42
30
38
34
26
30
34
34
22
26
46
20
42
42
34
34
26
16
26
16
38
20
20
20
12
24
16
20
28
26
26
12
18
54
22
26
24
12
12
30
30
38
26
38
26
24
42
50
20
54
26
30
12
26
26
20
28
20
26
18
38
26
16
20
38
16
28
46
20
26
20
38
46
8
22
56
34
42
26
26
42
22
38
58
50
30
26
16
22
30
34
42
16
20
16
12
22
12
30
22
24
20
34
16
46
20
24
16
34
34
20
24
16
26
30
42
16
24
26
22
20
34
20
16
24
30
16
12
16
26
24
38
30
24
24
30
12
16
24
16
30
22
16
12
30
16
30
24
28
12
12
20
24
22
42
20
16
30
16
24
20
24
20
16
16
24
8
26
16
28
38
30
24
22
20
18
16
16
16
12
24
16
12
42
