30
26
48
22
26
46
50
26
20
30
30
56
26
22
26
30
38
26
22
16
38
14
18
16
42
38
34
38
46
38
38
46
48
14
34
38
20
30
28
16
30
12
20
18
36
10
30
34
34
16
26
26
26
16
8
26
42
16
34
14
12
20
12
14
38
24
8
32
30
26
22
16
18
30
16
16
22
8
26
16
34
18
12
34
16
38
12
30
22
26
20
22
14
26
26
8
26
12
16
12
18
24
26
30
22
24
8
26
34
30
8
18
16
18
8
30
8
26
26
26
8
8
8
26
8
54
12
18
18
34
8
8
20
16
22
18
26
18
26
16
24
34
46
12
26
34
34
54
16
12
8
54
42
30
30
8
38
18
34
38
8
38
38
16
40
54
22
12
18
22
14
48
16
28
34
42
22
32
30
42
34
36
16
24
54
42
30
22
34
60
50
12
38
22
38
22
12
30
42
22
34
46
34
12
26
26
18
40
26
22
22
18
30
38
4
30
38
34
16
30
34
26
26
20
24
30
28
40
14
26
34
26
30
36
30
34
20
8
50
16
60
26
18
38
34
30
26
8
20
22
42
12
12
26
4
18
20
16
30
20
22
22
14
16
22
16
34
16
22
14
26
24
26
38
14
18
26
34
22
12
26
30
22
18
30
8
14
38
