4
0
4
4
4
0
4
4
4
12
4
4
4
4
4
4
0
8
8
4
0
0
4
8
4
8
4
4
4
4
4
4
4
12
14
24
12
16
8
4
0
4
4
4
4
0
4
0
0
4
4
4
4
8
4
8
4
4
4
0
4
4
4
20
8
0
4
4
0
4
4
4
4
4
20
12
4
0
4
8
0
0
4
4
14
0
4
4
4
0
12
4
4
10
4
4
4
4
0
0
14
4
4
4
2
0
0
4
0
4
4
0
4
4
0
4
0
4
4
0
0
0
4
8
0
4
4
4
14
8
8
8
4
0
4
4
0
4
4
4
4
4
4
4
4
4
4
0
4
4
4
0
4
4
4
0
4
4
4
0
4
0
4
4
0
4
0
4
4
4
8
0
0
4
4
12
4
4
4
0
0
4
4
4
4
4
4
4
8
0
0
4
0
0
4
4
0
0
8
0
4
4
4
4
4
4
4
4
4
4
0
4
4
0
8
14
4
4
4
2
4
4
4
4
4
0
0
4
4
0
4
4
4
0
0
2
4
0
0
10
4
0
4
4
4
0
4
4
10
4
8
4
4
4
0
4
4
4
4
4
0
0
0
4
4
4
4
0
4
4
0
4
0
4
0
0
0
4
4
4
0
0
0
0
8
0
4
0
