26
24
4
0
100
70
52
74
100
100
100
96
100
64
100
100
30
100
100
100
44
100
100
100
100
18
100
14
100
100
90
70
60
100
92
78
74
18
100
100
100
100
100
100
100
100
98
100
100
74
100
100
100
66
100
100
94
84
96
100
40
68
100
100
90
100
74
100
100
66
100
0
100
66
100
94
100
96
78
100
100
36
100
52
100
100
100
100
100
100
100
100
100
100
14
100
100
30
100
4
100
66
100
100
94
56
100
26
100
4
100
62
56
56
86
86
100
56
38
100
100
58
100
44
100
36
70
100
78
82
50
74
82
86
100
100
58
82
100
100
62
100
100
100
100
92
96
72
76
60
78
100
100
56
84
100
100
26
100
86
100
100
100
100
100
62
82
100
100
100
100
0
100
52
100
100
100
36
100
56
100
36
100
100
64
44
100
100
86
84
100
100
4
52
100
100
100
100
68
100
62
14
100
100
100
30
54
94
86
60
62
70
100
10
52
100
20
76
22
100
100
96
100
100
100
82
80
100
88
34
100
100
8
100
70
82
100
10
100
98
100
80
100
98
100
86
100
100
94
100
96
100
100
70
100
100
100
100
100
100
100
100
92
100
100
50
100
16
100
92
52
84
100
100
28
38
100
100
100
100
100
56
100
100
100
56
100
100
