4
4
8
4
4
8
4
0
4
8
8
0
4
8
4
4
4
4
8
4
4
4
8
4
8
0
4
8
4
4
12
4
12
8
8
4
4
4
4
4
4
8
0
4
4
4
4
4
8
4
8
4
4
0
4
4
0
4
8
4
4
50
4
4
4
4
4
0
4
8
4
4
4
4
4
4
4
8
52
8
8
4
4
4
4
4
4
8
0
4
4
0
8
8
12
4
0
4
8
0
4
4
4
16
4
8
4
8
12
8
0
8
4
4
8
8
8
4
4
8
4
0
50
4
4
8
4
4
8
4
8
4
8
4
4
4
8
4
8
4
4
4
4
0
4
4
8
12
8
4
8
4
0
4
4
0
4
8
4
8
16
16
16
12
16
12
8
8
8
12
20
70
16
24
12
8
12
32
20
20
16
16
16
16
8
12
12
24
20
20
28
20
16
8
16
32
24
4
28
24
28
16
8
8
20
20
16
24
12
20
16
12
12
16
16
16
12
16
16
28
28
16
20
20
16
12
32
8
16
12
8
28
20
16
16
20
20
20
16
16
8
16
28
32
12
12
44
8
16
20
16
16
4
16
8
16
20
8
20
8
8
12
20
4
8
16
32
16
66
20
12
8
8
12
8
8
4
4
24
16
12
4
8
8
16
8
8
12
