100
64
100
58
66
90
88
100
92
100
100
62
100
58
84
100
100
70
68
100
100
100
72
34
44
94
100
100
86
100
100
66
82
50
100
100
72
82
46
70
100
84
58
100
52
80
52
76
74
54
70
100
100
58
88
54
46
100
88
94
96
100
90
100
100
100
94
82
100
100
74
100
100
54
54
98
100
100
92
100
94
58
100
82
100
84
100
94
46
100
100
100
100
90
100
86
96
90
84
100
100
100
100
64
100
100
80
100
100
70
58
42
86
100
54
100
100
76
100
52
52
58
76
86
56
70
100
78
92
86
86
100
90
100
70
100
100
72
78
78
100
96
100
86
64
96
100
100
100
100
100
92
100
100
100
80
100
88
72
70
54
100
100
98
90
84
100
100
100
100
100
100
100
78
100
100
100
72
100
100
100
100
86
22
90
100
100
90
100
100
100
100
100
100
86
60
100
100
86
78
100
94
100
94
100
98
84
100
100
100
52
100
100
100
52
100
66
100
34
100
58
92
18
80
92
100
74
56
72
82
100
90
52
66
100
60
100
86
62
46
26
98
82
44
74
100
22
76
38
46
54
32
100
68
52
56
38
44
88
48
44
50
64
60
100
78
40
32
72
100
4
22
100
72
22
50
74
40
64
66
78
40
62
32
88
80
46
92
