8
4
4
6
24
96
80
10
4
10
0
10
0
4
6
4
20
100
0
4
4
0
4
0
4
0
4
12
0
4
4
6
0
4
8
4
6
0
2
4
4
4
0
4
4
8
8
8
8
0
26
4
4
4
8
0
4
4
4
4
0
4
0
0
4
4
4
4
0
0
4
0
0
4
0
8
4
6
8
4
4
4
8
8
8
0
6
4
4
4
4
4
4
4
4
4
6
4
6
4
4
0
6
0
8
4
0
4
8
6
0
8
0
4
4
0
0
4
0
8
4
4
4
8
0
0
4
4
4
46
4
0
4
6
4
6
8
0
0
4
6
0
0
4
0
8
4
4
0
4
4
6
4
8
4
0
4
4
8
0
4
4
4
8
6
0
4
4
8
4
4
4
0
0
4
4
4
4
4
4
4
6
4
8
8
0
6
4
4
6
8
4
2
4
10
0
4
10
8
4
4
0
6
4
0
0
0
8
0
0
8
6
4
10
4
4
2
0
4
6
4
8
0
4
0
6
0
4
0
0
10
4
4
4
8
4
4
0
4
8
4
4
0
4
8
0
0
4
0
0
4
4
0
40
0
4
4
8
8
8
4
6
6
10
2
4
0
0
4
2
4
0
4
0
4
0
2
6
4
0
6
6
4
8
4
4
4
4
