96
42
82
100
38
42
84
100
92
100
56
58
100
68
100
98
100
58
40
58
92
76
64
42
100
100
100
100
100
64
100
64
58
100
100
78
64
100
66
82
84
98
0
92
30
22
80
100
100
92
60
100
100
0
68
90
100
100
100
46
64
100
96
100
64
100
0
100
58
38
92
42
76
30
20
78
100
62
100
64
100
90
80
100
80
84
100
100
92
100
100
100
100
50
100
84
100
72
100
100
100
100
100
100
100
82
100
100
100
100
100
100
100
96
72
74
100
60
100
100
86
50
100
72
96
100
0
12
92
96
100
100
34
48
100
72
46
100
100
84
100
100
58
100
100
26
54
46
80
94
100
54
100
100
56
100
100
64
100
100
70
38
74
100
20
100
94
56
84
100
100
56
74
96
100
30
38
96
98
64
88
100
92
100
58
76
26
100
100
84
100
72
100
100
100
68
52
100
100
100
64
100
92
30
100
66
100
48
80
100
100
38
92
92
100
84
100
100
100
48
54
86
52
18
46
100
80
38
100
84
42
38
64
50
72
38
92
100
54
58
42
34
94
38
76
52
100
100
100
78
46
34
100
48
50
46
54
34
58
22
86
42
34
100
54
68
80
98
30
60
28
22
100
84
94
26
64
34
60
56
64
42
18
60
38
84
68
80
