84
74
82
100
74
100
100
68
100
100
100
100
100
100
100
100
100
100
100
100
100
100
100
100
100
100
100
100
100
60
88
86
100
100
100
66
70
76
96
100
100
100
100
92
100
100
100
24
100
100
100
100
100
72
100
100
100
100
64
28
100
64
100
74
100
100
98
100
70
100
76
54
100
100
100
100
100
88
100
100
100
100
100
100
100
100
100
100
100
96
84
100
100
96
100
92
100
100
100
64
82
100
80
100
100
100
88
100
100
86
86
100
94
100
100
56
100
94
60
100
100
100
100
94
100
100
100
72
100
100
50
30
100
44
100
72
56
88
100
100
100
100
92
100
86
86
100
100
66
90
76
100
100
100
90
26
78
84
70
100
94
94
100
100
100
100
100
96
100
100
100
78
90
98
100
86
100
100
68
100
100
82
100
98
72
74
100
100
68
100
58
100
84
94
100
88
66
98
60
80
100
56
100
28
100
100
100
100
68
72
100
100
98
74
82
84
100
64
100
86
100
100
100
100
100
70
100
100
82
82
100
100
100
100
100
100
100
94
62
84
94
100
64
100
70
100
94
100
86
100
86
84
100
100
66
100
96
94
100
100
96
100
84
70
70
72
100
100
100
100
100
100
100
100
100
100
100
100
92
100
96
100
100
100
68
86
100
100
