4
0
4
0
4
16
4
0
0
20
0
2
0
0
4
2
8
18
8
4
12
4
0
4
12
4
4
2
16
12
0
0
0
0
8
4
0
6
8
8
2
0
4
4
4
4
6
22
8
4
0
4
22
0
12
0
0
16
8
12
10
16
0
0
4
4
4
4
0
0
12
0
4
8
4
0
8
0
6
0
4
4
4
32
4
0
16
10
6
2
12
4
10
6
6
4
0
4
8
26
0
4
10
4
8
4
2
4
10
14
4
4
0
22
4
8
8
4
8
22
8
0
18
2
6
0
2
0
4
4
0
0
4
0
8
4
4
4
0
4
2
4
8
4
6
0
4
0
8
2
8
4
4
4
14
0
10
8
8
14
2
4
4
0
8
4
10
4
4
0
0
0
0
0
4
8
4
0
12
12
0
0
4
0
10
38
10
4
0
0
4
8
0
0
10
8
0
4
0
12
0
36
4
0
16
12
0
0
4
4
0
4
8
4
0
8
0
12
4
2
4
0
0
8
4
0
2
4
2
0
0
0
4
6
0
12
0
0
4
0
4
8
4
4
4
4
0
8
0
4
0
0
8
0
4
0
0
4
8
0
2
6
10
0
8
4
4
0
4
0
0
0
4
0
8
4
4
4
4
0
4
0
4
12
0
0
4
8
