16
8
8
8
8
12
12
8
8
16
8
16
12
28
12
8
14
50
20
8
8
10
20
8
16
12
12
12
8
12
26
8
28
8
12
4
12
8
8
4
12
0
8
4
12
8
24
8
12
4
12
26
8
8
4
12
8
12
16
18
36
8
16
18
12
8
12
16
22
24
16
24
22
20
20
16
12
16
12
16
12
10
46
32
12
12
16
12
8
16
12
8
24
12
12
22
36
28
20
8
34
4
18
16
8
12
24
12
16
14
12
12
16
4
38
8
16
8
8
16
8
8
12
8
12
24
20
8
18
4
12
24
12
32
28
34
20
32
18
12
12
20
46
32
20
28
12
12
16
16
16
24
16
16
16
12
20
28
20
16
16
8
20
36
16
20
16
16
8
28
24
12
8
8
20
16
16
24
10
20
8
8
20
8
16
12
4
16
16
24
12
8
24
12
8
12
8
10
16
12
4
12
24
28
16
8
8
8
12
12
20
32
12
12
24
8
16
38
12
20
38
8
8
24
24
20
8
12
32
4
12
4
16
28
4
28
8
4
24
42
8
12
12
20
8
8
12
8
4
50
12
8
4
24
16
20
20
22
8
12
8
16
20
16
16
4
12
12
8
16
12
8
12
4
4
0
12
4
16
16
14
4
16
8
16
4
16
8
