94
66
70
100
100
74
100
4
100
100
100
100
100
4
100
100
100
100
100
100
100
100
100
100
100
100
96
100
100
68
100
100
100
100
100
100
100
100
100
100
100
92
0
100
100
100
100
100
100
100
100
100
100
100
78
100
100
100
100
100
100
100
100
100
8
88
100
100
100
4
100
84
94
88
100
100
100
92
74
94
86
100
100
100
100
100
94
100
100
0
100
100
100
100
4
96
68
78
94
100
100
86
46
100
100
100
100
100
100
52
58
100
94
100
64
100
4
92
100
90
80
100
94
100
100
100
84
100
100
100
100
90
100
100
100
100
100
94
100
100
100
100
100
100
100
100
100
62
100
70
100
100
84
100
100
74
100
100
100
80
100
80
100
94
100
90
100
72
100
100
84
100
0
100
100
98
100
100
100
100
100
0
82
100
100
100
100
74
100
0
100
100
100
100
100
100
100
98
100
100
100
8
100
100
0
70
76
70
0
80
100
100
100
92
100
86
100
4
66
100
72
80
72
100
100
100
100
100
100
100
82
94
100
86
100
100
92
100
100
100
100
100
94
100
100
98
100
100
100
100
100
100
100
100
4
100
78
62
100
100
100
100
100
100
100
100
100
100
100
90
100
100
100
100
100
100
100
100
92
100
100
100
0
100
100
100
100
100
