55
54
53
53
55
54
53
53
53
52
55
53
54
57
56
54
54
53
55
52
57
53
51
54
53
55
55
54
53
53
55
55
51
54
50
52
53
52
55
55
53
53
52
51
50
50
52
50
53
51
51
51
51
51
49
49
48
47
49
46
46
49
50
49
49
48
47
49
46
48
44
46
44
47
45
45
46
47
46
45
45
45
44
44
45
43
46
44
45
47
46
46
44
44
45
43
45
42
43
45
43
45
45
45
44
45
46
45
44
45
42
42
44
44
45
46
45
43
44
43
45
44
45
43
45
43
46
47
49
48
47
45
48
46
46
47
44
48
47
49
49
49
49
50
50
49
48
52
48
49
49
49
52
53
52
51
52
51
52
52
54
53
56
56
58
58
59
58
57
59
58
58
58
58
57
63
59
60
61
60
62
61
61
60
61
63
63
60
63
61
62
62
63
65
63
63
62
62
65
62
62
63
64
64
64
65
64
64
65
63
64
65
62
64
64
64
65
64
68
66
66
66
67
66
66
66
67
66
67
67
67
69
63
65
65
66
65
63
64
67
64
67
65
65
67
64
63
65
66
67
67
65
64
66
65
65
65
67
66
63
63
63
64
60
62
65
64
64
64
64
64
63
62
62
62
62
60
63
61
64
63
64
66
62
61
61
60
62
