8
7
7
7
7
7
7
7
8
8
8
8
7
8
8
8
9
8
8
7
8
8
8
8
8
8
8
9
8
8
8
8
8
9
8
8
9
9
10
10
10
9
10
9
9
9
9
9
8
9
9
9
8
8
8
8
8
9
9
8
8
8
8
8
8
8
7
8
8
8
7
7
7
7
7
7
6
6
6
6
6
6
6
6
5
6
6
5
5
5
5
4
4
5
5
4
4
4
4
4
4
4
3
3
3
3
3
3
3
3
3
3
3
3
3
3
3
3
3
3
3
3
3
3
3
3
3
3
3
3
3
3
3
3
3
3
3
3
3
3
3
3
3
3
3
3
4
4
4
4
4
4
4
5
5
5
5
5
5
6
5
6
6
6
9
10
10
9
9
9
9
9
9
9
9
8
8
8
8
8
8
8
9
8
8
8
8
8
7
7
8
8
8
8
8
9
9
8
9
9
9
9
9
9
9
8
8
8
9
9
9
8
9
9
9
9
9
9
9
9
8
8
8
8
8
8
8
8
7
8
8
8
8
8
7
8
8
8
9
9
9
9
9
9
9
9
9
9
9
9
9
8
8
8
9
9
9
9
9
9
9
11
10
10
10
10
10
10
9
9
10
10
10
10
10
10
10
6
5
5
10
11
12
5
4
4
7
9
