28
27
27
31
29
28
30
29
30
32
32
33
28
28
28
28
29
31
30
29
29
31
28
28
29
28
28
28
27
28
28
29
29
30
31
29
27
28
28
28
29
28
27
28
29
26
24
24
24
28
25
27
27
27
26
26
25
25
25
25
26
24
27
24
24
23
24
23
23
22
21
22
20
20
20
19
21
21
21
21
21
20
18
18
19
18
17
18
18
19
18
18
18
18
17
17
17
17
15
15
15
15
16
17
16
16
16
15
15
15
15
14
16
16
16
16
17
17
17
18
17
15
16
15
16
16
15
18
20
20
21
19
18
20
19
19
20
20
20
20
20
20
20
20
21
21
20
21
21
21
22
22
23
24
25
27
27
27
27
30
29
29
29
29
29
29
31
32
32
31
31
35
32
29
31
30
31
34
39
39
40
38
37
36
38
38
39
37
33
34
34
34
34
35
34
34
35
34
33
34
34
34
34
34
34
34
34
35
35
36
38
37
33
41
37
36
35
35
37
38
37
39
35
34
35
36
35
35
36
35
36
36
38
38
36
40
36
39
36
38
39
40
42
40
40
39
39
39
38
37
37
37
37
36
39
36
36
36
36
37
36
35
35
35
35
34
34
35
35
36
37
37
35
34
34
33
34
34
35
34
34
34
32
31
32
33
35
35
