4
4
4
4
3
3
4
4
4
4
4
4
5
4
4
4
4
7
4
7
5
4
5
4
6
8
4
5
5
4
5
6
4
4
4
4
3
4
5
9
7
7
8
5
4
4
9
4
5
5
5
10
4
4
6
5
5
5
4
8
8
8
7
6
35
50
19
4
9
5
5
4
10
6
5
4
4
4
8
5
12
37
54
8
10
8
5
5
6
7
8
11
6
5
10
6
6
6
6
6
40
53
26
9
9
7
7
6
9
5
5
5
6
5
6
36
55
5
5
6
5
8
8
5
5
7
5
5
6
10
9
5
9
4
5
5
6
11
7
5
5
6
5
9
4
7
5
5
6
4
5
5
5
6
6
5
5
5
6
9
9
6
5
6
9
6
6
5
7
6
6
43
8
7
5
6
6
6
5
5
6
10
8
9
6
5
5
6
5
7
6
9
6
6
5
5
5
5
5
5
5
4
4
4
4
4
4
4
4
7
4
7
6
7
4
4
4
7
4
4
4
7
27
46
28
8
23
42
50
4
4
4
8
42
53
9
4
3
3
4
3
13
40
45
6
3
3
3
3
3
6
4
4
3
3
3
3
3
3
3
3
6
3
4
6
6
4
3
3
3
3
3
6
3
6
11
20
48
6
7
3
3
3
6
3
3
3
3
