53
6
5
5
5
4
3
4
4
4
5
20
52
12
6
4
28
48
4
6
5
5
5
4
4
5
16
14
4
7
5
5
5
5
5
15
50
5
4
4
6
4
5
13
49
5
4
4
5
4
39
19
3
5
5
6
4
4
5
4
4
4
5
5
5
5
5
5
7
6
5
5
4
4
5
5
35
33
38
28
5
5
5
4
4
6
5
6
4
6
5
5
7
6
4
4
5
6
4
6
5
5
22
49
39
33
5
9
5
9
6
5
6
6
5
5
5
6
7
5
5
6
6
10
5
6
6
5
5
4
4
6
6
5
6
4
4
5
8
5
4
4
4
4
5
6
5
5
6
6
6
7
5
6
5
37
7
5
14
35
48
45
27
7
6
6
7
4
5
5
5
6
5
5
4
4
6
5
6
5
22
42
50
5
6
6
5
5
5
5
4
6
4
7
5
12
45
12
5
3
4
5
4
3
2
6
4
2
4
27
39
35
14
3
2
2
2
2
2
2
2
2
2
2
2
2
2
2
2
3
32
48
2
2
2
2
2
2
2
2
2
3
2
2
31
20
3
3
3
2
3
3
4
3
2
2
2
5
2
2
2
2
2
6
2
2
2
2
2
2
3
3
3
5
2
2
2
2
5
2
2
11
37
44
31
28
2
2
