6
4
11
6
5
5
6
7
7
5
5
11
5
6
19
47
7
7
5
14
51
28
6
4
5
4
5
5
6
5
5
7
8
6
33
53
16
6
9
31
30
6
9
6
5
7
7
5
5
10
6
6
6
6
8
7
7
6
6
8
6
5
10
4
5
6
8
13
36
6
8
6
6
8
6
5
5
10
7
7
6
6
7
5
6
6
5
8
7
8
8
5
11
6
7
6
6
7
5
9
7
5
7
6
10
8
7
10
6
5
6
9
10
6
8
8
6
8
7
43
50
8
12
10
7
6
5
6
5
6
7
5
5
6
8
7
6
6
6
6
9
7
6
29
58
18
7
5
4
6
6
5
4
9
7
5
7
5
6
4
7
6
6
6
6
6
6
6
6
6
16
41
33
10
4
7
8
7
8
5
6
5
7
7
8
7
5
5
5
6
7
8
8
6
14
43
24
12
46
31
5
4
7
4
5
41
34
3
3
3
3
3
3
3
3
3
6
3
2
2
2
3
3
3
2
3
3
2
2
2
2
2
2
3
3
3
3
2
3
3
35
29
3
4
36
19
3
3
3
3
3
34
8
3
3
3
3
3
3
3
3
3
3
3
3
4
3
3
3
3
3
3
3
3
12
36
47
40
6
3
3
3
3
3
3
3
20
42
