82
85
78
80
80
81
78
79
87
82
79
72
72
70
74
69
78
72
74
72
73
76
80
77
80
71
72
70
70
76
71
77
77
75
69
68
73
75
79
77
85
80
74
75
70
72
68
67
76
68
75
74
76
81
76
74
71
77
76
70
75
72
71
74
70
70
72
77
78
69
72
74
72
75
70
76
85
79
79
76
81
76
79
89
80
82
77
76
76
70
79
79
77
86
80
72
71
69
70
69
70
72
89
78
76
75
78
73
70
72
76
75
72
73
73
73
67
67
66
74
73
78
81
76
69
68
70
76
73
71
72
72
73
74
73
69
70
77
73
71
78
71
73
68
77
79
74
68
77
72
77
68
70
70
72
70
71
77
72
74
73
71
72
74
73
76
76
80
76
76
77
83
78
75
77
71
74
79
83
80
73
72
73
68
68
71
69
76
74
71
69
72
70
76
76
80
71
72
66
72
73
74
74
73
68
74
77
77
77
78
77
79
77
69
71
69
74
77
78
79
76
83
86
82
82
79
76
77
75
76
72
73
70
76
70
70
75
71
75
71
71
74
76
83
74
76
73
74
72
68
73
74
78
77
73
75
80
79
74
81
77
87
92
82
75
69
71
69
71
71
72
72
69
72
72
74
73
73
72
71
73
72
72
69
71
70
76
75
