83
83
80
84
84
86
88
94
91
98
91
87
83
82
87
89
100
98
88
84
91
91
89
87
88
91
83
85
83
86
85
92
89
89
79
82
84
95
87
91
88
82
81
78
78
78
77
75
80
75
77
81
78
86
82
79
74
78
75
75
75
78
80
77
76
76
78
79
82
77
78
77
75
74
79
79
80
83
78
78
77
78
80
76
84
80
76
83
75
75
75
79
77
82
78
77
76
74
76
77
79
75
82
83
83
82
80
82
82
79
78
86
80
73
74
69
67
69
68
72
73
72
73
72
71
69
72
75
78
74
72
72
71
73
72
73
71
74
75
70
73
73
74
73
72
73
72
74
79
72
71
75
78
78
78
73
79
73
76
72
72
74
74
77
77
79
83
89
81
77
77
80
75
79
72
73
74
79
85
75
76
74
78
74
71
72
80
73
76
74
72
77
74
82
81
85
79
74
71
79
77
74
77
75
71
77
77
77
85
81
79
81
77
73
77
76
79
81
81
84
83
83
91
87
86
82
83
81
81
82
79
75
77
79
82
83
85
79
78
82
83
81
77
82
83
85
79
71
79
74
75
83
87
79
76
75
76
75
76
83
82
90
90
84
86
87
94
85
83
83
88
88
85
86
85
87
84
92
85
89
87
90
83
86
86
87
83
87
