54
55
54
54
51
55
56
54
54
52
56
55
54
53
57
55
55
56
55
54
55
54
57
55
54
53
55
56
57
58
56
55
55
58
55
54
53
53
56
55
55
52
54
54
51
50
48
50
49
51
49
50
50
46
44
42
47
44
45
47
53
50
45
41
44
42
36
37
35
34
0
0
0
0
0
0
0
0
0
0
0
0
0
0
0
0
0
0
0
0
0
0
0
0
0
0
0
0
0
0
0
0
0
0
0
0
0
0
0
0
0
0
0
0
0
0
0
0
0
0
0
0
0
0
0
0
0
0
0
0
0
0
0
0
0
0
0
0
0
0
0
0
0
0
0
0
0
0
0
0
0
0
0
0
0
0
0
0
0
0
0
0
0
0
0
0
5
45
46
47
47
45
46
43
45
44
44
45
45
42
43
43
48
49
49
48
48
49
47
46
47
46
45
47
49
46
52
54
52
51
51
52
51
53
52
52
52
51
53
52
56
55
55
56
57
57
55
54
56
53
56
54
56
54
56
56
56
55
56
53
53
53
53
55
55
55
53
54
54
55
53
54
54
54
55
54
56
57
56
54
56
54
55
55
55
57
56
55
54
54
54
54
54
53
55
55
56
55
56
55
55
55
54
53
54
53
51
49
50
51
51
50
49
49
47
48
50
49
