6
9
6
6
6
5
5
6
5
6
5
5
8
5
4
14
15
5
5
5
4
5
4
5
4
5
4
4
4
5
4
6
4
4
4
4
4
4
4
4
4
4
4
4
4
4
3
3
3
3
4
3
3
3
2
3
2
3
3
3
3
2
2
2
3
3
3
4
3
2
2
2
2
2
3
3
2
2
2
2
3
2
2
2
2
3
3
3
3
3
3
3
3
3
4
4
4
3
5
4
4
4
4
4
5
5
5
5
6
4
5
4
8
6
6
6
5
6
6
5
5
5
5
5
6
6
5
6
6
6
6
5
4
5
6
6
5
5
5
5
5
4
5
5
5
5
5
5
5
6
6
6
6
6
6
6
6
6
6
7
6
7
7
7
7
6
7
6
7
6
7
8
7
6
6
7
6
8
10
11
7
7
7
7
7
8
7
8
7
7
7
8
7
7
8
8
7
8
7
8
7
8
7
9
9
10
9
7
9
11
11
8
9
8
8
9
10
8
8
8
8
8
8
8
8
9
8
8
7
7
8
10
8
8
9
8
8
10
7
8
10
7
8
8
7
7
8
8
10
8
8
7
8
8
28
9
8
8
8
9
9
10
8
8
8
8
7
8
12
8
9
8
7
7
7
7
8
6
6
6
7
8
8
7
10
6
7
7
