5
5
4
4
4
5
5
4
4
4
4
4
4
4
4
28
7
6
6
7
6
7
6
7
6
6
6
5
6
6
5
7
5
15
17
7
7
6
6
7
6
6
5
5
5
5
5
5
5
5
5
4
4
4
4
5
4
4
4
4
4
3
4
4
4
3
4
4
4
3
4
3
3
3
3
4
4
3
3
3
4
3
4
3
3
3
4
4
4
4
4
5
4
4
6
6
5
5
6
6
6
6
6
6
7
6
7
7
7
6
6
7
13
6
8
8
7
8
8
7
7
6
6
6
7
7
7
7
7
7
7
7
6
6
7
8
7
7
7
7
8
7
8
7
7
7
7
8
7
8
8
8
8
8
8
8
8
8
9
9
9
9
9
10
9
9
9
9
9
9
10
9
9
9
10
11
10
11
11
11
10
10
11
12
11
11
11
11
11
11
11
11
11
11
11
10
10
11
11
11
11
10
10
10
11
10
11
9
10
12
15
11
12
12
12
13
16
10
10
10
11
11
10
11
10
11
11
12
11
10
9
12
10
10
13
10
9
13
10
11
14
9
10
10
10
10
10
10
11
9
10
10
9
9
10
11
10
9
9
11
11
12
11
10
9
10
10
10
15
10
11
10
10
9
9
9
11
7
7
8
10
11
10
10
12
9
11
10
