3
2
1
1
1
2
2
7
71
57
31
40
32
20
3
2
1
2
1
2
2
36
52
45
28
27
19
2
2
1
1
1
2
1
1
18
71
67
56
31
35
2
2
2
2
1
2
2
2
2
60
50
47
45
25
6
2
2
2
1
2
2
2
1
47
72
77
51
54
39
2
13
2
2
1
2
1
1
1
1
1
14
60
79
50
42
16
2
2
1
2
2
18
54
55
61
30
10
2
2
1
1
1
1
1
1
7
61
80
32
46
13
2
2
8
2
2
2
1
14
53
52
30
24
7
2
12
2
2
2
2
7
6
7
2
2
1
1
2
2
2
1
1
1
4
1
2
1
1
1
1
1
1
1
1
1
1
1
1
1
1
1
1
5
13
19
22
18
16
26
2
2
1
1
1
1
1
45
64
53
25
8
2
1
1
1
1
1
1
1
1
22
53
39
37
28
24
3
2
1
2
1
2
1
1
1
34
45
40
71
41
22
5
2
2
1
2
2
1
1
2
57
51
28
96
45
43
41
3
2
2
1
1
2
1
1
1
15
39
36
69
37
60
31
11
4
6
2
2
2
2
2
2
2
2
2
19
46
75
19
68
58
54
50
21
3
2
2
1
2
2
2
2
21
79
24
40
59
53
44
58
35
16
3
2
2
2
2
