7
6
7
8
9
7
9
8
7
7
8
7
8
7
8
8
8
9
7
8
8
7
8
7
9
7
9
8
8
8
7
8
9
7
8
8
9
7
8
8
7
7
7
14
4
4
5
4
4
5
5
5
6
4
4
5
4
4
12
11
5
5
5
4
5
4
6
5
4
4
13
10
8
7
7
7
8
7
8
7
8
7
8
8
7
8
7
9
7
8
8
39
41
36
45
31
41
26
17
24
23
16
22
24
16
34
16
15
28
17
19
35
20
20
31
15
20
22
17
22
24
25
20
37
19
24
23
16
18
20
12
16
25
14
17
25
15
28
18
14
34
13
13
28
16
12
23
19
19
32
21
20
25
14
22
19
13
22
15
11
21
19
13
19
14
12
14
22
15
12
27
11
12
24
13
13
22
12
13
26
20
15
25
15
17
30
15
10
21
9
11
22
8
18
24
9
11
22
9
13
25
10
14
29
8
11
36
11
28
17
12
30
12
11
29
23
12
37
12
9
40
13
10
47
22
14
29
9
15
37
10
37
29
9
32
12
10
36
13
22
27
10
21
23
13
18
27
11
10
32
9
18
28
17
20
24
9
20
22
15
18
17
9
18
20
10
19
34
10
29
21
16
12
26
9
13
23
10
12
30
9
13
22
10
21
20
10
18
