4
2
2
2
2
2
2
4
31
63
61
50
60
38
3
2
2
2
2
2
2
15
74
91
55
35
18
2
2
2
2
2
2
2
2
10
40
66
33
39
13
13
2
2
2
2
2
2
2
2
43
58
28
53
39
20
3
2
2
2
2
2
2
2
31
82
71
43
43
43
3
2
2
1
2
2
1
2
1
2
1
5
40
48
49
40
23
2
2
2
1
2
7
42
54
30
58
23
3
2
1
1
2
2
2
2
4
38
84
27
37
20
3
2
2
2
2
2
6
9
44
68
44
49
7
3
2
2
2
2
2
2
2
8
3
2
2
2
2
2
1
1
2
2
6
2
1
2
1
1
1
2
1
2
1
2
2
1
1
2
1
2
1
6
18
8
31
40
25
13
2
2
2
2
2
2
2
30
62
62
35
6
2
2
1
1
1
2
1
1
1
14
28
29
45
23
26
3
2
2
2
2
1
2
1
1
16
34
45
41
31
14
5
2
1
2
2
1
2
2
2
29
56
71
64
64
56
7
3
2
2
2
2
2
2
2
2
10
38
56
43
53
66
71
47
31
7
3
2
2
2
2
2
2
2
2
14
48
87
28
76
79
30
40
23
3
2
2
2
2
2
2
2
57
79
50
57
46
52
48
59
34
52
5
3
2
2
2
