2
2
1
2
1
17
2
11
50
53
49
46
43
21
3
2
2
2
2
2
14
31
63
57
38
30
20
2
13
1
2
1
2
2
12
14
40
49
64
37
18
3
2
2
2
2
2
2
1
4
54
44
42
64
60
16
2
2
1
1
1
2
1
1
38
42
53
33
54
10
2
2
2
2
2
2
1
15
2
2
2
10
46
57
41
40
29
2
2
2
1
1
14
53
57
42
54
38
3
2
2
2
2
1
1
2
11
46
55
53
50
26
3
2
2
2
2
2
2
12
59
71
25
24
6
2
2
2
2
2
2
2
2
7
2
2
1
1
1
2
2
2
1
2
4
2
2
2
2
2
2
2
2
2
2
2
2
2
2
2
2
2
1
8
27
9
18
24
24
28
2
2
1
2
1
1
2
47
31
61
42
8
2
2
1
1
1
1
1
1
1
17
24
46
31
39
15
13
2
2
1
1
1
1
1
1
36
36
69
18
31
28
4
2
1
1
1
1
1
1
2
39
60
39
53
36
46
7
3
2
1
1
1
1
1
1
1
21
68
79
68
46
64
85
44
6
8
2
2
2
2
7
8
2
2
2
20
64
64
52
58
44
62
32
27
3
2
2
2
2
2
13
2
24
61
50
55
39
37
32
33
22
43
4
2
2
2
2
