4
7
2
2
2
2
2
4
41
42
63
49
33
25
3
2
2
2
2
2
2
26
44
73
44
64
47
8
3
2
2
2
2
2
2
15
51
58
78
38
13
3
3
11
2
2
2
2
2
4
42
42
64
61
35
6
3
2
2
2
2
5
2
2
26
88
68
71
16
6
3
2
7
2
2
2
2
2
2
2
2
11
62
70
54
47
46
4
3
2
2
2
13
57
62
28
53
14
3
2
2
2
2
2
2
4
16
68
56
52
73
14
3
2
16
2
2
2
2
18
100
38
30
35
18
21
3
2
2
2
2
2
2
8
3
2
2
2
2
2
2
2
2
2
4
2
1
2
2
2
2
2
1
1
2
2
2
2
2
2
2
2
1
15
8
24
16
19
21
34
2
2
2
2
2
2
5
45
45
54
26
6
2
2
1
2
2
2
1
2
2
21
27
39
56
33
30
4
2
2
2
2
2
2
2
2
29
23
47
56
29
13
4
2
2
2
2
2
2
2
8
49
35
58
51
59
22
6
7
16
2
2
1
2
2
2
2
28
42
52
40
67
69
49
27
6
7
2
2
2
2
2
2
2
2
2
50
35
36
49
69
76
51
24
9
3
2
2
2
2
2
2
2
39
27
67
42
64
37
59
39
21
13
3
2
2
2
2
