3
2
2
2
2
1
2
9
54
49
71
36
61
19
3
2
2
2
2
2
2
46
56
50
36
55
30
3
3
2
2
2
2
2
2
16
75
66
47
72
33
3
8
2
2
2
2
2
2
2
100
50
48
56
24
6
2
2
2
2
2
2
2
23
27
33
42
49
41
14
2
2
2
2
2
2
2
2
2
2
2
5
53
48
55
84
27
18
2
2
2
2
7
43
57
54
52
29
3
2
2
2
2
2
2
2
3
53
48
59
82
17
3
2
2
2
2
2
2
16
50
27
41
19
4
2
2
2
2
2
2
2
2
7
2
2
2
2
2
2
1
2
2
1
5
1
1
1
1
1
1
1
1
1
1
1
1
1
1
1
1
1
1
6
14
18
20
39
34
18
2
2
2
1
1
2
2
35
65
91
54
10
2
2
1
1
2
2
2
1
2
14
27
65
48
27
21
4
2
2
2
2
2
2
2
2
27
32
53
71
29
49
7
2
2
2
2
2
2
2
2
23
60
51
60
68
26
29
5
3
2
2
2
2
2
2
2
26
55
47
71
70
75
64
23
14
9
3
3
2
2
14
4
2
2
2
31
56
50
75
42
46
59
78
43
3
2
2
2
2
2
2
2
31
55
34
72
65
47
73
29
63
30
3
3
2
2
2
