61
54
55
43
56
88
37
41
62
51
48
52
59
61
33
75
50
38
39
37
65
40
56
58
100
48
66
100
88
52
90
100
90
36
54
62
72
44
34
37
47
47
49
48
50
48
50
57
48
48
47
59
54
43
45
51
65
64
61
78
47
55
53
56
54
49
54
42
68
36
35
45
45
43
37
59
100
90
100
60
46
76
56
44
50
62
49
69
78
62
72
79
79
57
54
61
71
58
59
61
63
65
67
61
54
72
46
73
68
57
58
62
53
49
55
61
55
60
57
90
78
69
78
64
79
100
100
80
83
82
88
100
100
100
100
80
80
79
72
76
77
73
75
87
100
100
75
71
81
75
75
66
69
67
75
83
78
83
95
91
100
92
100
100
100
100
100
100
79
86
97
79
91
71
75
100
71
100
100
97
96
77
67
100
97
80
100
100
72
75
76
69
68
100
100
95
100
78
72
70
82
63
87
71
68
84
74
100
100
84
61
51
80
73
52
97
77
69
100
85
68
64
64
61
66
94
73
93
67
73
74
74
79
86
97
86
75
89
100
54
43
56
51
47
54
78
73
59
63
59
61
80
69
61
91
81
69
54
49
70
65
48
55
56
74
56
50
51
55
52
100
62
51
76
65
62
59
62
69
80
76
70
65
54
74
47
54
100
