11
9
2
3
2
2
2
24
48
72
43
27
72
55
4
3
2
2
2
2
2
43
45
58
57
30
37
29
4
2
2
2
2
3
3
29
79
20
37
100
37
4
20
4
2
2
2
2
2
6
82
19
55
60
30
6
3
2
2
2
2
2
2
2
52
33
60
42
41
32
4
4
4
4
18
2
2
2
2
2
2
21
71
24
40
36
25
3
3
2
2
2
32
52
40
41
44
14
5
2
3
4
3
2
2
16
24
60
60
98
39
30
4
3
3
3
4
4
2
22
48
34
31
23
13
3
3
4
3
5
4
6
3
9
3
3
3
2
2
3
2
2
2
2
3
2
2
2
2
2
2
2
2
2
2
2
2
2
2
2
3
2
2
3
15
21
21
18
39
21
7
2
2
2
2
2
2
17
55
55
34
8
2
2
2
2
2
2
2
2
2
5
74
31
20
30
12
4
3
2
2
2
2
2
2
2
8
36
32
49
30
9
4
3
2
2
2
2
2
2
2
30
62
64
72
33
51
40
3
3
2
2
2
2
2
2
2
9
68
36
66
35
56
57
12
8
7
3
2
2
2
2
2
2
2
2
17
44
66
55
65
84
58
25
14
4
3
3
20
4
3
2
2
16
47
30
57
64
82
17
29
24
31
11
3
3
2
2
