80
76
100
80
76
77
53
62
69
73
46
85
86
50
51
64
100
41
69
62
32
56
41
41
56
81
66
90
37
41
34
33
72
100
57
100
75
100
83
89
90
86
95
94
100
100
99
95
100
100
100
96
97
100
100
100
100
100
77
82
85
74
100
100
100
89
77
83
85
78
100
100
100
100
100
100
97
97
100
100
100
100
100
100
97
100
91
96
100
100
100
100
100
72
100
100
100
100
99
82
100
100
88
92
97
59
100
85
68
70
67
60
62
73
85
100
100
80
100
100
100
92
50
92
100
92
92
96
94
58
74
58
66
84
56
42
63
69
75
74
54
56
58
60
100
94
100
100
100
25
100
63
34
75
65
59
76
84
49
60
45
72
63
98
33
39
51
61
53
39
55
45
86
53
26
54
61
45
88
67
80
64
92
91
91
99
83
83
61
68
82
91
80
69
60
65
79
73
88
100
81
56
74
56
54
46
59
71
94
96
76
69
54
100
100
100
60
79
89
85
100
62
73
63
57
94
96
95
96
73
89
100
66
74
77
100
100
89
66
66
74
65
70
80
68
73
76
77
83
96
56
73
37
67
89
62
66
100
39
53
100
58
56
71
72
73
69
88
98
96
54
51
65
93
100
100
84
48
61
86
78
95
100
98
59
71
67
88
