37
43
32
34
33
34
34
40
32
33
33
33
33
38
32
33
32
32
31
41
34
34
32
32
34
33
33
31
36
35
30
29
28
34
38
25
29
29
26
27
26
25
25
24
31
23
23
22
23
22
22
25
25
23
18
18
17
19
18
23
17
20
30
17
26
16
16
15
16
24
17
15
15
15
14
15
14
15
14
15
20
33
21
15
14
14
14
13
12
13
14
14
14
14
14
40
14
14
13
14
17
13
13
13
24
19
16
20
20
15
14
14
15
13
14
13
14
14
14
14
26
19
11
12
13
12
12
16
16
12
14
14
14
14
22
14
14
14
14
15
13
14
14
14
15
16
21
15
15
23
20
24
17
29
18
17
19
19
19
21
24
33
27
33
35
36
33
54
33
34
32
35
39
34
35
36
41
43
37
37
38
37
38
38
40
39
39
40
42
47
39
39
43
48
44
50
47
44
45
46
52
54
46
46
51
49
61
52
63
56
52
53
66
52
51
51
56
50
70
72
81
72
71
84
74
75
71
70
69
70
88
65
51
51
44
44
44
45
45
47
48
48
53
57
64
46
47
48
49
48
49
52
70
55
53
48
62
55
63
59
52
52
52
54
51
49
50
57
56
56
60
60
83
56
61
63
89
93
85
88
95
92
91
94
91
82
74
74
