34
34
35
41
36
39
39
38
35
35
34
37
33
35
38
36
39
36
32
35
36
40
37
35
35
37
35
40
36
33
34
39
42
34
29
30
29
29
30
41
29
26
27
27
29
29
24
22
27
39
24
26
27
46
26
21
22
23
19
26
19
18
18
18
18
17
18
17
17
18
17
17
18
17
17
18
17
17
17
34
17
17
23
18
17
15
16
16
16
16
16
16
15
25
16
16
18
17
16
17
28
30
22
14
13
23
14
17
29
18
14
26
14
13
14
30
15
20
14
15
15
16
15
16
15
15
16
16
15
17
18
18
19
19
17
18
18
18
19
18
20
22
30
26
19
19
19
20
20
31
25
21
21
23
22
23
21
20
21
32
28
32
32
32
46
40
38
39
35
47
60
57
55
46
43
39
40
41
43
40
41
42
45
46
53
46
46
57
61
44
44
50
48
59
57
47
53
53
55
54
55
59
61
54
65
53
51
52
53
65
58
59
57
59
61
54
54
60
76
71
70
79
72
74
78
88
75
71
77
71
71
67
53
54
59
51
51
55
51
54
50
48
50
51
52
52
57
56
58
71
53
57
54
58
65
59
58
55
55
53
72
56
57
64
53
54
58
65
70
67
62
76
63
66
70
71
77
81
75
73
76
76
79
79
78
73
74
73
