39
40
38
42
42
39
39
46
43
41
42
40
41
37
40
44
41
37
50
38
38
39
40
39
42
46
37
38
36
44
49
35
35
38
34
32
31
30
32
32
32
29
33
29
27
28
29
28
31
27
25
27
33
46
40
23
23
24
23
34
24
25
22
20
20
20
20
20
20
20
19
21
20
21
20
20
19
21
19
20
19
18
33
16
16
16
15
16
15
15
15
16
16
16
15
16
15
15
15
15
41
22
16
31
17
17
19
18
38
22
15
15
14
15
14
15
15
15
15
22
15
21
15
15
15
14
15
16
16
17
16
17
16
16
17
18
16
18
18
22
18
18
23
18
19
20
29
22
22
22
22
22
24
24
24
25
25
26
26
29
29
33
33
35
36
36
36
40
39
39
39
39
55
43
41
42
41
44
45
51
42
42
41
43
42
43
44
45
49
46
46
44
51
54
65
49
48
49
49
49
73
51
52
55
65
60
53
57
61
61
62
60
61
59
63
58
55
57
73
75
74
76
84
79
77
94
83
83
74
77
72
66
53
53
50
49
50
49
49
50
50
54
51
54
66
64
63
65
65
66
68
70
73
72
73
69
65
71
71
70
70
71
73
69
71
71
66
92
84
76
80
86
79
84
89
88
96
98
88
91
90
93
94
89
89
94
91
95
