43
46
38
42
40
44
41
44
45
52
41
48
41
41
40
53
41
43
50
43
45
53
45
45
39
40
42
39
41
41
36
36
35
37
35
37
38
36
42
36
33
32
31
32
38
31
31
33
31
29
34
33
30
26
25
25
23
24
24
23
22
22
21
24
20
20
21
19
21
20
21
19
18
18
17
20
18
20
35
18
19
17
19
19
19
17
17
17
16
16
20
17
23
17
16
17
17
17
16
30
15
17
18
17
18
16
19
18
18
20
20
19
17
17
32
33
17
18
27
23
17
17
17
16
18
16
17
18
17
18
21
17
28
18
37
17
17
18
18
19
18
18
20
21
46
19
24
21
21
21
20
20
22
23
25
28
22
23
27
27
31
35
34
35
37
38
42
45
51
44
41
47
43
43
53
49
46
50
51
52
54
48
65
57
48
49
52
49
54
51
50
55
62
61
53
52
54
55
71
58
72
56
55
56
57
59
69
71
62
63
67
63
60
67
66
62
65
68
95
100
95
100
99
100
99
100
95
94
97
98
98
88
64
69
72
70
66
62
64
65
64
64
68
64
60
59
61
64
61
68
63
68
69
61
59
59
63
70
63
65
68
70
67
61
63
61
72
67
71
69
74
75
73
80
85
83
84
80
84
85
77
76
78
78
81
100
92
78
