37
39
43
43
39
41
39
38
39
37
40
43
38
40
39
39
40
38
39
45
43
40
39
39
40
38
44
45
47
41
38
37
39
35
36
34
46
30
30
31
33
32
31
31
31
32
37
30
31
42
27
27
27
30
26
25
24
43
24
30
22
22
21
20
18
18
18
18
18
17
17
32
23
16
15
25
16
15
15
16
18
15
19
17
16
15
15
14
14
13
14
15
14
15
16
15
14
15
15
16
21
18
16
15
27
17
18
17
25
19
15
16
15
16
15
16
15
16
17
16
18
14
15
15
16
15
15
19
20
20
21
30
16
17
17
28
17
21
18
18
18
18
18
17
18
19
19
26
22
23
25
23
34
22
25
24
25
26
27
27
34
39
56
41
37
38
36
39
44
38
39
39
37
51
50
51
39
39
48
46
49
48
47
49
49
47
50
48
48
49
49
51
52
57
60
53
54
54
56
57
54
52
51
53
54
55
51
62
63
66
86
58
62
59
59
58
61
54
75
82
77
78
79
81
79
81
75
77
83
85
82
72
57
54
54
54
54
54
53
54
73
63
56
58
54
52
54
55
68
88
63
68
62
62
65
55
63
66
68
65
64
67
70
70
72
69
67
77
75
77
80
86
88
87
88
89
93
91
91
91
92
96
97
100
100
100
100
100
