43
45
42
42
44
48
48
46
44
44
45
44
45
40
44
45
47
41
44
41
44
48
44
43
46
38
41
42
42
44
42
36
34
36
37
36
31
38
34
33
33
34
35
38
36
32
31
29
32
30
28
29
30
27
24
23
22
23
23
22
22
22
20
20
19
19
22
17
17
17
16
17
16
20
16
16
15
15
16
16
17
15
15
14
15
16
15
15
14
14
14
33
14
15
15
14
17
34
15
14
15
14
14
19
15
14
17
19
19
26
23
13
13
13
12
14
14
15
15
24
28
15
16
17
17
17
17
21
18
19
19
19
19
19
19
24
27
20
20
19
23
20
20
21
23
22
23
23
23
27
23
22
46
24
25
24
25
31
24
25
36
40
43
42
48
43
44
45
47
62
44
45
49
48
47
48
49
53
72
51
49
50
51
52
53
55
61
55
54
55
55
57
62
54
62
68
58
61
64
58
62
63
63
71
67
67
66
69
71
73
72
71
73
71
74
69
70
67
96
99
99
96
97
96
93
97
91
94
94
95
98
89
65
68
63
63
64
65
75
68
63
64
64
67
68
65
67
68
66
72
68
69
74
67
65
67
68
69
68
67
67
69
70
66
70
66
66
74
74
78
78
82
96
95
88
87
91
87
85
91
100
93
89
87
88
91
90
91
