47
51
52
50
64
54
52
54
55
51
50
50
50
48
54
51
58
50
50
51
57
74
52
50
51
47
54
56
50
47
46
47
49
45
42
42
38
38
38
40
44
40
48
37
36
35
36
35
41
38
31
32
45
41
28
28
25
26
27
41
41
25
62
28
22
25
23
22
22
21
21
21
21
30
22
27
22
19
19
20
19
18
28
21
19
16
17
17
16
16
16
16
17
16
16
17
19
20
16
28
32
16
20
18
18
19
18
19
33
17
17
17
19
16
16
17
17
25
17
17
18
18
20
19
33
17
17
19
20
21
22
20
20
20
20
21
20
21
24
22
22
23
24
23
24
26
26
28
27
27
31
29
34
28
36
34
32
30
30
31
46
53
53
56
56
55
53
60
55
56
57
63
61
62
63
64
63
65
67
61
65
61
63
67
66
65
66
76
71
71
69
68
68
77
83
69
71
73
79
77
76
75
82
82
99
82
80
84
89
93
91
86
92
100
97
91
92
88
100
100
100
100
100
100
100
100
100
100
100
100
100
100
86
79
77
77
78
76
81
77
78
81
84
81
78
95
79
83
88
90
82
85
82
81
81
78
83
83
83
82
85
88
84
83
84
100
84
98
96
100
93
97
97
100
100
100
100
100
100
100
100
100
100
100
100
100
100
100
