40
42
45
47
46
50
49
48
46
52
47
46
49
49
48
48
47
44
42
43
46
46
46
43
42
41
44
44
42
41
40
42
41
44
41
37
36
34
35
36
36
36
33
33
30
32
30
27
32
31
27
27
26
27
23
37
22
25
23
23
22
21
23
22
39
17
18
16
18
17
15
16
15
15
15
29
15
18
16
17
15
14
17
16
17
15
18
20
14
15
15
13
14
14
14
13
13
13
14
15
19
14
14
22
15
20
17
20
19
21
14
13
13
13
14
14
13
13
13
16
14
14
16
17
16
15
18
19
21
19
19
20
20
20
20
21
26
21
26
22
22
21
21
22
22
21
22
24
23
23
25
24
27
25
25
26
26
38
30
30
40
48
50
51
49
48
51
53
55
57
58
58
60
59
59
60
63
65
63
57
62
61
60
62
60
62
63
66
70
68
62
64
66
73
73
70
70
72
71
73
73
71
81
80
79
80
84
82
90
92
95
92
92
88
88
88
87
83
100
100
100
100
100
100
100
100
100
100
100
100
100
100
76
76
77
78
80
79
79
79
79
80
84
83
85
89
89
87
89
86
89
91
85
87
93
92
82
92
87
92
90
90
90
85
87
82
86
90
94
98
98
100
100
98
100
100
100
100
100
100
100
100
100
100
100
100
100
100
