20
19
20
20
21
26
28
27
27
27
19
19
20
19
23
20
22
19
19
19
20
21
19
19
19
16
20
20
18
17
16
14
14
14
13
12
12
13
13
13
13
12
11
11
11
11
11
11
19
14
13
15
14
14
14
14
13
16
16
15
15
14
12
13
13
12
12
11
10
9
9
10
9
8
8
7
8
9
9
9
9
8
9
9
9
8
8
8
8
8
7
8
7
7
7
7
7
5
7
7
7
6
4
5
5
5
6
8
8
8
8
7
8
8
8
8
8
7
8
6
7
8
8
9
9
9
9
9
10
9
10
8
8
7
7
6
8
8
8
8
9
8
8
8
10
11
11
12
12
12
13
12
11
12
12
13
14
12
13
15
15
14
15
14
15
15
14
16
17
16
16
16
16
16
16
17
17
18
20
19
18
19
20
20
19
19
20
19
19
20
20
20
19
20
20
20
21
22
17
73
26
25
22
21
22
22
23
23
26
26
26
27
27
26
24
25
24
23
50
49
48
48
47
47
48
47
47
46
47
46
44
37
28
19
20
19
20
21
19
19
20
19
20
21
21
20
20
20
20
20
21
20
20
21
20
20
21
21
21
21
21
23
22
20
22
21
21
23
26
27
28
29
29
30
30
31
32
33
34
34
35
36
36
34
34
34
34
34
