24
24
25
25
25
26
25
25
25
25
23
23
22
20
24
24
24
22
22
25
25
26
24
23
22
19
23
24
22
21
19
17
17
17
16
16
15
15
16
16
15
14
14
13
13
13
13
12
22
16
15
17
17
16
16
16
15
18
18
17
17
15
14
14
14
13
14
13
12
11
11
11
10
10
9
8
9
10
9
10
9
9
9
10
9
8
9
8
9
9
8
8
8
8
7
7
7
6
7
7
7
6
4
5
5
5
6
9
9
8
8
8
9
9
9
9
9
7
9
6
7
8
9
9
10
10
9
9
9
8
8
8
8
7
7
6
8
8
8
9
9
8
8
8
10
12
12
13
13
13
13
13
11
12
12
14
14
13
13
15
16
16
16
15
16
16
16
16
17
17
18
17
17
18
18
19
19
20
21
20
19
20
39
43
22
20
21
21
22
22
22
21
21
21
21
21
23
24
19
64
28
27
25
25
25
25
25
26
28
28
29
30
29
28
29
27
26
25
54
54
52
50
50
51
50
50
50
51
52
51
51
43
31
22
22
24
23
23
23
21
22
22
22
22
22
22
22
22
22
22
23
22
23
23
22
23
24
23
23
23
23
24
24
23
24
23
23
25
30
32
34
35
35
36
35
35
36
38
40
40
40
40
39
38
37
37
37
36
