59
63
63
62
64
67
66
69
66
69
76
73
70
63
65
71
70
69
65
66
67
69
63
64
65
61
61
60
61
61
61
65
56
72
56
54
56
54
59
61
61
58
55
54
51
52
53
47
50
53
45
46
43
44
43
43
39
38
42
40
46
49
47
41
44
41
41
43
44
38
40
41
42
41
38
37
35
41
33
36
40
40
46
48
51
52
49
47
36
32
35
37
37
44
45
39
37
30
33
29
27
26
26
28
29
32
32
31
32
31
31
25
25
28
38
34
29
26
25
29
29
28
31
26
31
31
37
39
40
36
36
37
32
29
37
40
36
34
35
31
38
38
36
33
36
38
39
41
42
42
38
43
43
42
43
44
34
45
48
47
45
46
44
48
49
49
52
52
49
52
54
48
46
43
40
46
46
48
48
48
49
45
44
44
45
49
47
51
52
51
52
51
46
52
50
57
62
60
56
58
58
63
71
66
61
60
61
61
67
70
69
74
73
71
68
68
67
69
76
75
85
86
83
85
79
79
77
77
79
84
82
76
77
79
77
70
76
74
78
75
71
70
72
72
73
81
79
78
72
77
74
74
67
65
66
66
66
70
74
73
75
73
69
63
58
54
54
53
57
56
56
57
56
65
72
66
68
67
67
65
69
70
72
74
71
71
70
69
