17
16
16
17
17
17
18
19
19
19
18
18
18
15
15
16
15
16
15
17
15
17
17
17
16
16
17
14
14
13
13
13
12
12
12
12
10
10
9
12
13
12
12
11
12
12
12
11
11
10
13
19
19
21
20
19
15
19
20
19
18
18
17
19
21
21
21
21
20
17
18
20
20
18
16
15
16
17
18
18
19
19
19
20
21
19
19
18
19
19
17
18
20
19
19
18
19
13
16
16
15
14
11
12
13
13
14
19
21
20
21
19
21
20
19
21
19
18
19
14
15
18
20
22
21
20
19
19
20
20
21
18
16
16
14
13
16
17
16
16
18
15
15
14
18
22
21
23
23
24
24
23
19
20
21
23
23
21
21
24
34
45
48
47
47
45
44
50
54
53
49
46
49
44
46
48
48
49
56
54
46
47
49
49
43
46
53
54
53
73
53
41
32
34
34
34
35
34
33
33
33
35
35
34
32
35
35
37
38
38
38
39
39
37
36
35
35
36
41
43
41
41
44
45
47
43
42
43
41
43
41
39
33
33
32
33
35
37
34
34
36
39
37
35
33
32
32
33
35
34
35
34
32
35
34
33
32
32
33
33
32
34
35
34
31
30
28
35
34
32
34
33
35
38
39
39
43
43
41
43
44
46
45
42
41
41
39
42
