36
36
37
37
36
37
35
36
35
35
35
36
36
36
36
37
37
36
35
37
36
36
37
37
36
36
37
37
38
38
38
38
38
37
36
36
37
36
37
36
35
34
35
35
34
34
35
36
34
35
35
35
35
35
35
34
35
34
34
34
34
35
35
36
35
35
34
35
34
33
34
33
35
35
34
34
33
33
34
34
33
34
33
33
34
34
34
34
34
34
35
34
34
34
34
36
35
34
35
35
35
35
36
35
34
35
35
35
35
37
36
35
37
36
37
46
46
50
44
44
44
41
37
37
38
37
37
37
38
37
37
37
38
37
38
38
38
37
38
37
37
37
37
37
38
38
39
37
36
38
41
38
37
39
40
39
38
38
38
38
38
39
42
39
40
40
40
41
42
40
40
39
41
40
40
41
40
41
40
40
40
41
40
40
40
41
43
41
41
41
40
41
40
40
41
41
40
41
41
42
41
42
43
43
43
40
43
42
43
43
43
42
41
41
43
42
43
42
41
41
42
42
43
43
42
43
41
41
42
42
41
42
40
41
42
43
42
41
42
41
44
44
41
40
40
41
43
43
42
42
43
44
45
44
44
41
38
39
41
42
39
40
39
39
39
40
40
39
38
38
38
37
37
40
39
39
39
38
38
38
36
37
37
37
37
37
39
38
