27
24
28
26
23
23
28
30
25
27
25
24
23
23
20
22
24
26
29
28
28
27
24
24
24
25
26
28
26
24
26
26
27
23
24
23
25
28
22
24
22
23
22
21
27
26
24
25
23
18
26
25
25
24
28
24
28
25
29
24
25
23
21
24
27
22
23
24
28
24
24
26
29
24
25
25
21
23
30
26
24
24
24
27
20
17
15
21
24
22
21
24
24
30
22
23
23
23
24
21
27
29
24
30
25
24
22
13
28
22
23
24
24
25
24
22
28
23
24
26
25
25
17
23
26
25
22
21
24
23
20
18
22
21
23
20
22
22
20
23
23
15
23
24
24
26
22
25
22
23
25
26
18
22
24
21
27
20
19
22
23
27
23
27
25
12
21
23
27
22
19
23
18
18
26
25
25
21
22
23
23
24
23
27
26
25
26
24
25
25
25
26
23
22
23
23
23
21
23
23
23
25
19
20
21
24
24
29
27
16
19
21
23
22
22
26
24
24
23
16
22
17
24
23
22
26
24
25
25
28
24
25
24
26
27
28
26
23
19
24
24
21
23
25
22
21
17
21
20
25
24
22
23
25
27
28
25
27
23
23
22
23
24
28
25
25
26
25
26
25
24
25
29
27
20
25
20
20
24
27
20
24
22
21
21
22
24
21
