25
24
24
26
21
22
24
22
20
22
15
22
18
18
22
21
25
29
25
20
26
21
23
22
26
19
28
34
29
26
30
27
25
25
25
25
23
30
26
15
26
25
27
24
29
27
27
25
25
21
25
26
28
26
23
24
25
27
24
24
24
25
22
21
29
26
24
22
24
25
29
26
30
25
26
24
25
23
28
25
23
25
22
18
20
19
16
19
23
20
19
26
23
24
25
25
24
23
23
18
25
23
24
25
22
23
21
21
26
22
24
29
29
29
24
21
28
26
25
26
25
26
24
24
29
28
21
18
23
24
23
24
20
22
24
22
26
23
22
28
23
26
26
25
26
24
22
26
27
27
27
26
26
24
23
21
23
23
19
23
24
24
27
15
23
24
22
22
26
21
21
20
17
23
24
26
22
21
21
22
22
24
23
23
24
28
24
29
26
22
28
25
25
24
26
25
27
24
26
19
19
25
20
21
25
22
21
26
20
18
28
26
24
29
25
32
26
29
14
15
23
26
26
20
28
25
28
20
29
20
26
22
25
23
28
26
23
29
28
32
28
30
23
21
25
22
24
29
27
32
27
25
29
32
30
31
30
28
27
25
27
29
18
23
30
29
26
28
27
29
28
26
31
27
20
22
19
22
22
27
22
23
21
18
20
18
19
21
