90
84
86
100
86
85
92
91
84
87
86
85
87
88
92
79
81
84
80
83
85
81
92
87
87
89
91
87
95
100
96
90
89
96
85
80
82
90
90
80
83
67
67
56
56
55
70
60
57
52
50
50
52
52
54
45
48
53
46
48
49
49
47
38
38
36
36
33
29
29
25
25
23
22
19
19
18
19
18
16
20
15
16
15
16
15
14
13
14
15
12
11
11
10
11
10
10
9
10
9
9
9
9
8
9
8
12
10
9
8
8
8
9
9
9
9
10
10
13
9
11
12
13
11
14
14
19
16
19
17
17
18
19
20
20
22
25
23
25
26
26
27
32
30
33
32
38
42
40
47
50
45
48
48
54
63
70
57
68
71
61
61
68
71
77
79
74
76
77
75
72
73
72
75
73
73
70
67
70
67
62
69
68
68
73
94
89
84
85
86
91
89
90
93
98
100
96
96
95
95
94
100
98
95
99
100
98
92
95
99
98
100
98
100
91
94
90
94
96
100
100
98
97
91
96
85
85
83
94
97
100
100
93
92
89
95
84
91
94
91
92
92
94
97
93
98
82
90
90
92
89
95
92
95
93
99
99
99
99
96
99
99
100
95
100
97
100
99
98
100
100
99
99
93
95
95
88
95
97
100
92
100
100
100
95
100
94
94
