83
75
82
93
86
96
86
75
76
81
89
82
82
85
83
89
85
83
76
84
76
83
78
77
75
73
78
92
88
91
92
100
88
86
83
84
88
80
79
91
80
77
77
78
94
88
98
91
96
91
88
90
96
86
85
78
79
81
85
78
80
81
83
80
75
75
75
73
75
79
75
77
77
81
77
79
77
75
75
73
73
74
79
77
95
97
94
95
87
91
84
84
87
88
91
90
91
94
98
95
96
100
98
92
91
86
93
84
95
87
92
88
83
80
88
83
87
80
86
82
87
86
86
88
85
80
90
97
100
100
100
96
94
94
92
95
91
94
100
96
93
95
95
98
90
98
95
97
90
95
99
100
92
90
87
93
100
100
94
88
100
99
100
97
100
100
94
98
100
94
94
86
97
99
89
90
86
99
95
95
95
94
93
100
98
96
95
85
90
87
84
90
89
90
85
93
88
89
83
85
85
81
87
83
84
84
80
86
85
91
95
88
97
86
88
89
87
96
99
94
100
97
97
95
92
94
90
94
99
88
94
89
92
89
90
84
100
87
94
86
87
84
83
87
96
88
85
93
95
95
100
100
98
98
89
89
84
87
88
92
89
93
88
91
91
92
92
85
89
91
88
87
93
99
89
88
83
86
82
87
93
87
90
92
92
92
98
95
