27
19
14
13
14
15
16
15
16
14
15
15
15
18
14
13
13
19
21
22
30
35
34
34
33
29
12
14
14
12
13
12
12
14
12
21
15
17
14
16
25
34
12
27
16
12
12
12
14
32
21
13
13
25
17
12
17
29
23
27
12
23
20
14
19
12
26
14
11
11
9
10
11
11
24
9
11
13
8
7
8
10
12
15
12
12
11
15
14
23
16
16
27
10
11
10
10
9
13
29
29
9
10
10
11
19
28
12
11
11
12
12
11
10
12
25
28
11
10
13
16
14
13
13
11
12
18
23
14
14
28
14
12
15
18
27
14
19
24
30
14
14
13
13
13
13
13
12
10
11
9
11
10
11
11
10
10
11
13
11
11
10
11
20
11
21
33
29
18
11
12
10
12
11
9
11
11
10
22
20
23
9
9
10
9
9
12
10
11
9
13
12
12
11
10
12
25
12
10
11
13
13
24
29
24
10
19
24
11
11
19
23
12
13
12
28
12
13
12
13
24
13
24
20
12
13
12
22
22
19
12
17
13
14
22
14
30
19
24
15
16
12
14
15
14
12
12
13
13
13
16
12
12
26
27
14
13
15
13
12
16
14
16
13
13
16
29
25
13
19
27
11
13
16
26
14
13
14
12
22
24
13
14
14
14
13
12
12
