10
11
12
13
17
16
12
11
12
25
12
10
11
30
14
10
13
13
30
17
12
11
11
11
11
14
23
14
11
10
10
11
21
17
11
23
12
12
10
9
11
9
10
11
10
21
10
20
11
10
11
10
10
12
23
30
13
21
26
20
9
9
11
22
11
9
8
12
21
10
21
19
15
13
8
7
8
9
6
6
14
10
19
47
13
18
11
11
11
18
24
9
9
17
10
7
7
8
8
8
10
15
15
20
10
12
14
10
9
10
10
9
9
11
12
30
12
10
11
22
9
10
11
12
29
12
13
13
20
19
13
12
13
14
15
14
14
13
12
13
12
13
12
11
14
15
14
14
11
11
9
11
21
20
9
9
10
9
16
16
10
8
10
9
22
11
9
10
11
9
9
9
11
10
11
9
27
13
11
10
9
9
9
9
10
10
9
9
9
10
20
16
12
28
20
22
11
11
10
10
13
12
13
27
30
12
10
12
11
10
11
11
13
20
19
9
9
10
9
9
10
12
15
15
20
11
10
11
12
10
12
9
12
17
11
11
13
13
13
10
12
13
25
24
23
31
20
10
12
11
12
29
20
22
15
14
23
12
12
10
10
10
11
22
12
13
10
10
10
10
11
11
11
20
10
27
27
11
12
10
10
9
9
11
14
24
25
18
