33
33
32
32
32
32
33
31
31
31
30
30
31
31
30
30
31
31
30
29
29
29
30
29
29
29
29
29
29
28
29
29
29
28
28
28
28
28
28
28
27
27
28
27
27
27
26
26
27
27
27
26
25
25
25
25
25
25
25
26
26
26
27
26
25
26
26
26
26
26
26
26
27
27
26
27
27
28
28
27
27
27
28
28
29
28
29
28
30
28
30
29
29
33
33
33
33
33
33
33
32
34
32
32
31
28
31
30
30
31
29
31
28
28
28
28
28
27
28
28
29
30
30
29
27
29
31
34
34
35
34
32
31
29
29
29
31
30
29
28
28
28
27
29
28
27
28
29
28
28
27
27
29
28
27
28
30
29
29
28
28
28
28
28
28
27
30
35
33
30
30
31
32
31
30
29
29
31
33
30
29
29
29
32
30
30
13
0
0
0
17
32
34
5
0
0
24
31
31
31
32
32
31
26
32
32
32
33
32
33
32
33
25
31
33
33
32
33
33
34
33
33
33
33
33
33
32
32
33
33
32
32
33
33
33
33
32
32
32
33
32
33
33
31
31
34
34
33
31
33
31
31
31
31
30
31
33
33
32
33
33
33
33
32
32
33
33
35
36
35
36
35
35
36
36
33
33
33
34
34
34
34
35
35
35
35
36
36
