24
24
24
24
25
25
24
24
24
24
25
23
25
25
26
27
27
25
24
24
24
25
26
24
24
22
24
23
24
23
23
23
23
24
23
21
21
21
21
22
22
20
21
21
20
19
20
19
19
19
19
19
19
19
18
18
18
19
19
19
19
19
19
18
19
18
19
20
19
17
17
19
19
19
19
17
17
16
16
17
17
17
20
20
20
19
17
16
15
14
14
15
14
16
15
15
15
14
16
15
14
14
15
14
14
14
14
14
14
14
14
13
13
13
14
16
14
15
13
17
18
17
16
14
16
15
16
16
15
15
21
20
16
15
15
16
16
16
16
16
17
16
15
15
15
14
15
16
16
16
15
16
17
17
18
17
16
17
18
17
18
17
16
16
17
17
17
19
18
17
18
18
18
19
18
18
18
23
24
20
19
19
19
19
20
22
23
23
25
24
23
25
25
25
26
27
27
26
26
25
25
26
29
29
27
28
30
30
31
30
31
31
31
34
30
33
31
30
31
31
31
31
30
33
33
30
29
28
29
28
29
29
30
30
29
28
29
30
30
100
53
48
28
29
29
32
33
33
32
30
33
34
33
30
30
32
32
33
33
34
35
36
34
30
30
28
27
28
28
31
33
31
29
29
30
28
28
27
28
30
29
32
30
30
31
30
30
28
