55
54
59
56
58
55
57
52
53
52
54
52
54
52
53
56
57
58
57
56
58
57
57
56
55
56
56
58
57
58
57
56
56
58
59
65
60
54
55
56
57
56
56
53
55
54
59
57
60
58
58
57
57
57
58
57
52
50
51
51
51
51
51
50
54
57
57
57
56
55
56
55
54
56
53
48
48
49
50
48
50
46
48
46
47
51
48
44
47
48
53
53
53
53
52
53
51
52
51
51
50
52
50
51
49
51
50
51
50
51
51
53
50
49
49
52
53
51
54
50
51
48
52
50
51
48
52
51
53
51
53
48
47
52
52
53
50
51
49
49
49
52
52
53
52
52
51
51
50
51
50
49
51
50
54
53
55
52
55
53
60
59
64
60
61
62
60
63
64
61
59
60
60
63
60
61
59
64
64
63
65
65
63
61
62
64
64
62
59
58
67
64
68
71
69
69
66
64
65
61
63
61
60
60
60
62
64
63
64
64
67
65
63
65
63
63
64
62
68
69
68
65
62
61
61
62
62
60
63
63
62
67
65
66
64
66
70
72
72
73
67
63
61
62
66
66
61
60
61
58
58
61
59
58
59
61
62
61
61
60
60
59
62
63
63
59
58
57
57
63
60
62
63
64
60
61
62
61
58
60
58
57
61
58
64
61
60
60
