14
17
15
16
16
18
15
17
15
16
15
17
15
16
15
16
15
17
15
16
14
17
15
16
16
16
15
15
15
15
14
15
14
17
15
14
15
17
16
17
14
16
15
16
15
15
14
14
15
15
14
15
14
15
16
15
14
15
16
15
15
16
14
16
16
16
15
15
13
15
14
16
13
15
15
14
15
16
14
14
14
14
14
15
16
16
16
17
16
16
16
16
15
15
14
15
16
18
16
19
17
18
16
14
14
16
16
17
16
16
14
16
14
16
15
15
13
16
14
14
15
17
15
16
15
15
15
16
16
18
16
16
15
16
14
15
14
15
14
15
15
15
14
15
14
15
13
15
14
15
14
15
15
15
14
17
15
16
16
18
16
18
18
17
16
16
16
17
15
18
17
17
16
20
18
18
17
19
18
17
18
18
16
17
15
17
17
17
15
16
15
16
15
17
16
18
18
20
20
21
17
20
18
19
18
19
18
18
17
17
16
16
17
18
16
16
16
17
17
17
17
18
18
19
18
16
16
17
17
17
16
16
16
16
15
17
16
17
15
17
16
17
15
18
17
17
16
18
16
17
17
17
16
17
15
16
15
16
15
16
16
16
15
15
15
16
15
16
15
15
16
16
16
17
16
16
16
18
16
17
16
17
16
16
15
15
15
16
