14
13
14
19
15
18
19
16
18
16
18
16
17
15
14
15
15
16
17
15
15
16
18
17
16
16
17
14
15
13
14
14
16
14
15
14
17
16
17
17
18
16
17
15
16
14
14
13
15
13
16
15
15
15
17
13
18
14
14
14
18
15
16
17
19
19
18
17
19
16
17
16
17
16
15
15
13
13
14
13
13
13
16
16
18
18
18
16
18
18
17
17
16
19
19
20
20
15
16
14
18
16
16
14
14
14
15
16
20
23
17
15
14
13
14
14
14
14
14
15
18
17
15
14
15
14
15
16
15
15
16
14
14
15
14
14
19
17
16
15
17
16
17
15
16
16
15
15
15
14
16
15
17
17
18
17
17
18
17
16
20
18
30
24
19
17
18
18
19
16
17
16
17
17
19
17
19
20
22
19
20
19
18
18
19
17
19
17
16
13
14
16
18
17
18
18
18
18
19
16
15
15
16
15
16
14
19
16
20
18
19
17
18
17
20
19
19
18
17
18
19
19
19
18
18
17
19
16
17
16
16
17
17
14
16
16
17
16
16
17
19
19
18
18
18
17
18
17
19
17
17
16
17
15
16
15
18
16
18
17
18
17
18
17
17
14
14
17
19
15
19
15
15
17
19
17
17
17
17
16
18
17
18
16
17
15
16
16
