24
24
23
25
22
24
25
22
22
24
20
25
22
23
22
22
22
21
22
22
24
24
22
23
22
24
22
24
21
24
22
23
23
23
24
21
22
23
23
24
21
24
21
24
20
24
20
24
21
24
20
24
20
22
21
22
22
21
23
23
22
23
20
24
22
22
22
22
23
22
23
23
21
23
21
25
21
24
21
23
22
22
22
22
24
22
24
24
21
25
22
24
22
24
22
24
22
25
21
25
23
23
24
22
23
23
23
23
23
23
24
22
24
24
22
23
22
23
21
25
22
23
22
25
22
23
23
23
25
25
23
24
23
26
22
24
22
24
22
22
23
23
23
22
25
25
21
25
22
24
22
25
21
26
22
25
23
25
24
24
24
24
26
25
25
27
23
27
24
26
25
28
24
27
24
26
25
26
26
26
27
25
27
27
25
27
25
27
26
27
25
27
24
29
25
28
28
28
30
27
26
26
25
27
25
26
25
27
24
28
23
26
24
24
25
24
24
25
28
27
24
28
24
27
24
28
23
28
25
26
24
26
24
25
27
25
29
29
25
27
24
26
24
27
24
27
26
25
25
25
24
24
26
25
23
26
23
26
24
27
23
25
25
25
24
23
23
25
23
26
24
27
24
27
24
25
24
24
25
23
24
25
27
25
24
25
24
25
