6
5
6
6
10
36
42
5
5
5
6
6
6
6
6
10
5
5
5
6
6
6
5
8
6
7
9
5
5
4
6
7
5
7
6
5
7
6
6
7
8
6
6
10
44
39
10
6
6
6
6
10
5
5
5
5
6
6
6
19
42
46
8
8
6
9
6
6
5
5
6
7
6
7
6
7
6
4
5
7
6
7
5
5
7
5
17
39
42
8
10
6
5
7
25
6
6
6
5
6
5
6
5
6
7
5
7
5
6
6
6
7
6
21
46
38
10
7
5
7
6
7
5
5
6
4
7
7
6
6
5
6
7
7
8
7
6
6
30
51
42
46
8
6
6
6
8
10
7
11
47
32
7
6
5
7
5
7
5
23
39
56
28
9
5
6
6
5
5
5
7
5
6
9
7
18
42
45
5
7
7
6
5
5
5
5
19
48
38
4
7
5
4
6
5
6
5
5
7
5
4
6
4
3
3
2
2
2
2
2
3
3
3
2
2
3
2
3
5
3
3
3
3
3
3
3
3
18
24
3
3
3
2
3
3
3
3
2
7
3
3
3
3
3
3
3
3
3
3
3
3
3
3
3
6
3
3
3
3
3
29
50
13
31
52
41
54
16
4
3
4
3
3
3
21
34
3
3
3
3
3
3
3
2
2
2
2
2
