66
63
61
70
74
72
72
71
69
72
71
69
71
64
68
67
65
68
66
68
70
74
77
72
70
65
71
67
68
67
65
64
66
61
57
54
56
50
53
50
48
50
46
43
43
45
45
44
45
42
40
40
40
37
36
31
30
29
29
29
29
27
25
27
26
27
26
23
24
20
19
18
19
18
17
16
17
16
15
14
14
15
15
14
15
15
13
12
12
13
11
11
12
11
11
11
12
10
10
10
9
11
10
9
8
9
9
10
10
11
9
10
9
8
10
8
9
9
10
10
12
11
10
11
11
11
11
10
12
12
11
12
12
13
12
14
14
13
16
15
16
16
17
17
19
19
20
21
21
20
24
23
24
25
24
25
26
28
29
29
27
30
31
33
36
35
37
36
38
39
40
40
40
47
42
44
44
48
50
50
52
48
46
44
48
50
47
47
47
47
49
49
49
54
54
53
54
54
52
57
58
59
61
62
57
61
65
66
69
72
70
69
64
64
67
69
70
63
68
66
66
72
67
71
70
68
64
60
59
62
65
68
64
61
59
62
64
61
62
65
66
65
65
65
68
61
57
62
64
60
63
62
65
71
63
67
67
72
75
73
73
73
76
69
65
68
66
67
71
72
75
77
75
81
89
94
90
93
85
86
91
92
89
86
90
92
85
85
