72
75
69
78
74
78
70
75
71
69
71
70
69
67
70
69
67
69
68
71
71
70
69
70
64
67
69
67
66
65
63
64
61
63
56
55
48
50
51
50
50
47
44
43
43
42
42
43
41
42
39
38
37
35
34
31
30
30
30
28
27
27
25
24
25
23
22
22
21
19
18
18
17
18
17
15
16
16
15
14
13
12
14
13
12
12
13
12
11
11
11
10
10
10
11
10
9
9
9
9
11
12
11
9
9
10
9
11
12
10
9
9
9
9
9
9
9
10
9
10
9
10
10
10
10
10
10
13
13
13
14
13
12
12
14
13
14
15
15
15
16
18
17
18
18
20
20
21
21
22
23
23
25
26
27
27
26
28
30
29
28
29
32
33
35
33
35
39
39
37
41
40
44
47
40
42
44
47
51
47
46
50
47
50
49
49
50
49
50
51
48
50
43
48
49
50
49
52
54
56
58
58
61
64
59
62
62
61
65
71
74
74
72
68
67
68
64
63
68
68
66
70
70
71
70
64
63
60
56
61
64
61
61
64
60
60
67
61
61
62
60
63
63
68
65
61
57
62
63
62
62
62
63
68
63
66
68
66
71
70
71
73
77
69
63
67
68
70
71
77
79
80
74
81
86
87
88
94
88
90
92
93
91
88
94
89
86
85
