68
66
65
71
76
74
71
71
67
67
69
66
66
64
70
71
69
69
68
72
74
74
73
74
70
71
75
69
70
68
59
66
66
64
59
59
54
53
54
52
51
48
49
44
44
48
46
47
45
44
42
38
40
36
37
32
31
31
31
31
29
29
27
29
25
26
24
23
22
22
19
20
18
19
18
17
16
16
15
15
14
14
15
14
14
15
12
12
14
12
12
12
12
11
11
11
12
10
10
10
11
10
10
10
9
11
10
10
10
10
11
10
10
10
10
11
10
10
10
10
10
12
11
11
11
11
11
11
11
11
12
12
12
12
14
14
17
15
15
17
16
17
17
20
22
20
20
19
21
21
25
22
23
25
25
24
26
28
29
29
28
30
34
32
35
34
36
37
39
39
39
38
41
41
39
43
44
43
45
46
45
47
45
46
51
49
50
48
52
49
49
55
48
51
50
53
51
51
52
61
59
59
65
61
59
63
64
65
68
65
68
69
68
67
66
69
68
65
72
67
69
68
65
68
65
62
62
58
60
59
62
62
61
59
59
59
63
60
60
60
62
59
61
64
64
60
59
62
69
72
73
73
75
77
70
67
67
65
71
68
69
73
73
66
66
64
65
70
70
71
77
75
72
74
83
84
88
86
83
85
88
86
88
85
87
89
83
86
