71
69
70
76
76
83
85
88
80
75
76
71
72
75
76
76
77
79
78
75
75
76
96
89
89
91
84
82
87
82
86
87
93
101
92
92
92
95
99
102
100
96
99
100
97
94
93
90
94
94
91
90
88
92
93
90
85
89
84
88
88
85
90
91
83
82
81
83
86
83
83
86
86
85
89
88
91
84
83
82
78
85
77
73
74
70
73
74
69
71
73
75
73
75
73
73
86
75
73
75
70
68
73
71
72
69
65
69
66
66
81
78
85
79
81
78
76
74
74
78
79
81
82
76
77
75
77
89
82
82
87
83
84
86
86
80
84
80
79
79
82
81
78
83
80
80
79
77
77
75
83
74
78
75
80
77
88
75
84
81
75
82
78
83
81
82
83
78
85
79
84
94
91
83
79
76
78
80
80
76
74
78
77
77
77
79
75
76
80
76
75
80
77
80
84
85
76
78
75
79
80
83
85
88
76
76
82
83
90
85
85
86
80
88
82
84
89
91
94
94
91
93
93
91
94
94
99
92
91
100
92
90
87
96
91
88
91
89
88
86
84
89
90
95
91
89
89
87
85
84
86
86
93
88
86
89
86
83
85
86
86
91
91
92
88
87
87
83
86
83
88
81
83
87
85
84
88
84
85
85
83
84
84
83
82
85
85
87
