54
53
55
54
53
54
56
55
53
54
54
55
53
54
56
56
56
57
55
56
57
54
56
56
57
54
56
56
56
57
56
56
55
55
53
54
54
54
54
57
55
53
53
50
53
51
51
48
48
51
51
50
49
47
48
43
50
46
45
50
53
45
45
42
45
42
38
36
35
33
34
35
34
34
33
32
30
30
29
28
31
28
25
24
23
25
23
0
0
0
0
0
0
0
0
0
0
0
0
0
0
0
0
0
0
0
0
0
0
0
0
0
0
0
0
0
0
0
0
0
0
0
0
0
0
0
0
0
0
0
0
0
0
0
0
0
0
0
0
0
0
0
0
0
23
31
32
33
35
36
34
35
36
37
38
39
40
39
41
42
43
44
45
46
46
47
48
48
48
48
48
49
50
50
50
50
50
51
51
51
51
52
54
53
55
53
52
54
54
55
53
54
53
53
55
54
54
54
55
55
55
55
56
56
55
55
56
55
57
58
58
58
58
58
58
60
56
57
57
57
58
58
59
58
59
60
60
60
59
59
59
59
60
60
61
61
63
61
62
61
60
62
62
62
62
63
62
62
63
64
63
62
61
61
61
62
64
62
62
62
62
62
62
60
62
63
62
61
62
63
60
61
61
60
60
58
57
56
54
57
57
57
55
54
55
55
57
54
