52
51
52
51
50
51
51
52
53
50
51
54
51
50
50
51
54
55
53
53
53
53
52
52
54
52
53
52
53
52
55
55
53
53
51
53
53
51
52
53
53
53
50
50
50
48
48
46
48
47
50
48
45
43
41
38
44
41
41
46
45
42
38
37
42
35
33
31
30
30
32
32
31
31
30
29
28
27
26
26
28
25
23
22
21
21
21
20
20
20
20
19
18
18
18
18
18
17
17
16
16
16
16
15
15
14
14
13
13
13
12
13
14
12
12
13
13
12
13
13
12
13
13
13
15
15
15
18
19
17
16
17
16
16
18
20
20
19
20
22
22
23
24
24
26
26
27
29
30
29
31
31
31
32
35
35
37
35
36
37
39
40
40
41
44
43
43
43
45
46
46
48
47
48
47
49
50
50
48
48
49
49
52
51
52
50
49
50
50
51
52
51
49
50
50
51
51
53
52
53
54
53
51
52
51
52
52
53
54
54
54
55
55
55
54
56
54
54
56
54
56
54
54
56
54
56
56
56
56
56
56
56
57
57
56
57
59
57
60
57
57
57
57
59
59
58
59
59
60
58
58
59
59
59
59
60
59
59
59
59
59
59
57
58
58
60
0
58
61
61
59
59
59
57
56
55
53
52
52
54
54
53
53
53
51
53
52
52
