51
53
53
53
51
53
52
52
52
53
56
55
52
53
53
55
56
55
53
54
53
55
56
56
55
54
55
54
55
54
53
55
55
53
54
52
51
53
53
52
52
50
51
50
50
48
48
48
49
49
53
50
46
46
45
41
46
45
43
48
50
45
43
40
44
41
37
36
34
32
35
35
36
33
31
30
0
0
0
0
0
0
0
0
0
0
0
0
0
0
0
0
0
0
0
0
0
0
0
0
0
0
0
0
0
0
0
0
0
0
0
0
0
0
0
0
0
0
0
0
0
0
0
0
0
0
0
0
0
0
0
0
0
0
0
0
0
0
0
0
0
0
0
0
0
0
0
0
0
0
0
0
0
0
23
39
41
38
41
44
43
42
45
45
44
44
47
48
46
46
48
48
48
47
48
49
50
51
50
49
50
51
52
52
53
53
52
51
52
53
53
52
51
52
52
53
52
53
54
54
55
55
55
54
53
56
54
55
55
55
56
56
55
57
57
57
56
56
57
57
58
59
59
58
60
60
60
60
59
58
58
61
60
59
59
60
60
59
61
60
59
61
61
61
60
62
63
61
63
59
61
60
59
59
60
60
60
60
60
61
61
61
60
59
60
61
60
60
61
62
60
60
60
60
58
56
54
55
55
55
55
55
52
52
54
53
53
53
