4
2
2
2
2
2
2
9
38
101
35
55
53
22
3
2
2
2
2
2
2
26
44
47
54
38
24
7
3
2
2
2
2
2
2
12
35
50
45
32
61
26
3
2
2
2
2
2
2
2
42
39
46
36
37
6
3
2
2
2
2
2
2
2
35
64
44
39
29
11
3
2
2
2
2
2
2
2
2
2
2
12
62
37
54
51
22
3
2
2
2
2
12
49
42
70
73
32
4
3
2
2
2
2
2
2
11
40
50
54
41
14
3
2
2
2
2
2
2
11
62
34
37
34
9
3
2
2
2
2
2
2
2
7
3
2
2
2
2
2
2
1
2
1
3
2
2
2
2
1
1
1
2
1
2
2
2
1
1
1
2
1
1
3
24
18
18
12
25
14
2
2
2
2
2
2
3
55
45
45
46
11
2
2
2
2
2
2
2
2
2
22
55
38
23
23
14
4
2
2
2
2
2
2
2
2
52
39
32
26
46
38
6
2
2
2
2
2
2
2
2
29
62
50
60
50
74
5
3
2
2
2
2
2
2
2
2
19
47
55
64
59
53
49
24
6
7
3
3
2
2
2
2
2
2
2
25
60
29
34
51
39
36
40
20
4
2
2
2
2
2
2
2
30
68
73
42
69
69
40
61
56
19
3
3
2
2
2
