3
2
2
1
2
2
2
10
40
38
51
53
32
33
17
2
2
2
2
2
2
43
45
52
38
38
33
3
2
2
2
2
2
2
2
13
61
54
40
32
29
3
2
2
2
2
2
2
2
2
47
53
54
41
43
5
6
2
2
2
2
2
2
2
31
70
84
35
45
7
3
2
2
2
2
2
2
2
2
2
2
14
63
32
69
51
22
3
2
2
2
2
13
64
63
58
88
46
3
2
2
2
2
2
2
2
19
76
60
41
31
31
3
2
8
2
2
2
2
13
61
80
45
18
6
2
2
2
2
2
2
1
2
7
2
2
2
2
2
2
2
1
2
2
3
2
2
2
2
2
1
1
1
1
1
1
1
1
1
2
1
1
1
10
16
10
21
17
43
8
2
2
2
1
1
1
2
67
43
57
48
14
2
2
2
2
2
2
2
1
2
21
48
23
48
23
14
3
2
1
2
2
2
2
2
2
31
35
55
42
70
17
5
2
2
1
2
2
2
2
3
74
47
54
56
61
61
22
30
14
25
3
28
9
15
2
32
4
37
38
79
70
44
63
33
5
6
4
5
2
2
2
11
2
2
2
25
27
46
59
52
69
52
64
28
3
2
2
2
2
2
2
2
13
42
29
52
77
48
43
37
38
40
17
3
15
2
2
