48
40
52
38
50
43
53
49
47
39
37
56
40
56
44
41
54
47
35
34
44
33
48
65
58
57
99
74
138
68
61
104
159
87
36
38
45
47
40
59
83
51
56
55
49
75
63
50
80
72
59
49
86
82
66
51
54
77
70
49
61
86
63
45
130
89
59
36
71
39
60
68
44
48
83
57
44
60
66
82
70
56
49
103
123
24
61
71
21
57
53
30
64
74
64
64
98
33
27
26
52
54
45
53
47
48
51
70
72
37
36
21
36
45
48
65
46
60
90
77
62
68
66
70
74
148
98
68
78
85
125
94
132
73
101
66
80
102
72
118
121
117
114
96
120
144
78
60
41
104
101
44
62
107
116
56
46
96
55
61
95
37
79
79
91
51
65
60
142
102
92
109
92
58
75
85
99
81
120
56
69
77
113
91
63
87
141
80
71
34
58
58
45
94
89
74
77
89
102
71
66
63
46
69
66
85
120
60
56
66
78
61
69
82
110
109
57
93
82
61
137
98
94
81
63
75
72
91
72
69
77
77
95
68
45
40
80
54
62
67
52
56
79
65
64
72
88
53
36
47
43
49
40
87
43
52
73
44
60
104
70
62
85
50
101
51
52
63
113
66
52
56
51
113
99
65
109
88
90
63
92
67
63
87
70
36
51
47
