3
2
2
2
2
2
2
2
43
47
56
55
54
44
5
2
2
2
2
2
2
18
71
57
37
30
24
3
2
2
2
1
2
2
2
7
51
43
39
37
19
3
2
2
2
2
2
2
2
3
41
58
84
38
37
17
2
2
2
2
2
2
2
2
26
88
72
46
29
6
2
2
2
2
2
2
2
2
2
2
2
5
61
68
37
51
46
3
2
2
2
2
8
64
47
67
42
18
3
2
2
2
2
2
2
2
6
67
69
57
42
49
18
3
2
2
2
2
2
4
43
71
34
35
6
3
2
2
2
2
2
2
2
7
2
2
13
2
4
9
1
1
1
1
3
1
1
1
1
1
1
1
1
1
1
2
1
1
1
1
1
1
1
21
13
24
28
15
35
12
2
2
1
1
1
1
6
62
42
49
41
8
2
2
1
1
2
1
1
1
1
40
58
57
55
40
23
3
2
1
1
1
1
1
1
1
40
29
22
22
34
14
4
2
1
2
2
2
1
1
9
64
28
60
41
49
45
6
3
2
2
2
2
2
2
2
2
41
70
71
36
38
59
67
41
13
8
2
2
2
2
2
2
2
2
2
53
77
49
58
53
60
81
69
33
3
2
2
2
2
2
1
2
48
44
26
39
32
44
41
53
37
19
3
2
1
2
2
