4
3
3
3
3
3
2
8
52
51
61
51
51
16
4
3
2
2
2
2
2
30
90
65
46
47
13
4
3
3
2
2
2
3
2
10
50
62
59
31
29
4
3
3
3
3
3
3
3
3
44
49
80
24
24
6
3
3
3
3
3
3
3
3
34
63
55
57
37
8
3
3
3
3
2
3
2
2
2
2
2
9
57
39
64
61
30
12
5
3
2
3
11
49
48
66
31
9
4
3
2
2
2
2
2
2
10
59
40
41
31
28
3
3
2
2
2
3
2
10
55
50
29
20
6
3
3
3
3
3
3
3
3
9
3
3
4
13
2
3
2
2
2
2
3
2
2
2
2
2
2
2
2
2
2
2
2
2
2
2
2
2
2
13
4
10
6
11
9
13
2
2
2
2
2
2
8
71
32
37
9
7
3
2
12
2
2
2
2
2
2
51
36
42
37
15
12
4
3
2
2
2
2
2
2
2
58
26
24
69
17
13
5
3
2
2
2
2
2
2
15
87
23
35
61
38
48
7
4
3
2
2
2
2
2
2
2
34
36
64
58
61
77
68
23
8
8
3
3
3
3
3
2
3
2
2
55
61
31
47
78
76
66
27
14
4
3
2
2
2
2
2
2
48
19
26
41
66
71
76
73
30
29
4
3
3
16
3
