10
6
6
6
8
8
6
7
7
5
6
6
13
5
7
9
6
7
9
7
8
6
10
12
6
6
6
13
9
6
6
6
14
8
12
5
6
6
5
10
7
5
5
6
7
6
6
5
5
5
5
6
5
18
5
5
17
5
5
5
5
4
5
5
5
5
4
6
5
5
4
4
4
5
5
4
5
4
5
5
6
5
5
4
6
6
5
5
5
5
5
15
35
29
37
18
23
21
15
20
22
20
31
19
13
18
12
11
18
15
26
19
18
24
17
12
30
22
12
21
13
24
12
15
10
14
11
9
10
12
15
10
11
7
9
10
7
12
9
7
12
10
16
13
8
7
15
11
11
21
16
14
17
11
16
16
10
17
24
12
13
10
8
11
8
7
10
15
11
9
14
9
9
16
9
11
15
13
10
33
11
10
18
13
11
15
11
9
21
10
10
13
10
15
29
20
15
11
10
24
13
9
8
11
9
9
12
10
11
22
15
10
10
10
9
12
10
11
12
9
11
21
16
12
10
10
10
10
10
9
12
22
9
8
11
10
14
20
13
14
13
11
12
22
10
13
11
12
10
11
9
14
11
10
10
10
10
10
11
10
10
10
15
13
11
10
10
10
15
12
13
12
9
9
8
19
15
12
9
9
12
8
9
9
9
16
11
8
