58
48
61
43
64
67
68
64
62
65
72
66
64
60
64
74
64
70
52
53
48
43
36
83
61
87
95
71
76
103
39
96
65
48
12
19
37
51
55
57
46
47
43
48
47
40
69
88
37
32
33
47
34
39
44
45
36
38
45
100
65
68
58
68
60
64
59
26
27
33
45
54
65
35
32
39
43
82
98
109
44
39
46
107
77
26
35
33
54
31
34
31
34
37
34
32
69
34
35
88
61
59
30
34
37
36
47
76
77
70
44
53
86
51
40
47
43
48
58
86
88
111
88
39
73
111
86
42
74
142
112
110
47
49
39
35
49
51
51
46
57
61
59
62
61
53
59
48
48
63
49
69
61
57
91
80
65
73
76
72
82
74
71
67
53
49
62
84
65
67
83
87
95
101
78
111
110
108
99
74
107
79
81
59
96
65
69
72
84
81
106
71
66
104
117
104
94
47
44
50
54
58
59
49
56
61
72
62
68
54
70
69
50
63
57
55
57
71
53
64
93
59
59
57
53
116
66
49
60
45
39
54
48
65
51
48
49
89
90
42
41
79
112
42
63
87
53
62
61
57
57
46
71
57
55
69
73
73
47
60
41
46
59
58
51
56
48
62
66
57
55
75
65
97
94
65
102
55
85
79
40
41
38
43
68
61
53
58
