4
3
2
2
2
1
2
7
28
41
82
20
38
16
4
2
2
2
2
2
2
23
44
63
29
68
40
3
2
2
2
2
2
2
2
13
74
54
47
55
36
3
2
2
2
2
2
2
2
4
60
60
84
52
39
5
3
2
2
2
2
2
2
2
44
39
57
59
35
21
3
2
2
2
2
2
2
2
2
2
2
15
64
54
28
46
19
3
3
2
2
2
20
72
78
77
59
19
3
15
3
2
2
2
2
2
10
53
48
60
73
14
3
3
2
2
2
2
2
20
45
37
67
57
6
3
2
2
2
2
2
2
2
9
3
3
2
2
2
3
2
2
2
2
4
2
2
2
2
2
2
2
2
2
2
2
2
2
2
2
2
2
2
29
20
21
15
44
40
19
3
2
2
2
2
2
9
63
62
56
24
9
2
2
2
2
2
2
2
2
2
32
28
34
74
9
26
4
2
2
2
2
2
2
5
2
64
25
26
34
30
16
4
2
2
2
2
2
2
2
26
58
53
43
88
53
35
5
3
2
2
2
2
2
2
2
2
46
45
54
79
74
74
37
9
5
17
3
2
2
2
2
2
2
2
2
45
51
83
67
66
73
41
15
6
3
2
2
2
2
2
2
2
42
21
50
38
43
46
36
43
25
18
3
2
2
2
2
