85
84
91
74
105
99
78
65
74
76
67
43
38
45
65
95
62
61
60
66
90
104
161
54
27
45
106
74
55
32
22
32
32
88
125
118
134
96
82
85
111
95
127
148
118
150
145
116
110
66
49
50
69
79
146
135
94
102
107
91
87
73
94
113
96
120
107
96
122
134
140
138
149
140
137
119
115
95
110
95
120
82
78
131
119
115
89
94
100
85
101
91
73
89
79
93
106
107
41
66
86
83
89
74
73
107
101
69
86
75
67
68
79
67
98
69
108
77
92
68
57
58
127
48
62
54
65
62
52
43
91
68
78
74
79
109
71
72
86
91
50
70
58
50
94
107
119
120
84
94
89
78
51
38
62
36
52
41
41
45
56
54
35
48
53
62
62
53
52
37
55
50
62
70
72
79
58
47
68
73
136
46
54
93
91
104
109
91
90
81
58
67
38
46
59
53
61
55
77
75
97
79
60
67
52
69
65
56
75
77
75
78
74
107
124
133
127
100
70
72
63
62
59
70
75
72
114
78
76
86
83
73
80
82
90
74
80
72
94
124
71
76
75
62
56
104
78
101
74
60
60
66
60
83
87
88
61
63
58
73
98
80
80
82
80
78
70
90
48
66
71
84
73
65
61
92
78
62
62
84
92
58
59
75
91
96
108
64
