44
49
43
45
48
44
46
49
44
46
45
49
47
46
45
43
44
44
47
44
50
43
45
44
45
41
48
46
43
40
56
42
38
49
47
46
42
37
37
43
39
36
32
33
33
41
34
33
42
33
28
29
28
33
30
45
26
26
30
27
23
22
23
23
22
21
22
21
41
21
16
18
19
17
18
18
17
21
21
15
15
14
19
15
15
15
15
16
23
14
14
17
15
15
14
14
15
15
15
15
20
16
15
16
19
16
17
16
31
17
18
16
15
15
21
15
15
16
16
16
16
16
16
17
17
17
18
18
18
18
18
18
22
17
16
18
17
20
18
17
17
21
19
18
20
19
22
21
22
22
22
25
22
22
23
23
24
25
24
26
35
37
37
38
38
41
39
41
41
46
42
42
57
46
45
49
47
46
49
46
48
49
51
47
49
52
53
49
51
52
52
50
53
58
79
56
54
56
57
58
62
64
59
60
66
64
62
69
70
65
77
66
71
69
63
64
66
61
89
90
90
93
95
88
87
95
92
88
86
88
89
81
59
62
57
61
61
57
56
59
61
61
58
61
62
62
69
71
67
68
65
67
68
64
64
62
63
74
65
65
65
68
71
63
65
65
64
82
76
77
78
82
83
83
103
94
92
93
90
91
96
92
92
118
88
94
89
95
