44
43
44
44
45
50
51
43
43
47
44
47
41
41
44
44
41
43
45
47
42
43
45
46
48
48
46
43
43
41
43
40
45
40
46
32
32
32
32
35
35
36
32
31
35
36
30
29
35
35
28
30
39
30
25
28
23
26
27
33
22
22
22
20
21
19
20
19
20
20
18
28
17
16
17
17
16
16
16
36
17
15
21
24
16
24
19
16
15
17
15
14
20
15
15
15
15
15
14
15
30
17
14
35
17
15
15
15
35
19
15
15
15
14
15
14
15
16
15
15
16
17
16
17
16
16
17
19
18
19
19
18
18
19
19
19
19
20
20
19
21
20
21
24
21
22
22
22
21
25
21
22
26
23
23
24
25
28
26
27
32
37
37
40
41
42
40
41
45
43
46
44
41
44
46
48
46
49
51
52
58
47
47
49
50
57
65
51
58
54
51
52
52
67
56
54
54
55
61
55
59
60
61
59
68
78
62
63
68
64
62
66
66
62
62
74
61
59
81
83
83
87
82
80
81
86
82
85
79
83
81
75
59
55
59
54
58
58
61
59
57
62
62
62
67
60
67
64
68
66
65
63
66
62
66
70
61
61
61
63
65
64
71
63
62
59
61
82
66
74
72
72
73
84
85
77
81
90
83
90
86
85
82
82
89
85
87
82
