43
45
42
40
41
43
43
46
40
43
50
45
40
43
41
43
39
39
40
45
47
41
39
39
38
38
39
45
38
39
36
36
36
36
49
33
31
31
31
32
31
36
31
30
29
29
30
28
32
31
30
32
26
29
23
29
26
28
24
28
24
23
23
22
20
20
21
20
19
19
18
19
18
18
21
17
15
16
15
15
15
15
17
14
14
13
14
16
13
14
13
16
13
14
13
20
21
14
14
14
23
14
14
14
13
14
16
15
25
21
15
14
13
13
13
13
13
15
14
14
14
15
14
16
17
25
17
16
15
17
16
17
16
21
15
16
16
17
24
18
16
18
18
19
18
19
20
35
22
21
22
27
21
32
21
22
23
25
28
24
31
41
37
42
38
41
39
43
48
51
49
50
50
50
47
58
47
55
64
50
50
53
53
50
48
51
51
53
57
59
52
53
55
59
62
59
55
61
64
62
62
63
59
61
63
69
67
71
63
66
66
71
67
69
64
67
67
65
91
89
89
91
89
93
93
91
82
90
86
92
91
87
59
60
56
60
59
60
56
61
60
60
67
62
60
66
65
57
59
63
65
66
70
64
62
66
64
68
63
64
63
64
87
61
63
65
67
76
76
76
75
76
75
83
84
84
82
84
84
87
85
86
84
85
87
84
84
87
