20
19
19
20
20
22
25
28
23
23
20
19
18
18
17
19
18
19
20
20
21
22
21
21
21
21
21
21
21
21
21
25
20
20
22
20
19
20
19
20
20
20
20
19
19
19
19
19
20
21
21
22
21
21
21
24
18
17
17
18
17
18
17
17
16
16
16
16
17
16
17
17
17
17
16
16
17
16
16
19
15
14
14
14
14
12
13
13
13
13
14
14
14
14
13
13
13
13
12
13
13
13
13
17
13
13
13
13
13
13
13
13
13
13
13
12
12
12
12
13
13
13
13
13
13
13
13
19
15
15
16
15
14
14
14
14
15
15
15
15
15
16
16
15
17
18
18
18
19
21
21
25
21
22
22
23
24
23
25
26
27
29
30
31
32
33
36
40
44
42
45
46
48
50
69
70
68
59
59
60
60
63
64
64
64
68
67
65
61
61
61
62
64
64
64
64
65
64
63
63
63
52
53
56
56
56
57
57
56
55
56
54
54
57
55
54
54
55
55
55
55
57
54
55
47
48
50
51
51
52
51
54
54
53
53
53
57
54
55
56
54
54
53
55
54
57
56
56
50
52
57
59
60
56
60
53
51
51
50
50
55
53
51
58
47
42
42
40
37
37
37
38
31
30
22
3
4
4
4
9
28
29
29
29
30
29
28
29
