22
22
22
22
22
23
24
22
23
25
23
23
20
18
19
20
21
20
19
21
22
23
23
21
20
18
22
22
20
19
17
16
15
15
15
14
14
14
15
15
14
13
13
12
13
12
11
11
19
14
14
16
16
16
16
15
13
16
15
14
15
13
12
12
13
13
13
13
12
10
10
10
10
9
9
7
8
8
8
8
8
8
9
9
9
8
8
8
7
7
6
6
6
8
8
8
8
6
7
7
7
6
4
4
5
5
7
10
10
9
10
8
9
9
9
9
8
7
9
6
7
8
9
10
8
9
9
9
10
9
10
9
8
8
7
7
8
9
9
9
10
9
9
9
10
12
12
13
13
13
13
13
11
12
12
14
14
13
13
14
16
16
16
16
16
16
16
17
18
16
16
16
17
16
16
18
17
20
21
19
18
17
19
19
18
18
18
17
18
20
21
21
21
22
22
22
22
23
23
22
22
18
48
20
17
16
17
19
20
21
22
21
21
20
19
19
18
17
36
37
38
40
40
39
40
40
38
34
34
33
33
28
21
16
14
14
15
15
15
16
16
16
17
16
15
14
15
15
14
14
15
15
15
15
14
15
16
17
17
17
17
18
17
16
16
16
16
17
20
22
22
23
23
26
24
24
25
28
29
30
28
29
28
27
26
25
27
28
