23
23
24
26
26
28
27
26
25
26
26
25
24
21
25
23
24
21
20
22
24
27
24
23
21
18
22
24
21
21
19
18
16
17
16
14
14
15
16
16
16
15
14
13
13
14
13
12
22
16
15
17
16
16
16
16
14
17
18
17
17
17
14
14
14
13
14
13
13
11
11
11
10
10
9
8
9
10
10
9
9
9
10
10
11
9
10
9
9
9
8
8
8
9
8
8
8
5
8
7
7
6
5
5
6
6
7
11
9
8
9
9
10
10
10
9
9
8
9
7
7
8
10
10
10
9
10
11
11
10
11
10
9
9
8
7
9
10
9
9
10
9
9
9
12
13
13
14
14
15
16
14
13
13
13
15
15
14
15
17
17
16
17
18
18
18
17
18
20
19
19
18
19
19
17
18
19
22
23
21
19
19
19
47
19
16
14
14
48
23
23
21
22
23
23
23
23
23
23
23
24
25
28
27
26
26
25
25
29
29
29
29
29
27
27
27
26
26
61
61
60
58
56
54
55
55
55
55
55
52
52
41
31
21
21
22
22
23
22
22
23
22
23
23
24
24
26
23
23
23
24
25
24
23
21
22
24
25
25
28
27
28
27
24
27
26
27
28
32
33
35
36
36
38
39
39
40
42
42
44
43
42
41
41
39
41
43
40
