19
20
18
19
20
21
20
20
21
20
19
21
21
20
20
18
12
12
20
20
19
19
20
19
19
19
18
18
17
18
19
20
20
20
20
19
19
20
17
17
19
19
17
18
18
21
19
20
20
18
18
18
17
18
19
19
19
21
20
19
23
35
41
49
52
45
49
52
56
56
55
50
54
53
53
52
51
51
51
50
53
53
53
52
52
53
52
53
54
51
52
52
54
53
51
54
56
54
54
54
54
52
53
52
52
54
54
51
53
55
54
53
55
41
18
18
15
11
19
19
18
20
21
20
20
21
18
18
19
19
20
20
19
20
21
21
20
20
19
20
20
18
21
19
18
19
24
20
21
21
20
19
19
19
21
19
19
18
20
20
19
23
30
24
30
22
18
25
20
23
22
22
21
22
22
21
22
21
20
20
23
25
26
32
30
25
35
25
24
26
24
25
25
25
23
23
24
26
30
25
24
34
22
33
24
24
26
27
26
25
27
27
24
26
26
22
25
31
22
24
25
30
34
24
24
27
24
24
26
25
24
22
18
20
20
34
28
29
29
27
35
31
29
31
26
25
25
23
25
25
25
22
18
23
29
25
32
41
33
41
35
32
34
34
32
33
34
29
23
19
16
16
31
26
26
34
28
33
27
25
24
23
24
21
23
25
23
24
