24
23
23
21
23
23
23
21
21
23
23
23
22
23
22
23
23
24
24
25
25
26
26
25
23
24
25
26
25
25
25
26
26
26
23
25
24
25
26
25
25
24
24
24
24
24
23
24
24
23
22
22
23
23
23
21
21
23
22
21
22
21
21
22
21
23
22
22
21
22
22
20
21
21
20
21
21
22
21
20
22
21
22
20
22
21
22
22
21
21
21
21
23
24
22
22
22
23
24
23
24
23
24
25
24
24
25
25
25
25
25
25
25
24
24
25
25
27
26
27
27
25
22
26
26
24
25
26
25
26
26
24
23
23
24
23
23
25
24
23
24
23
22
23
24
23
25
25
25
25
26
26
26
28
30
29
29
32
34
34
35
33
32
32
33
35
34
35
37
36
35
40
36
39
39
40
38
42
40
38
39
41
41
42
39
42
41
40
40
41
41
40
42
42
40
41
42
44
45
44
44
44
40
42
41
42
42
44
41
42
42
41
41
41
43
43
40
41
41
41
40
40
39
40
39
39
41
41
41
41
40
41
40
40
40
43
42
41
41
44
44
44
44
45
43
42
42
42
43
40
39
39
38
37
39
38
38
38
37
37
39
38
39
37
37
37
36
37
34
34
36
36
38
35
35
35
34
32
30
29
29
29
29
32
29
25
27
26
