22
21
21
21
20
21
20
21
22
22
23
22
23
23
22
24
23
25
23
24
24
24
23
22
22
23
22
22
22
23
24
25
24
23
22
22
22
23
22
21
21
21
22
21
19
19
18
18
18
20
19
20
22
21
19
19
20
19
20
19
19
20
19
19
18
18
20
19
19
18
17
18
18
19
17
17
18
18
17
17
17
16
18
18
18
18
18
19
22
20
20
20
19
19
20
20
19
18
18
18
19
20
22
22
21
20
22
20
20
22
21
22
21
20
21
21
22
21
22
21
20
21
21
22
22
21
21
21
21
20
21
20
19
21
19
21
20
20
20
21
21
21
22
22
21
23
22
23
24
26
25
25
24
25
25
24
24
27
26
25
27
26
29
28
29
29
29
30
30
32
32
30
31
32
37
36
38
37
35
35
36
40
40
40
41
41
42
44
45
43
43
40
39
38
37
36
37
37
38
39
37
36
35
35
37
37
34
33
34
34
36
35
35
35
35
37
37
39
38
38
39
38
36
36
36
36
35
34
35
37
34
34
36
35
35
34
35
34
35
33
33
33
35
34
35
37
35
35
37
34
36
34
33
36
35
37
37
39
37
35
38
36
35
31
36
34
32
30
32
31
32
33
30
30
29
28
27
26
28
27
30
29
27
28
28
29
30
29
