50
55
50
45
47
51
62
59
60
67
63
66
61
48
48
56
55
53
51
51
48
52
51
49
48
51
51
49
52
52
54
52
47
52
49
48
44
43
42
54
64
64
53
53
54
45
53
55
47
48
49
48
44
42
42
42
36
34
36
32
39
39
37
36
36
35
37
37
36
37
49
50
51
34
30
35
32
35
28
28
32
31
32
33
33
35
30
32
33
35
36
42
44
44
48
45
41
32
31
30
28
28
26
30
30
27
29
27
31
31
29
27
27
28
36
34
30
27
25
27
27
24
26
23
26
30
32
35
33
29
31
30
28
24
31
34
32
30
30
25
32
34
32
30
30
29
32
29
28
28
28
31
28
31
28
35
26
31
34
32
32
33
30
35
34
33
33
34
36
33
39
38
35
35
33
37
41
38
43
43
34
35
34
32
35
36
36
42
39
42
39
38
40
39
39
43
43
44
43
41
45
44
46
48
43
47
47
45
51
49
52
53
52
48
48
55
56
59
57
56
60
64
62
64
61
61
56
61
58
62
60
58
63
58
62
56
60
60
59
63
58
54
55
49
55
59
58
61
61
64
60
59
57
59
56
61
55
58
60
53
60
58
55
56
51
46
48
45
48
49
50
51
53
48
52
52
53
53
54
54
53
54
54
53
56
55
55
58
