41
46
45
45
46
43
46
49
48
47
48
46
46
43
46
48
49
50
46
47
45
44
45
45
43
42
45
42
43
44
45
45
41
46
41
38
37
40
38
38
36
38
36
36
36
35
35
35
33
32
33
33
34
33
33
30
29
29
30
29
33
33
32
30
30
29
30
29
27
25
26
27
29
29
27
26
24
25
22
23
25
27
28
29
30
31
29
27
23
21
22
24
24
28
37
32
23
19
21
18
18
17
17
17
18
18
18
18
20
20
20
16
16
17
22
21
19
17
17
19
19
17
19
16
18
19
22
23
22
20
21
21
19
16
23
22
20
20
19
16
20
20
20
18
18
19
21
19
20
20
19
21
21
20
24
32
29
39
39
36
24
22
22
24
25
25
26
26
25
25
28
30
31
28
26
26
27
26
28
26
26
25
26
26
27
28
29
32
32
33
38
31
29
32
31
32
33
32
32
33
34
35
38
36
35
35
36
35
45
41
39
40
43
45
44
44
44
46
47
47
50
50
48
49
49
48
47
48
48
49
50
49
53
51
53
44
53
49
51
51
47
46
48
45
51
51
49
48
48
48
49
49
46
47
47
46
45
47
45
45
47
47
45
43
39
38
37
36
36
36
36
37
38
39
40
39
42
41
44
42
42
43
43
42
44
43
43
44
