48
55
54
66
62
62
65
63
58
59
66
65
68
64
65
64
64
60
60
61
60
68
60
58
59
56
57
54
54
54
56
56
52
61
51
50
47
47
51
53
54
48
47
48
45
44
42
40
43
44
38
48
42
41
40
40
38
37
38
38
42
41
42
40
40
37
40
40
41
38
40
42
44
44
39
36
32
37
32
32
33
36
41
42
47
50
45
41
33
29
33
34
34
38
40
35
34
29
30
28
27
26
25
25
27
27
28
28
29
30
29
24
24
24
34
32
27
24
22
26
26
25
28
24
25
28
36
39
40
37
38
37
31
24
34
33
30
30
29
24
32
30
27
24
25
26
28
27
28
30
29
31
35
34
32
32
26
34
35
33
37
36
36
40
41
40
40
43
42
38
40
40
44
41
40
39
41
43
45
41
41
39
37
41
39
41
41
41
43
48
47
49
45
51
49
50
52
49
48
45
48
50
59
57
51
49
50
51
55
58
56
54
54
53
51
53
54
57
61
65
69
73
73
71
69
70
67
69
71
69
70
69
70
67
72
61
67
70
67
70
67
70
66
69
72
73
70
68
67
65
65
67
63
57
56
59
59
61
59
61
68
65
63
59
54
51
48
46
48
49
49
51
49
51
66
57
60
57
59
57
59
60
61
59
60
59
60
61
