10
10
11
10
10
11
11
12
11
11
11
11
11
10
11
11
11
10
11
11
11
12
12
12
11
10
12
12
11
10
10
9
9
9
9
8
8
8
8
8
8
7
7
7
7
7
6
6
6
6
5
6
5
5
5
5
5
5
5
4
4
4
4
4
3
3
3
3
3
3
2
2
2
2
2
2
2
2
2
2
2
2
2
2
2
2
2
2
2
2
2
2
2
2
2
2
2
1
1
1
1
1
1
1
1
1
2
2
2
2
2
2
2
2
2
2
2
2
2
1
1
2
2
2
2
2
2
2
2
2
2
2
2
2
2
2
2
2
2
2
2
2
2
2
3
3
3
3
3
3
4
4
4
4
4
4
4
4
4
4
7
10
10
11
11
11
12
14
14
14
13
14
14
14
15
16
16
17
17
17
16
15
16
16
16
16
17
17
18
17
18
17
17
17
18
17
18
18
19
19
20
20
20
20
21
20
21
22
22
24
24
24
24
24
23
23
24
23
36
40
38
37
36
36
34
34
34
34
34
34
34
32
21
22
21
21
21
22
20
19
22
22
22
22
22
22
21
22
21
21
22
22
20
21
21
21
21
21
22
23
21
22
22
22
22
23
22
23
24
25
26
27
28
29
28
28
28
31
31
32
33
34
35
35
34
33
35
35
