34
36
32
30
32
34
34
36
34
34
34
34
35
36
34
35
38
34
37
39
35
38
37
36
40
42
42
37
36
37
39
42
37
37
35
34
38
40
36
34
34
32
37
36
34
33
33
35
34
35
36
30
30
32
32
32
29
30
29
33
31
33
28
28
28
30
30
31
28
26
27
27
32
30
26
25
26
24
29
29
25
25
23
24
25
33
33
34
23
23
25
30
23
23
23
23
26
28
23
26
23
25
26
27
24
24
26
23
26
27
24
23
26
24
25
28
24
24
24
27
27
29
24
25
24
28
27
28
24
25
25
26
30
29
26
26
26
26
31
30
26
27
26
27
34
33
28
29
29
32
33
35
31
30
33
31
34
37
35
34
34
35
41
40
34
35
44
44
46
52
45
49
44
43
50
50
41
41
43
41
44
49
43
44
47
43
48
50
46
45
49
45
51
51
47
49
48
50
51
56
47
48
52
46
55
60
55
54
54
50
52
53
47
50
46
50
50
56
48
48
47
46
52
51
50
47
47
50
52
52
52
49
51
47
47
56
47
51
46
49
48
51
50
48
48
46
47
52
45
46
48
45
50
51
45
45
45
46
50
53
48
45
44
46
48
50
47
43
45
47
45
47
45
44
42
40
46
47
42
44
39
41
45
43
42
40
43
40
