44
42
41
46
42
44
46
43
43
43
46
46
49
49
45
45
46
47
46
47
51
47
48
49
47
47
49
49
45
49
45
48
42
46
43
43
44
46
49
49
49
46
43
43
45
45
41
40
42
41
43
40
39
39
37
38
35
37
39
37
37
37
38
36
36
36
41
34
37
36
34
34
35
34
32
36
32
34
33
33
32
32
36
35
38
37
39
39
35
34
36
33
33
35
35
34
36
35
35
33
37
35
35
34
35
36
39
44
38
38
35
36
34
30
34
33
31
31
32
36
41
34
33
31
32
33
37
39
41
41
38
40
37
36
36
37
36
38
41
38
40
39
35
36
37
37
39
38
39
38
39
41
41
42
43
43
43
45
45
49
45
45
48
49
50
49
53
50
51
53
53
56
60
57
52
51
52
56
59
58
57
54
54
56
55
60
58
58
57
57
61
59
59
60
60
62
66
62
62
61
64
66
67
67
67
67
66
67
67
64
65
66
68
66
66
65
62
63
66
68
66
66
63
64
63
63
62
64
64
65
63
64
62
63
61
62
63
64
60
61
62
63
63
63
67
63
68
63
65
61
61
62
72
60
61
63
62
62
59
71
64
62
63
59
63
60
59
62
59
59
58
62
57
57
60
61
58
55
57
61
59
57
60
61
61
60
60
60
