46
45
45
47
46
48
46
47
46
47
48
48
49
46
47
47
46
46
47
47
44
45
45
45
46
45
47
46
44
46
46
45
44
45
45
43
43
44
45
45
45
42
41
41
43
42
40
41
41
39
40
40
37
36
39
36
36
37
36
36
37
36
36
35
35
33
34
34
34
33
32
31
34
32
32
30
32
31
31
31
29
30
29
30
31
29
30
31
31
31
30
30
31
33
31
31
31
34
33
32
33
32
31
30
30
30
31
32
32
31
30
30
30
31
32
31
32
31
31
32
33
34
34
33
33
33
33
35
36
35
35
34
34
34
33
33
34
35
34
32
34
35
34
32
34
35
38
37
38
38
39
37
37
40
39
39
40
42
44
43
45
46
46
46
46
47
46
48
48
47
49
48
47
48
50
47
48
50
49
49
51
50
50
50
51
51
52
51
51
51
51
52
52
52
52
53
53
53
53
54
54
54
55
56
56
58
56
57
57
55
56
59
56
56
56
56
55
54
54
54
54
54
56
55
54
53
53
53
55
56
54
55
55
55
54
53
54
53
52
52
52
53
52
52
52
52
53
53
54
52
53
52
53
52
51
52
54
52
52
52
54
55
51
51
52
51
50
52
53
53
54
56
54
54
55
57
56
54
54
54
53
53
53
54
54
54
54
53
