3
3
3
3
3
3
3
3
3
3
3
3
3
3
3
3
3
3
3
3
3
3
3
3
3
3
3
3
3
3
3
3
3
3
3
3
4
4
4
4
3
3
3
3
3
4
4
4
7
5
6
6
6
6
5
5
4
4
5
5
5
5
5
6
5
5
5
6
7
7
6
6
6
7
6
7
6
6
6
6
6
5
4
4
5
6
5
4
5
4
5
5
5
5
6
5
7
7
9
8
8
8
9
9
9
9
9
9
11
11
10
7
9
9
11
10
12
12
11
11
14
18
18
19
17
15
17
17
15
15
16
13
20
23
19
18
19
16
16
12
12
11
9
10
15
14
14
18
21
17
22
26
30
29
28
26
39
34
32
33
30
27
29
32
31
28
27
37
35
34
32
33
32
31
29
29
32
33
30
30
33
29
31
29
27
27
32
29
34
34
37
40
40
40
37
37
33
32
32
31
28
30
29
27
30
31
29
29
31
31
34
32
33
32
29
28
35
32
32
30
28
30
29
29
29
28
26
26
29
28
26
28
28
26
28
29
27
28
29
30
28
26
28
32
32
31
30
30
31
29
23
22
26
29
24
25
21
24
26
24
17
17
13
11
14
14
13
13
11
12
14
13
13
11
9
9
10
10
9
8
8
8
7
7
6
7
6
5
