20
22
21
21
21
21
19
20
19
19
20
20
20
21
22
22
25
26
26
29
33
33
36
31
31
30
30
30
28
27
27
30
29
28
27
28
28
30
32
32
30
29
28
28
30
31
28
28
29
29
28
28
24
22
22
20
21
21
23
24
23
23
21
20
21
22
21
22
21
20
18
18
17
17
16
14
13
13
11
13
13
13
12
11
9
8
9
9
8
8
7
7
6
5
5
4
5
6
5
6
5
6
5
5
6
6
6
6
6
5
5
5
5
5
5
5
5
4
4
5
4
3
3
3
4
4
4
3
3
4
4
4
4
4
5
5
5
6
6
6
7
8
7
7
7
7
7
7
7
7
8
10
10
9
9
10
10
10
10
11
12
12
15
15
14
13
12
13
16
16
16
16
16
17
18
15
16
20
17
17
17
20
19
20
21
21
24
21
20
19
19
18
20
22
21
21
22
20
21
22
21
21
18
17
17
20
20
19
21
21
24
25
25
26
25
25
26
24
25
24
22
24
25
26
25
24
25
27
26
25
23
23
22
23
21
20
23
24
24
25
27
26
25
24
23
22
20
22
25
24
22
22
22
25
25
24
22
23
25
25
27
29
29
27
28
27
27
28
28
30
31
27
24
28
26
28
27
25
24
23
26
25
24
24
23
23
24
23
