12
13
13
14
12
13
12
15
12
12
23
19
13
15
13
15
14
12
11
12
13
12
13
36
13
25
13
13
11
14
32
15
21
23
33
25
12
12
15
31
18
12
10
11
10
11
12
12
18
30
10
12
12
30
22
27
10
11
10
11
32
10
10
10
9
10
14
22
10
12
8
9
13
31
29
19
8
16
7
6
16
20
13
26
15
13
10
27
13
9
10
10
11
12
14
10
13
11
17
22
11
10
10
11
11
12
10
12
11
12
11
10
12
26
34
24
11
11
23
11
12
11
13
20
15
9
12
12
11
11
10
10
12
11
21
22
9
10
12
11
11
29
11
11
12
12
11
26
14
12
11
10
15
33
11
12
11
11
11
19
21
13
12
31
15
15
14
15
14
14
12
14
14
14
12
26
13
12
24
14
12
11
11
11
21
33
13
12
14
11
10
13
32
13
12
13
10
14
10
10
11
10
11
12
12
31
14
23
31
12
13
15
31
16
12
14
13
29
25
13
16
15
21
22
13
15
32
14
14
13
22
37
18
25
36
17
14
15
12
13
15
26
23
28
30
25
24
19
17
15
12
13
13
12
12
15
11
15
12
15
16
13
12
13
12
12
13
12
13
12
14
12
13
21
23
11
15
14
12
12
12
11
14
12
13
15
22
27
