23
25
16
12
11
12
14
22
17
27
31
31
21
13
14
12
14
14
14
31
13
14
15
14
15
29
20
13
12
13
15
26
13
15
21
14
13
12
14
12
14
13
32
17
13
11
27
13
12
11
12
20
17
12
11
10
11
18
22
11
11
11
10
12
21
27
28
11
18
21
10
12
18
19
9
9
10
10
8
7
8
29
27
10
11
12
10
9
9
10
9
9
9
12
12
11
16
28
12
11
14
12
11
11
11
11
11
12
28
26
17
12
20
25
11
11
20
12
10
10
14
12
11
11
10
22
9
10
22
16
10
11
10
13
24
20
10
9
17
25
9
10
10
10
11
10
22
10
11
10
9
12
10
10
11
11
10
12
9
11
12
13
14
21
33
12
12
12
13
21
22
11
10
12
13
13
13
12
14
14
14
11
11
12
12
11
12
12
13
15
20
12
24
16
13
14
13
12
12
12
13
12
15
24
32
28
26
11
24
12
13
14
12
12
22
16
14
21
12
11
14
17
13
14
14
18
26
15
13
28
22
12
14
23
12
13
13
15
14
20
30
32
19
14
16
17
23
16
12
14
13
13
24
32
25
15
15
18
17
13
12
13
14
20
18
23
24
27
27
15
13
13
11
14
22
24
14
13
14
13
17
13
12
13
13
14
16
14
