14
14
12
14
13
14
13
13
14
16
17
17
13
13
12
12
13
13
15
15
16
14
16
18
14
13
10
11
10
11
11
10
10
10
11
10
10
11
11
12
13
11
12
12
10
9
10
12
12
13
14
11
12
12
12
11
10
10
10
11
9
10
11
11
10
10
11
13
13
9
9
11
10
11
10
10
10
9
10
11
11
12
13
10
10
11
11
10
10
10
11
11
11
12
12
12
14
13
12
13
13
13
12
12
13
12
14
13
13
14
12
13
11
11
11
11
11
12
11
11
12
12
11
11
12
11
11
12
12
12
11
12
12
10
11
11
11
11
12
10
11
10
10
11
10
10
10
11
10
10
11
12
13
14
13
11
12
11
11
12
11
12
12
12
12
10
11
11
12
11
10
10
10
11
10
10
11
11
13
12
11
12
12
11
12
11
11
10
8
10
11
11
12
12
11
11
8
8
10
9
9
10
13
10
13
13
14
12
13
13
13
12
11
12
12
15
14
13
12
12
12
12
13
14
12
11
12
13
13
13
12
12
12
11
12
14
13
12
10
12
12
14
13
12
14
12
12
12
11
11
11
11
12
15
13
12
15
17
17
14
15
16
14
12
13
14
9
10
28
16
11
9
10
10
9
9
10
10
9
10
10
10
9
9
9
11
9
9
