10
10
9
8
8
9
10
10
10
12
15
15
11
11
10
9
10
10
11
10
10
10
10
11
11
10
12
11
11
12
10
9
11
10
9
10
10
11
11
11
10
10
11
10
11
10
10
10
10
10
10
11
10
10
10
10
11
10
10
10
10
10
9
10
11
10
11
10
11
10
9
9
11
10
9
10
9
9
9
9
9
9
9
10
10
10
10
10
11
10
10
11
9
10
10
10
10
10
10
9
10
9
10
10
10
10
10
9
10
10
10
10
11
10
10
11
10
10
10
9
10
10
9
9
10
10
10
10
10
9
10
10
10
11
11
10
11
11
11
10
10
11
11
10
10
11
10
10
10
10
10
11
9
10
11
11
10
10
10
10
10
9
10
9
10
10
9
10
11
11
10
10
9
10
10
10
11
11
12
12
10
10
10
9
10
11
11
10
8
10
12
11
9
10
9
9
7
8
10
9
9
9
14
12
14
13
13
11
12
14
13
13
12
12
12
12
12
12
11
11
11
11
11
11
10
11
11
10
11
13
11
12
12
11
12
13
13
11
10
9
10
14
12
12
11
11
10
11
11
11
11
11
11
12
11
11
9
15
15
13
13
12
12
12
11
12
9
10
26
14
11
9
9
9
10
11
10
10
10
10
10
10
9
9
9
10
10
11
