30
28
29
30
29
28
31
29
29
28
31
29
30
29
29
29
29
28
29
28
28
28
29
27
29
28
29
28
28
27
26
27
26
28
27
27
28
27
27
26
26
25
25
25
24
24
27
28
25
24
24
23
24
23
23
23
22
23
24
24
25
24
25
23
24
24
23
24
25
24
25
24
25
24
24
24
25
26
26
26
26
25
26
27
28
29
29
29
29
30
30
29
29
30
30
30
29
29
31
30
29
30
30
29
30
30
30
30
30
29
30
29
29
29
30
29
29
29
29
31
31
30
31
31
31
32
31
42
44
42
43
37
33
32
31
31
32
32
32
32
32
32
31
30
30
30
31
30
30
34
30
32
34
34
33
34
34
33
32
31
33
36
36
38
36
36
36
34
34
34
34
35
36
47
55
58
40
39
38
38
38
38
37
40
39
38
16
1
1
1
18
35
36
6
1
1
27
36
37
37
36
36
35
30
37
36
39
39
36
35
34
37
26
34
36
37
36
35
37
36
34
34
34
33
34
37
36
37
39
40
39
39
39
39
41
38
35
34
36
35
37
35
35
34
32
35
36
34
34
32
34
40
46
56
52
40
39
38
38
37
34
36
34
33
36
36
36
37
39
38
38
39
38
38
38
37
36
37
38
37
37
37
37
37
38
38
35
35
