20
20
21
22
21
23
22
21
21
22
22
21
20
20
21
20
19
20
20
19
20
20
19
18
18
19
21
20
19
19
19
21
20
21
18
17
17
17
18
18
18
18
18
17
18
18
17
17
17
18
16
17
18
18
18
17
17
17
18
17
18
18
19
19
17
16
16
17
18
19
19
17
19
18
18
19
16
16
16
14
16
17
17
17
18
19
19
19
18
18
17
17
18
16
17
18
17
17
18
17
16
16
16
14
15
15
16
18
18
18
17
17
16
17
18
17
15
14
14
15
16
17
17
16
16
17
19
17
16
17
16
16
17
16
18
23
22
20
19
19
20
21
20
19
18
20
20
20
19
20
20
20
22
19
17
18
16
20
22
22
20
20
19
20
20
20
19
17
20
19
19
19
20
19
21
22
21
22
22
21
19
21
21
22
24
25
24
25
25
27
27
28
27
27
27
25
24
28
27
30
28
31
30
30
29
29
27
26
26
25
27
31
37
40
35
34
33
36
39
30
34
34
35
35
32
27
31
33
32
30
31
28
30
31
36
23
23
28
28
29
31
30
30
253
60
39
29
27
29
28
28
28
26
26
27
29
29
27
27
28
32
30
30
29
29
26
24
23
23
29
29
29
30
29
26
23
28
25
28
27
26
30
29
29
29
28
27
26
