23
24
28
25
23
28
28
23
25
27
28
26
26
23
24
22
24
23
24
23
23
24
22
22
20
21
23
21
20
20
21
21
21
24
23
20
18
19
22
23
23
22
22
21
21
19
22
19
20
22
20
20
20
20
20
20
21
22
21
21
22
22
23
20
20
19
21
21
22
19
20
20
20
21
20
18
19
22
20
20
20
19
22
23
23
22
22
21
19
19
20
20
19
22
22
21
20
19
20
19
18
18
18
18
18
19
20
19
19
19
18
17
17
17
20
21
18
19
18
18
18
19
20
18
17
18
17
14
23
19
19
20
20
18
21
21
19
19
18
17
19
19
19
17
17
17
18
17
16
17
17
17
20
19
20
21
18
18
20
21
18
18
18
19
19
18
20
19
19
20
20
20
20
22
21
21
22
22
22
21
20
20
20
20
21
22
21
23
23
24
23
23
22
25
26
25
24
26
26
28
28
29
28
24
29
29
30
29
31
33
32
25
24
30
31
27
31
28
30
33
35
32
35
31
32
32
33
37
35
36
35
34
34
33
35
35
36
226
64
63
35
33
34
33
32
33
23
29
30
28
29
28
26
26
29
29
28
27
28
26
28
22
23
24
25
23
28
30
31
31
31
30
31
31
31
31
31
31
31
29
30
28
24
27
24
24
24
23
