20
20
21
23
22
23
22
21
20
21
24
23
23
22
23
21
21
22
22
21
22
21
21
21
19
19
19
18
19
19
19
22
19
21
18
17
18
18
20
20
20
19
19
19
19
18
18
16
18
18
17
17
18
18
18
18
17
17
18
18
19
19
19
18
18
18
18
18
18
18
18
18
18
17
17
17
16
18
17
16
17
16
18
19
19
18
19
19
17
16
17
18
18
18
19
17
17
16
17
16
16
16
16
16
17
17
18
17
17
18
17
16
16
17
19
18
17
17
17
17
18
19
19
17
17
18
19
20
20
19
19
18
18
16
18
18
19
18
18
17
18
18
18
18
17
18
18
17
17
17
16
17
19
18
18
18
16
18
19
18
18
18
18
18
18
18
18
18
18
19
21
17
19
18
18
18
19
20
20
20
19
19
19
19
20
20
20
20
21
22
22
22
21
23
24
23
23
24
26
25
25
27
27
27
24
24
25
25
27
28
25
26
28
25
26
26
24
23
27
30
28
26
28
26
26
26
27
28
28
29
28
29
28
28
30
33
35
35
32
34
311
63
46
30
28
28
27
26
25
27
27
25
21
24
24
25
24
24
24
24
25
23
23
24
24
24
24
24
23
24
23
24
25
25
26
26
25
26
24
22
26
24
24
24
23
23
23
24
