82
81
88
84
87
82
85
78
79
78
81
78
81
78
79
84
85
87
85
84
87
85
85
84
82
84
84
87
85
87
85
84
84
87
88
97
90
81
82
84
85
84
84
79
82
81
88
85
90
87
87
85
85
85
87
85
78
75
76
76
76
76
76
75
81
85
85
85
84
82
84
82
81
84
79
72
72
73
75
72
75
69
72
69
70
76
72
66
70
72
79
79
79
79
78
79
76
78
76
76
75
78
75
76
73
76
75
76
75
76
76
79
75
73
73
78
79
76
81
75
76
72
78
75
76
72
78
76
79
76
79
72
70
78
78
79
75
76
73
73
73
78
78
79
78
78
76
76
75
76
75
73
76
75
81
79
82
78
82
79
90
88
96
90
91
93
90
94
96
91
88
90
90
94
90
91
88
96
96
94
97
97
94
91
93
96
96
93
88
87
100
96
100
100
100
100
99
96
97
91
94
91
90
90
90
93
96
94
96
96
100
97
94
97
94
94
96
93
100
100
100
97
93
91
91
93
93
90
94
94
93
100
97
99
96
99
100
100
100
100
100
94
91
93
99
99
91
90
91
87
87
91
88
87
88
91
93
91
91
90
90
88
93
94
94
88
87
85
85
94
90
93
94
96
90
91
93
91
87
90
87
85
91
87
96
91
90
90
