82
81
79
79
82
81
79
79
79
78
82
79
81
85
84
81
81
79
82
78
85
79
76
81
79
82
82
81
79
79
82
82
76
81
75
78
79
78
82
82
79
79
78
76
75
75
78
75
79
76
76
76
76
76
73
73
72
70
73
69
69
73
75
73
73
72
70
73
69
72
66
69
66
70
67
67
69
70
69
67
67
67
66
66
67
64
69
66
67
70
69
69
66
66
67
64
67
63
64
67
64
67
67
67
66
67
69
67
66
67
63
63
66
66
67
69
67
64
66
64
67
66
67
64
67
64
69
70
73
72
70
67
72
69
69
70
66
72
70
73
73
73
73
75
75
73
72
78
72
73
73
73
78
79
78
76
78
76
78
78
81
79
84
84
87
87
88
87
85
88
87
87
87
87
85
94
88
90
91
90
93
91
91
90
91
94
94
90
94
91
93
93
94
97
94
94
93
93
97
93
93
94
96
96
96
97
96
96
97
94
96
97
93
96
96
96
97
96
100
99
99
99
100
99
99
99
100
99
100
100
100
100
94
97
97
99
97
94
96
100
96
100
97
97
100
96
94
97
99
100
100
97
96
99
97
97
97
100
99
94
94
94
96
90
93
97
96
96
96
96
96
94
93
93
93
93
90
94
91
96
94
96
99
93
91
91
90
93
