36
36
34
37
33
36
37
33
33
36
30
37
33
34
33
33
33
31
33
33
36
36
33
34
33
36
33
36
31
36
33
34
34
34
36
31
33
34
34
36
31
36
31
36
30
36
30
36
31
36
30
36
30
33
31
33
33
31
34
34
33
34
30
36
33
33
33
33
34
33
34
34
31
34
31
37
31
36
31
34
33
33
33
33
36
33
36
36
31
37
33
36
33
36
33
36
33
37
31
37
34
34
36
33
34
34
34
34
34
34
36
33
36
36
33
34
33
34
31
37
33
34
33
37
33
34
34
34
37
37
34
36
34
39
33
36
33
36
33
33
34
34
34
33
37
37
31
37
33
36
33
37
31
39
33
37
34
37
36
36
36
36
39
37
37
40
34
40
36
39
37
42
36
40
36
39
37
39
39
39
40
37
40
40
37
40
37
40
39
40
37
40
36
43
37
42
42
42
45
40
39
39
37
40
37
39
37
40
36
42
34
39
36
36
37
36
36
37
42
40
36
42
36
40
36
42
34
42
37
39
36
39
36
37
40
37
43
43
37
40
36
39
36
40
36
40
39
37
37
37
36
36
39
37
34
39
34
39
36
40
34
37
37
37
36
34
34
37
34
39
36
40
36
40
36
37
36
36
37
34
36
37
40
37
36
37
36
37
