51
46
51
51
46
49
48
46
49
49
48
51
52
51
54
49
46
49
51
46
49
49
46
49
52
49
52
52
46
49
51
45
48
51
45
49
52
46
46
51
46
46
51
46
48
49
48
48
49
48
49
49
46
49
49
46
49
49
46
49
49
46
48
49
48
48
51
46
46
49
46
46
51
48
48
49
48
46
48
48
49
48
48
49
49
48
46
49
46
48
49
46
46
51
46
46
51
48
48
51
49
51
55
48
52
51
49
52
52
51
52
52
48
49
51
48
51
51
46
49
51
45
49
52
45
49
49
46
49
51
48
49
52
49
48
51
48
49
49
48
48
51
48
48
49
46
49
49
45
51
52
45
51
48
46
49
51
46
48
51
45
48
52
46
49
52
46
51
51
49
49
51
46
49
52
46
51
52
48
51
54
46
49
49
46
51
51
45
52
49
43
51
51
43
48
54
45
48
48
48
48
49
48
49
49
46
49
51
48
51
55
49
51
55
46
49
52
49
54
54
49
55
57
48
51
54
46
49
54
49
49
54
46
52
52
49
51
51
48
48
52
48
51
54
46
51
52
48
49
52
46
48
58
46
49
55
49
51
54
51
49
55
48
49
51
48
49
49
45
52
49
45
48
52
45
48
52
46
46
51
46
49
51
48
49
51
49
49
