33
33
33
37
33
34
37
37
36
37
37
36
36
36
34
36
36
34
36
36
36
36
36
36
36
36
37
37
37
37
37
37
39
37
37
39
39
40
40
40
40
40
40
40
42
42
42
42
42
42
42
45
43
43
43
43
43
42
43
43
43
43
43
42
43
43
43
43
43
43
43
43
45
45
45
42
40
43
43
42
40
43
43
43
42
43
42
42
43
43
45
43
45
43
43
42
43
58
51
48
48
48
46
48
48
48
46
45
46
48
45
49
46
48
52
52
54
52
55
54
55
51
48
46
48
45
46
51
52
52
52
48
45
45
46
45
45
45
45
46
45
48
46
48
49
51
48
51
51
51
52
52
52
55
55
54
57
57
60
57
58
57
57
58
58
58
60
61
63
60
63
61
64
61
63
61
63
64
67
64
67
69
69
67
67
67
67
64
66
66
63
66
66
66
64
67
64
63
63
63
61
60
61
61
61
61
60
60
61
60
61
63
60
60
58
58
58
58
58
58
58
57
57
57
57
55
55
55
57
55
55
54
55
55
55
54
55
55
55
54
54
55
55
54
52
52
54
52
52
54
52
52
54
51
55
52
52
51
51
51
49
49
48
48
49
48
46
46
48
46
48
45
46
45
43
43
42
42
40
40
39
40
42
42
42
42
42
43
