34
33
36
37
36
33
36
33
34
39
34
34
34
34
31
37
36
39
36
33
31
36
37
39
34
39
31
33
34
39
36
36
34
45
37
33
36
36
36
40
39
42
36
45
43
40
37
34
42
39
43
40
39
39
42
37
36
43
39
39
42
37
37
36
33
34
36
36
34
33
31
36
30
31
33
27
27
25
27
24
24
27
22
25
22
22
22
22
28
22
25
24
24
24
25
25
22
24
21
21
21
22
19
16
21
18
18
16
21
19
19
18
16
19
19
16
19
18
18
16
16
16
15
15
15
13
15
15
16
16
16
16
16
16
16
15
15
15
15
16
13
15
16
16
16
18
16
19
16
16
18
18
21
21
22
22
19
25
21
22
27
25
27
27
33
30
33
34
40
39
39
40
40
39
48
43
42
45
42
40
40
42
43
43
48
49
49
52
48
48
46
51
52
49
51
51
52
57
55
55
54
63
61
64
58
66
63
61
58
60
64
72
69
69
69
73
75
76
72
75
73
73
78
100
100
100
90
82
93
90
88
87
90
93
99
97
88
84
90
81
84
85
82
91
93
91
91
90
82
96
85
72
76
87
81
91
91
81
79
84
82
84
78
85
69
69
63
67
66
73
66
61
58
60
58
61
58
52
57
54
52
52
51
52
55
52
54
61
