81
81
81
82
76
75
73
75
73
78
76
75
72
76
75
76
78
79
78
81
76
78
81
78
78
76
81
78
79
81
76
78
79
76
76
75
73
73
76
79
81
81
70
72
69
69
67
67
67
72
70
70
67
66
63
55
67
63
61
69
76
64
63
61
63
57
51
49
46
45
46
48
49
45
45
42
40
43
40
39
40
37
33
31
33
33
31
31
30
28
30
28
28
27
27
25
25
24
24
22
22
24
21
21
21
21
19
21
19
19
18
22
19
18
19
18
19
18
19
18
19
18
19
19
24
21
19
24
25
25
25
24
24
24
25
27
28
31
31
33
33
33
36
36
37
37
42
42
43
45
45
45
46
51
52
54
60
57
58
61
61
60
63
64
61
61
64
63
61
67
69
69
70
69
70
72
70
72
69
70
72
75
76
75
76
75
76
70
72
72
70
70
67
70
72
72
72
73
72
72
75
72
73
70
70
72
0
72
87
85
79
81
78
78
82
76
75
76
75
76
76
76
76
76
79
79
81
78
76
78
79
79
78
81
79
81
81
79
82
81
79
78
81
81
82
82
82
85
82
81
84
84
82
81
82
82
85
84
85
81
81
81
81
76
84
85
82
84
82
85
82
84
82
81
81
76
73
73
72
75
73
75
73
70
72
73
76
72
