49
55
51
51
51
51
49
51
49
49
51
51
49
49
52
55
51
51
54
52
54
54
60
52
55
54
52
54
52
52
52
51
51
49
49
49
49
48
49
46
46
46
46
45
45
46
46
45
45
43
46
45
42
40
40
39
39
40
43
39
40
37
36
37
36
36
34
34
36
34
33
33
33
31
31
30
30
31
33
30
30
30
28
28
27
27
27
28
27
28
27
27
27
28
33
27
28
27
27
27
25
27
25
25
27
28
24
25
27
24
25
25
24
27
27
28
25
25
25
24
27
25
27
27
27
27
27
27
27
30
34
30
30
28
31
31
30
30
31
31
33
33
33
33
33
34
36
36
36
36
37
39
37
39
37
39
42
42
42
43
42
46
45
45
46
49
52
52
54
52
51
51
51
55
58
54
55
55
57
55
55
55
60
60
57
57
57
58
60
60
61
57
57
55
58
60
61
61
60
58
58
61
60
60
58
58
58
61
58
60
60
64
61
60
64
61
61
61
61
61
61
64
61
61
61
63
61
61
60
60
61
60
60
60
63
64
63
61
61
60
60
63
58
61
61
61
64
69
63
63
66
66
64
63
66
64
66
67
66
61
63
63
60
60
61
60
60
61
60
60
60
58
60
58
60
64
60
58
57
57
55
55
55
58
60
57
54
57
