10
15
12
10
10
9
7
10
7
10
9
7
12
9
7
40
9
9
9
9
7
9
7
9
7
9
7
7
7
9
7
10
7
9
7
7
7
7
7
7
7
7
7
6
6
7
6
6
6
6
6
6
4
4
4
6
4
4
4
4
4
4
4
4
4
4
4
6
6
4
4
3
3
4
4
4
4
4
4
4
4
4
4
4
4
4
4
4
4
4
4
6
4
4
6
6
6
6
7
7
7
7
7
7
7
7
7
9
9
7
7
7
13
9
9
10
9
9
10
9
9
7
7
7
9
9
9
9
9
9
9
9
9
9
9
10
9
9
9
9
9
9
9
9
9
9
9
9
9
9
9
9
10
9
10
9
10
10
12
10
10
13
12
12
12
12
12
12
12
12
12
12
12
12
12
13
12
13
13
15
13
13
13
15
13
15
15
15
13
13
13
15
13
15
13
13
15
15
13
15
15
15
13
15
13
15
15
13
13
15
16
15
15
15
15
15
18
13
15
15
15
15
13
15
15
15
15
15
15
15
13
16
15
15
18
13
13
16
13
15
18
13
13
13
13
13
15
13
16
13
13
13
13
13
13
13
13
13
13
15
15
16
13
13
12
13
12
13
21
15
15
13
13
13
13
12
15
12
12
12
13
15
15
12
15
10
12
13
