0
0
0
0
0
0
0
0
0
0
0
0
0
0
0
0
0
0
0
0
0
0
0
0
0
0
0
0
0
0
0
0
0
0
0
0
0
0
0
0
0
0
0
0
0
0
0
0
0
0
0
0
0
0
0
0
0
0
0
0
0
0
0
0
0
0
0
0
0
0
0
0
0
0
0
0
0
0
0
0
0
0
0
0
0
0
0
0
0
0
0
0
6
78
84
93
97
90
90
99
100
100
100
97
96
96
100
100
94
100
100
100
100
100
93
66
87
100
88
100
100
100
100
100
85
99
99
100
82
96
85
88
100
100
96
78
100
100
96
100
94
100
96
97
84
93
84
100
100
100
73
100
100
88
87
100
84
100
93
82
87
100
100
100
100
96
87
90
100
96
100
78
100
100
100
100
100
100
100
100
100
100
100
100
100
100
100
100
100
100
100
100
100
100
100
100
100
84
93
100
100
100
100
100
99
96
96
100
100
93
100
100
100
100
100
100
100
100
100
100
100
100
100
100
100
100
100
100
100
100
100
100
100
100
100
100
100
100
100
100
100
100
100
100
100
100
100
100
100
100
100
100
100
100
100
100
100
100
100
100
100
100
100
100
100
100
94
100
100
100
87
100
84
85
100
100
100
100
97
94
100
100
100
84
0
0
0
0
