9
3
3
3
3
3
3
24
88
72
100
46
81
100
22
4
3
3
3
3
3
55
78
66
100
58
61
4
4
3
3
3
3
3
3
28
100
61
58
64
31
4
4
3
3
3
3
3
3
4
100
66
45
75
100
58
4
3
3
3
3
3
9
3
79
82
100
61
64
25
4
3
3
15
21
3
3
3
3
3
3
25
46
93
75
93
43
4
3
3
3
3
25
58
91
64
79
22
4
3
3
3
3
3
3
3
27
78
78
85
76
30
4
3
3
3
3
1
3
24
61
76
67
64
10
4
3
3
3
3
3
3
3
13
4
4
3
3
3
3
1
1
1
1
7
1
1
3
1
1
1
1
1
1
1
1
3
1
1
1
1
1
1
18
4
7
37
58
94
27
3
3
3
3
3
3
3
45
70
100
45
33
3
3
3
3
3
1
1
1
1
18
37
100
100
70
36
4
3
1
3
1
3
3
1
1
30
31
42
43
66
37
6
3
3
3
3
3
3
3
4
69
78
96
64
78
57
27
4
3
3
3
3
3
3
3
3
25
61
75
46
79
100
73
61
16
10
3
3
18
3
3
3
3
3
3
34
48
88
100
100
100
79
82
42
4
3
3
3
3
3
3
3
45
43
58
64
46
100
61
52
27
24
4
3
3
3
3
