4
3
3
3
3
3
3
3
64
70
84
82
81
66
7
3
3
3
3
3
3
27
100
85
55
45
36
4
3
3
3
1
3
3
3
10
76
64
58
55
28
4
3
3
3
3
3
3
3
4
61
87
100
57
55
25
3
3
3
3
3
3
3
3
39
100
100
69
43
9
3
3
3
3
3
3
3
3
3
3
3
7
91
100
55
76
69
4
3
3
3
3
12
96
70
100
63
27
4
3
3
3
3
3
3
3
9
100
100
85
63
73
27
4
3
3
3
3
3
6
64
100
51
52
9
4
3
3
3
3
3
3
3
10
3
3
19
3
6
13
1
1
1
1
4
1
1
1
1
1
1
1
1
1
1
3
1
1
1
1
1
1
1
31
19
36
42
22
52
18
3
3
1
1
1
1
9
93
63
73
61
12
3
3
1
1
3
1
1
1
1
60
87
85
82
60
34
4
3
1
1
1
1
1
1
1
60
43
33
33
51
21
6
3
1
3
3
3
1
1
13
96
42
90
61
73
67
9
4
3
3
3
3
3
3
3
3
61
100
100
54
57
88
100
61
19
12
3
3
3
3
3
3
3
3
3
79
100
73
87
79
90
100
100
49
4
3
3
3
3
3
1
3
72
66
39
58
48
66
61
79
55
28
4
3
1
3
3
