9
9
10
10
15
9
9
15
9
10
9
10
10
9
9
10
19
13
9
9
19
10
9
9
12
9
9
10
7
18
9
9
7
9
9
7
9
9
7
9
7
7
22
10
7
7
7
7
7
7
13
7
7
13
9
7
10
7
7
9
7
7
9
7
7
7
7
7
7
24
9
27
9
13
12
7
7
7
7
7
7
7
7
9
9
9
9
7
12
16
9
25
33
24
27
16
21
22
19
31
36
15
24
30
21
34
19
15
33
16
18
31
18
25
30
18
19
60
15
19
28
13
27
22
16
21
24
18
19
28
15
16
21
18
16
22
13
30
19
15
31
15
24
33
12
13
24
16
15
34
25
18
27
19
33
16
12
24
16
13
24
18
13
24
18
13
19
30
15
15
27
12
15
31
16
13
33
12
15
39
21
15
28
18
13
33
13
15
27
13
15
31
13
19
45
16
18
42
16
52
27
24
18
30
12
15
31
16
27
25
31
31
42
13
22
39
10
28
10
12
28
15
12
28
12
16
28
12
15
25
12
37
39
10
30
10
21
28
15
22
24
12
19
25
16
21
36
16
13
45
16
19
30
12
22
21
15
22
30
13
22
22
13
33
27
15
37
24
13
27
37
12
27
30
12
18
37
15
16
30
12
21
36
12
25
19
24
25
