100
94
100
58
60
79
81
63
100
72
84
84
81
97
78
91
79
100
100
64
66
54
84
100
100
76
99
100
100
100
43
81
99
49
55
73
73
69
72
97
85
76
76
78
78
100
96
100
100
100
93
55
70
66
63
63
85
100
69
81
100
94
100
94
76
82
100
100
79
100
85
45
57
75
60
93
100
82
84
78
81
93
88
100
97
100
97
99
100
100
97
99
97
100
100
97
100
85
67
76
84
93
85
100
100
84
37
42
67
72
69
100
73
100
46
69
64
69
76
88
100
87
84
100
97
100
100
100
100
100
88
78
79
100
93
88
91
99
88
100
100
99
100
93
100
100
100
100
100
100
100
97
100
99
100
100
100
100
100
99
100
85
100
100
100
94
100
100
100
100
100
100
100
100
100
100
100
100
100
100
100
100
100
100
100
100
100
100
100
100
81
79
94
100
100
100
90
87
72
100
100
99
79
100
100
94
100
100
100
90
100
94
100
100
100
100
96
100
100
97
85
100
100
87
96
99
94
96
100
100
88
88
85
100
100
91
100
100
99
99
94
100
100
100
100
100
97
100
100
100
93
88
100
100
93
100
100
100
100
100
100
100
100
100
100
100
78
87
100
100
100
100
100
78
100
100
100
90
100
69
70
81
85
96
100
100
87
93
