4
3
3
3
3
1
3
13
81
73
100
54
91
28
4
3
3
3
3
3
3
69
84
75
54
82
45
4
4
3
3
3
3
3
3
24
100
99
70
100
49
4
12
3
3
3
3
3
3
3
100
75
72
84
36
9
3
3
3
3
3
3
3
34
40
49
63
73
61
21
3
3
3
3
3
3
3
3
3
3
3
7
79
72
82
100
40
27
3
3
3
3
10
64
85
81
78
43
4
3
3
3
3
3
3
3
4
79
72
88
100
25
4
3
3
3
3
3
3
24
75
40
61
28
6
3
3
3
3
3
3
3
3
10
3
3
3
3
3
3
1
3
3
1
7
1
1
1
1
1
1
1
1
1
1
1
1
1
1
1
1
1
1
9
21
27
30
58
51
27
3
3
3
1
1
3
3
52
97
100
81
15
3
3
1
1
3
3
3
1
3
21
40
97
72
40
31
6
3
3
3
3
3
3
3
3
40
48
79
100
43
73
10
3
3
3
3
3
3
3
3
34
90
76
90
100
39
43
7
4
3
3
3
3
3
3
3
39
82
70
100
100
100
96
34
21
13
4
4
3
3
21
6
3
3
3
46
84
75
100
63
69
88
100
64
4
3
3
3
3
3
3
3
46
82
51
100
97
70
100
43
94
45
4
4
3
3
3
