6
3
3
3
3
3
3
18
82
100
55
64
64
49
4
4
3
3
3
3
3
55
57
73
100
58
39
4
4
3
3
3
3
3
3
28
42
69
63
61
36
4
18
3
3
3
3
3
3
3
100
66
70
72
40
78
4
3
21
3
3
3
3
3
42
96
87
78
76
28
22
3
3
3
3
3
3
3
3
3
3
19
75
76
78
70
37
4
3
3
3
3
31
100
73
57
99
61
4
3
3
3
3
3
3
3
12
100
100
94
87
69
4
3
3
3
3
3
3
25
100
49
48
55
15
9
7
9
3
3
3
3
3
12
3
21
4
3
3
4
3
1
3
1
16
3
3
3
3
1
3
1
1
1
1
1
1
1
1
1
1
1
1
7
69
39
79
69
100
13
39
3
3
1
3
1
9
30
58
78
76
19
3
3
3
3
3
3
3
3
3
19
24
78
96
63
79
6
3
3
3
3
3
3
3
3
27
60
46
52
88
28
10
3
3
3
3
3
3
3
13
24
67
97
91
100
70
10
4
3
3
3
3
3
3
3
3
58
66
100
82
75
100
100
39
12
13
4
4
3
3
3
3
3
3
3
15
70
100
100
96
100
100
100
85
6
4
3
3
3
3
3
3
19
46
87
39
60
73
72
96
36
45
4
4
3
3
3
