3
3
3
3
3
3
3
3
3
3
3
4
4
4
3
3
4
4
4
3
3
3
3
3
3
3
3
3
3
3
3
3
3
4
3
3
3
3
3
4
4
4
4
4
4
4
3
3
3
4
3
3
3
3
3
4
3
3
3
3
3
3
4
4
3
4
15
4
4
4
4
4
4
4
3
3
3
3
3
3
3
3
3
4
4
4
4
4
3
3
3
4
4
3
4
4
3
3
3
3
27
30
4
3
3
4
4
4
4
3
3
4
3
3
4
3
3
4
3
3
3
3
3
4
4
4
4
4
4
4
4
4
4
4
4
4
16
4
4
4
4
4
4
4
4
3
4
4
3
3
3
3
3
3
3
3
4
3
4
4
4
4
4
4
4
4
4
4
4
4
4
4
4
4
4
4
4
4
4
4
4
4
4
4
4
4
4
4
4
4
4
4
4
4
4
4
4
4
3
3
3
4
3
4
4
4
3
4
4
4
4
4
4
4
3
3
3
4
4
4
4
4
4
4
4
4
4
4
4
4
4
4
3
4
4
4
4
4
4
4
4
4
4
4
4
4
4
4
4
6
6
4
4
4
4
4
4
4
4
4
4
4
4
4
4
4
4
4
3
4
4
4
4
4
4
4
4
4
4
4
4
4
4
4
4
4
4
4
