67
76
73
76
72
70
70
78
72
75
73
75
67
72
69
72
67
67
73
67
78
70
66
64
64
63
70
67
66
61
61
60
58
82
54
58
49
49
52
48
49
60
55
46
49
51
66
46
55
49
42
40
39
42
37
34
34
34
36
34
33
34
31
33
30
30
30
28
34
33
27
28
27
27
28
27
27
25
28
22
24
24
37
22
22
22
22
21
21
21
21
21
22
21
19
21
19
25
52
24
22
21
24
22
25
30
27
25
33
33
25
64
31
30
34
34
22
22
22
22
24
24
28
24
24
22
24
28
22
28
25
28
30
25
25
45
28
27
55
28
30
30
31
33
36
36
43
40
40
40
45
34
37
37
40
40
57
55
45
49
63
67
72
73
70
75
70
73
85
79
78
81
81
78
79
85
87
90
91
82
99
79
82
93
90
79
81
82
88
85
84
79
87
91
94
84
88
88
97
96
97
99
100
100
100
100
100
100
100
100
100
100
100
100
100
100
100
100
100
100
100
100
100
100
100
100
100
100
100
100
100
100
100
99
100
100
100
100
100
100
100
100
100
100
100
100
100
100
100
100
100
100
100
100
100
100
100
100
100
100
100
100
100
100
100
100
100
100
100
100
100
100
100
100
100
100
100
100
100
100
100
100
100
100
100
100
100
100
