58
60
57
63
63
58
58
69
64
61
63
60
61
55
60
66
61
55
75
57
57
58
60
58
63
69
55
57
54
66
73
52
52
57
51
48
46
45
48
48
48
43
49
43
40
42
43
42
46
40
37
40
49
69
60
34
34
36
34
51
36
37
33
30
30
30
30
30
30
30
28
31
30
31
30
30
28
31
28
30
28
27
49
24
24
24
22
24
22
22
22
24
24
24
22
24
22
22
22
22
61
33
24
46
25
25
28
27
57
33
22
22
21
22
21
22
22
22
22
33
22
31
22
22
22
21
22
24
24
25
24
25
24
24
25
27
24
27
27
33
27
27
34
27
28
30
43
33
33
33
33
33
36
36
36
37
37
39
39
43
43
49
49
52
54
54
54
60
58
58
58
58
82
64
61
63
61
66
67
76
63
63
61
64
63
64
66
67
73
69
69
66
76
81
97
73
72
73
73
73
100
76
78
82
97
90
79
85
91
91
93
90
91
88
94
87
82
85
100
100
100
100
100
100
100
100
100
100
100
100
100
99
79
79
75
73
75
73
73
75
75
81
76
81
99
96
94
97
97
99
100
100
100
100
100
100
97
100
100
100
100
100
100
100
100
100
99
100
100
100
100
100
100
100
100
100
100
100
100
100
100
100
100
100
100
100
100
100
