66
67
70
70
72
72
72
75
72
70
69
69
69
66
69
73
70
66
63
70
70
72
69
82
66
70
67
66
75
69
66
63
58
57
57
52
52
55
46
52
51
51
46
46
45
45
43
42
45
51
51
39
42
43
33
33
31
33
33
43
30
34
31
31
33
28
28
27
36
24
22
24
24
24
22
22
21
21
22
22
22
21
28
19
21
18
21
18
18
18
18
18
18
19
27
19
22
19
19
19
28
19
30
36
27
28
21
42
33
19
19
21
21
21
21
19
19
22
19
21
21
21
21
21
22
21
22
24
24
24
27
24
28
24
24
24
24
25
27
25
25
27
27
28
28
30
30
33
30
31
33
33
34
34
37
36
39
36
39
37
49
58
58
63
61
63
63
72
73
69
72
70
76
76
75
75
78
81
84
79
81
81
79
90
81
81
81
79
85
81
82
82
88
100
100
91
93
99
94
94
100
94
100
100
100
100
100
100
100
100
100
100
100
100
100
100
100
100
100
100
100
100
100
100
100
100
100
100
100
100
100
100
99
99
97
99
100
100
99
100
100
100
100
100
100
100
100
100
100
100
100
100
100
100
100
100
100
100
100
100
100
100
100
100
100
100
100
100
100
100
100
100
100
100
100
100
100
100
100
100
100
100
100
100
100
100
100
100
