66
63
64
72
73
75
78
67
73
76
87
72
76
73
97
66
67
67
63
66
73
82
75
76
63
61
63
81
81
70
61
61
58
57
60
58
54
48
55
52
58
52
51
52
51
51
48
49
55
51
45
46
46
48
43
42
45
40
61
40
40
31
100
100
33
31
28
28
28
27
28
28
30
27
27
28
30
27
25
25
25
25
31
24
25
24
22
22
24
24
25
24
22
24
22
22
24
22
22
24
27
51
36
42
25
22
22
22
28
22
22
24
24
24
24
24
27
30
24
24
25
25
25
25
25
25
28
28
28
31
31
30
33
67
25
27
27
33
31
30
30
66
31
40
30
28
43
31
31
34
34
33
36
37
37
37
39
42
42
45
57
64
67
64
66
58
91
58
67
75
61
69
67
67
73
81
87
88
94
91
97
100
99
90
82
72
76
73
76
78
84
91
94
100
100
82
84
90
91
93
84
100
94
93
99
100
100
99
97
100
100
100
96
100
88
93
99
87
100
100
100
100
100
100
100
100
100
100
100
100
100
100
84
82
88
85
91
84
90
84
100
100
100
100
100
100
100
100
100
100
100
100
100
100
100
100
100
100
100
100
100
100
100
100
100
100
100
100
100
100
100
100
100
100
100
100
100
100
100
100
100
100
100
100
100
100
100
100
