64
63
63
64
66
64
69
64
64
72
64
66
64
63
63
73
60
57
57
61
66
72
60
60
60
55
64
57
57
54
54
55
57
58
49
49
51
51
46
51
54
49
45
48
42
42
43
40
45
48
40
40
51
52
39
34
34
34
34
46
33
33
30
30
31
30
33
27
25
24
22
24
24
49
21
22
22
22
22
22
22
21
31
21
21
21
19
19
19
19
19
19
19
21
21
24
36
36
18
19
34
21
19
21
21
19
21
27
42
25
24
19
19
19
21
21
22
21
19
21
21
22
22
24
21
34
22
22
22
25
24
24
24
24
24
25
24
24
25
25
24
30
25
27
28
28
28
31
31
36
34
33
34
39
33
33
34
36
36
36
48
55
57
60
85
57
60
61
66
63
66
61
64
70
64
66
69
100
75
70
72
69
69
69
72
73
66
73
72
72
75
73
81
85
91
81
93
84
81
84
84
91
87
88
100
91
93
99
100
96
96
94
94
91
90
96
90
100
100
100
100
100
100
100
100
100
100
100
100
100
100
100
82
79
79
81
81
79
87
78
84
85
91
85
97
87
93
84
91
100
85
88
100
100
93
87
90
100
100
100
97
100
99
99
100
96
100
100
99
100
100
100
100
100
100
100
100
100
100
100
100
100
100
100
100
100
100
100
