67
78
64
70
67
73
70
75
78
70
67
66
76
64
67
70
72
69
61
70
70
69
75
72
66
63
64
91
75
99
60
60
57
61
52
57
46
46
48
51
60
46
48
57
45
48
43
43
54
46
42
42
43
48
37
37
42
36
36
40
34
39
33
31
37
36
25
27
27
27
24
25
25
34
25
24
24
24
22
24
36
22
25
24
24
22
22
27
27
21
27
21
21
21
19
19
19
19
19
21
33
25
37
58
18
18
18
19
25
19
19
19
19
19
21
19
21
22
21
21
22
22
46
24
22
22
24
24
24
25
46
27
25
27
25
28
31
36
28
28
28
42
30
34
31
34
34
60
34
43
46
39
36
42
40
40
43
46
43
42
61
73
69
70
69
72
70
76
85
88
81
85
87
100
93
87
97
91
91
99
97
99
94
100
96
100
100
100
100
100
100
91
100
100
100
100
100
100
100
100
100
100
100
100
100
100
100
100
100
100
100
100
100
100
100
100
100
100
100
100
100
100
100
100
100
100
100
100
100
100
100
100
100
100
100
100
100
100
99
100
100
100
100
100
100
100
100
100
100
100
100
100
100
100
100
100
100
100
100
100
100
100
100
100
100
100
100
100
100
100
100
100
100
100
100
100
100
100
100
100
100
100
100
100
100
100
100
100
