64
69
63
63
63
73
69
64
63
63
60
63
60
57
64
72
63
60
61
64
67
66
63
61
63
58
66
61
58
66
54
57
54
52
52
46
66
46
46
48
48
43
42
42
40
42
40
40
42
43
37
39
64
45
34
36
31
31
33
46
28
31
27
25
25
25
25
25
25
24
22
25
25
25
49
25
24
22
22
22
22
21
33
28
31
21
24
25
21
19
21
21
28
21
21
24
22
21
21
21
54
31
22
25
21
31
25
24
45
22
21
21
19
19
19
19
21
21
19
21
21
21
28
21
22
22
22
24
24
25
27
31
22
22
24
24
24
24
24
24
25
25
25
25
28
27
28
28
28
28
51
28
33
30
31
31
33
34
34
36
48
57
70
55
55
55
58
81
58
61
61
79
85
69
73
75
69
70
69
64
66
63
64
69
64
66
69
79
75
73
69
73
75
100
88
75
75
81
81
81
81
82
99
85
100
99
99
100
100
100
100
99
99
96
96
99
93
91
100
100
100
100
100
100
100
100
100
100
100
100
100
100
88
85
93
91
91
90
90
90
91
88
91
91
90
88
96
93
94
99
100
97
97
100
97
100
96
99
99
100
100
100
100
100
100
91
87
100
100
100
100
100
100
100
100
100
100
100
100
100
100
100
100
100
100
100
100
100
