36
34
36
37
36
37
36
36
36
37
34
33
31
30
34
34
34
31
31
34
34
36
34
33
33
28
33
36
31
31
28
25
24
25
24
22
22
22
22
22
22
21
21
19
19
19
18
18
31
24
22
25
25
24
24
24
21
27
27
25
25
24
19
21
21
19
21
19
18
16
16
16
15
15
13
13
13
15
15
15
13
15
13
15
15
13
13
13
13
13
12
12
12
12
10
10
10
7
10
10
10
9
6
7
7
9
10
15
13
13
13
12
15
13
13
13
13
12
15
10
10
13
15
15
15
15
15
13
15
13
15
13
13
12
12
10
13
13
13
13
15
13
13
13
16
19
18
21
21
21
22
22
19
19
21
24
24
21
22
24
25
25
25
25
25
25
24
25
27
27
27
27
27
27
27
30
28
30
31
30
30
31
31
28
24
24
25
24
25
81
37
34
33
34
34
34
36
37
37
37
39
39
39
39
39
31
30
31
33
31
33
34
33
33
34
31
30
28
63
63
63
61
60
60
60
60
60
58
58
55
55
48
36
24
24
24
25
25
24
24
25
25
25
25
25
25
25
25
25
25
25
25
25
25
25
25
27
27
27
27
27
28
28
27
28
27
27
28
33
36
37
39
37
40
39
40
42
46
48
46
46
46
45
45
45
45
43
43
