27
24
24
24
24
33
30
27
24
24
22
21
21
19
24
22
22
21
22
25
25
27
24
22
21
19
22
22
21
19
18
16
15
15
15
15
15
15
16
18
16
13
13
13
13
13
13
12
22
15
15
18
16
15
16
16
15
18
18
16
16
15
13
13
15
13
13
13
12
10
10
10
10
9
9
7
9
9
7
9
9
7
7
9
9
7
7
7
7
7
7
7
7
9
7
7
7
6
6
6
6
6
4
4
4
4
6
9
9
7
7
9
9
9
9
9
9
7
9
6
6
7
9
9
9
9
9
9
9
7
7
7
7
7
7
6
9
9
9
9
9
9
9
9
10
12
12
13
13
13
13
13
12
12
12
13
15
13
13
15
16
16
16
16
16
16
16
16
18
18
18
16
16
18
18
19
18
21
21
19
19
19
21
21
19
19
21
22
25
22
24
22
22
22
21
22
22
73
31
27
24
25
18
18
18
18
19
21
24
22
25
24
24
22
22
24
21
19
46
48
42
42
43
40
40
39
40
39
39
39
37
31
24
18
15
16
16
15
16
15
15
15
15
15
16
18
16
15
18
15
15
15
15
15
13
15
18
16
19
18
18
18
18
18
18
18
18
19
27
25
28
27
28
28
25
27
25
27
30
28
27
30
30
33
30
30
30
28
