33
28
31
30
30
30
30
31
30
31
36
30
31
31
33
36
33
34
34
33
36
34
34
33
34
36
36
36
34
36
36
34
34
33
34
31
36
33
34
30
28
28
28
27
30
27
31
33
28
28
30
25
25
27
25
28
25
27
22
22
22
21
21
19
19
18
19
18
18
16
18
16
16
16
16
15
15
15
15
13
13
13
15
16
13
13
13
13
13
13
15
12
12
12
13
12
13
13
13
12
13
12
13
12
12
12
12
12
12
12
12
12
12
10
13
10
10
12
12
12
12
13
12
12
12
12
12
12
13
12
15
13
15
15
16
15
16
15
16
15
16
16
18
19
21
25
22
21
22
22
24
22
24
24
25
24
27
27
27
30
31
31
31
33
33
34
37
36
36
37
37
36
36
39
37
39
39
37
40
36
40
34
36
37
39
36
39
43
40
36
42
39
40
46
43
42
43
42
40
42
43
42
39
43
40
40
42
42
45
43
43
45
42
43
45
46
46
43
43
43
42
43
46
49
45
46
48
46
43
45
43
46
45
46
39
43
42
39
46
45
39
42
40
40
40
42
40
43
43
42
43
42
42
43
45
42
39
40
39
40
40
39
40
39
40
42
37
37
43
39
37
40
40
40
40
39
37
39
39
40
39
39
39
34
37
36
39
34
