70
82
79
99
91
96
91
97
87
100
100
100
99
85
85
90
96
96
99
84
91
100
85
84
81
75
84
82
81
79
81
84
78
99
88
88
85
85
88
93
88
93
91
81
81
78
78
76
78
73
78
79
69
70
72
72
67
61
73
66
69
76
76
70
67
67
73
69
75
64
55
61
84
82
75
79
69
64
57
58
63
69
69
82
81
85
84
81
60
54
55
61
61
63
69
60
60
57
58
49
42
37
37
43
48
48
49
51
51
51
46
43
45
46
55
57
52
51
48
48
48
40
46
37
34
49
55
55
60
58
51
64
51
42
51
58
55
51
51
40
60
52
46
42
43
46
45
43
45
43
42
52
54
54
55
55
43
63
60
58
60
57
55
58
66
67
67
72
64
75
82
79
78
72
75
76
70
70
75
60
54
48
45
63
54
58
57
69
64
61
67
66
75
84
78
87
88
81
93
75
81
85
91
100
87
81
94
94
93
100
94
100
100
91
97
100
100
97
100
100
100
100
100
100
100
100
100
100
100
100
100
100
100
100
100
100
100
100
100
100
100
100
100
100
100
100
100
100
100
100
100
100
93
100
100
100
97
100
100
100
100
100
100
100
100
100
100
97
100
100
100
100
100
100
100
100
100
100
100
100
100
100
100
100
100
100
100
100
