91
87
84
93
91
99
93
91
88
96
96
94
87
87
84
85
85
85
85
87
88
91
100
87
88
93
100
90
88
93
88
88
87
90
87
90
87
84
81
82
82
85
79
79
81
78
100
76
75
72
73
79
75
69
70
69
72
67
66
67
69
63
66
66
63
63
61
64
58
57
63
82
57
54
54
52
49
51
49
48
46
43
46
42
42
42
40
39
43
39
40
37
37
37
34
66
34
31
31
30
39
33
31
33
30
30
31
30
28
30
28
28
31
30
28
28
28
30
30
60
30
31
30
30
34
31
33
36
37
36
37
36
37
37
39
37
40
40
40
43
42
45
43
52
70
49
49
52
55
54
57
60
60
60
63
63
67
64
76
69
70
69
73
73
75
78
73
96
100
87
88
88
87
90
87
87
90
94
100
99
88
91
90
93
94
100
99
99
100
100
100
100
100
100
100
100
100
100
100
100
100
100
100
100
100
100
100
100
100
100
100
100
100
100
100
100
100
100
100
100
100
100
100
100
100
100
100
100
100
100
100
100
100
100
0
100
100
100
100
100
100
100
100
100
100
100
100
100
100
100
100
100
100
100
100
100
100
100
100
100
100
100
100
100
100
100
100
100
100
96
100
99
97
97
91
94
88
90
91
91
87
88
90
94
88
90
94
96
