55
57
55
57
55
61
61
60
60
61
61
60
60
58
60
58
58
63
67
58
60
60
60
60
60
60
60
60
58
58
60
58
57
60
57
55
57
57
57
58
57
55
54
57
55
57
52
49
51
49
46
54
48
49
48
46
46
48
46
46
46
46
45
45
45
43
45
43
45
43
42
42
43
43
42
40
39
40
40
39
39
39
40
40
45
45
45
45
42
43
45
42
40
45
42
42
42
42
42
40
43
45
40
40
40
42
40
45
42
45
40
39
39
39
40
40
40
40
40
42
42
40
42
42
40
42
43
52
54
55
55
51
51
48
48
45
46
45
45
45
46
48
49
45
45
45
46
48
48
48
48
49
54
52
51
54
54
55
57
55
54
55
57
58
55
57
60
73
75
64
60
63
67
63
63
63
64
66
66
67
66
66
67
66
69
67
69
69
72
70
70
72
73
73
73
73
73
75
73
75
75
75
76
75
76
75
76
76
76
76
78
76
78
76
75
75
76
76
78
79
76
76
75
75
73
73
72
72
75
76
75
78
75
73
73
73
73
76
76
73
70
70
72
72
72
75
76
79
81
76
73
73
75
70
70
73
70
73
72
72
72
73
72
70
72
70
70
72
69
70
72
70
72
70
72
70
70
67
67
67
69
70
70
72
69
72
69
69
