64
61
61
64
61
69
60
61
61
60
67
61
63
60
63
73
61
61
61
66
63
69
66
63
67
63
67
64
64
63
63
67
66
63
61
66
60
61
61
61
60
60
57
57
60
57
57
57
60
57
55
54
57
51
52
51
46
49
54
49
48
49
48
48
54
46
49
48
49
48
49
46
48
46
46
46
51
46
43
46
43
43
46
51
46
46
46
46
49
43
45
46
43
45
43
48
46
45
43
45
48
52
45
43
45
45
45
49
46
45
45
45
45
45
51
46
46
46
45
45
51
46
48
46
49
46
51
48
48
49
48
48
52
49
48
49
48
48
54
48
48
49
49
57
52
52
51
52
57
54
55
54
57
63
58
58
61
61
67
66
63
67
66
66
67
75
73
70
73
76
72
75
78
78
76
78
82
79
76
84
79
82
87
84
84
91
84
84
90
84
88
87
87
90
85
87
91
87
88
91
91
91
96
90
93
91
91
93
91
97
94
91
94
93
91
93
93
96
96
94
97
97
94
96
96
96
99
94
93
100
96
99
94
90
97
91
91
88
88
91
91
90
99
88
97
90
91
91
87
88
91
88
88
97
88
87
90
88
90
90
85
84
91
85
85
87
81
84
88
84
87
88
85
87
87
82
85
85
85
90
100
100
100
100
100
100
100
100
