60
61
55
55
52
55
55
58
49
49
49
55
55
55
52
54
51
51
61
58
55
55
54
57
60
57
52
54
60
52
58
58
55
58
52
51
55
58
52
48
51
46
51
52
54
51
49
49
54
51
51
45
46
43
48
48
48
45
42
40
46
48
45
40
42
42
45
45
45
39
39
40
43
45
43
40
40
45
43
45
39
42
39
37
42
43
39
37
42
39
43
43
37
39
37
42
42
45
37
37
39
43
42
42
37
39
37
37
46
42
39
37
37
37
45
43
40
39
37
39
46
46
40
40
40
42
48
46
40
39
39
40
49
46
42
40
42
42
48
48
42
43
42
42
54
51
43
46
45
49
52
52
48
48
52
49
54
57
51
54
52
54
58
63
55
55
55
60
70
67
64
60
61
64
66
69
63
64
61
64
75
70
66
70
66
67
79
76
72
70
70
72
75
79
76
73
78
72
79
84
70
75
76
70
81
79
76
79
73
78
78
82
73
75
76
73
82
81
75
79
75
76
79
81
75
73
76
70
76
81
72
76
72
72
78
78
70
72
70
73
75
76
76
72
69
73
75
79
70
72
72
67
76
73
69
72
72
69
76
73
69
72
70
70
73
73
67
67
66
72
70
72
69
64
64
66
67
69
63
70
66
61
66
76
64
61
66
61
