43
40
42
36
42
37
27
39
28
42
33
36
30
33
36
31
39
42
42
43
42
45
36
36
34
42
43
43
39
39
42
40
48
37
39
40
39
45
48
36
34
34
40
37
39
40
39
42
42
37
42
34
34
37
39
40
46
42
40
40
36
42
31
39
42
37
36
39
37
39
37
46
40
39
24
36
39
33
40
36
42
40
28
33
37
33
27
33
40
40
28
33
42
33
36
36
37
37
33
39
34
34
37
40
39
37
27
34
37
28
39
39
40
28
30
36
39
39
39
37
34
30
30
34
42
37
30
27
34
36
28
33
31
31
37
33
34
36
33
33
31
34
36
39
34
37
34
37
42
39
36
43
39
30
36
34
39
33
30
33
36
27
34
33
30
34
34
33
40
30
28
28
28
22
37
37
30
25
33
34
36
31
33
40
37
46
36
39
37
37
37
37
34
36
40
39
33
37
34
37
39
39
36
34
40
31
30
42
33
36
33
34
36
36
39
33
34
40
37
28
30
36
36
36
36
34
40
39
33
36
30
33
37
42
37
39
31
36
39
42
37
40
34
36
31
25
25
36
36
39
34
30
37
34
34
42
37
40
40
33
37
40
40
39
40
39
42
45
33
36
36
33
42
39
30
31
31
37
34
37
33
25
33
31
30
30
33
31
