4
4
4
4
4
4
4
4
4
4
4
4
4
4
4
4
4
4
4
4
4
4
4
4
4
4
4
4
4
4
4
4
4
4
4
4
6
6
6
6
4
4
4
4
4
6
6
6
10
7
9
9
9
9
7
7
6
6
7
7
7
7
7
9
7
7
7
9
10
10
9
9
9
10
9
10
9
9
9
9
9
7
6
6
7
9
7
6
7
6
7
7
7
7
9
7
10
10
13
12
12
12
13
13
13
13
13
13
16
16
15
10
13
13
16
15
18
18
16
16
21
27
27
28
25
22
25
25
22
22
24
19
30
34
28
27
28
24
24
18
18
16
13
15
22
21
21
27
31
25
33
39
45
43
42
39
58
51
48
49
45
40
43
48
46
42
40
55
52
51
48
49
48
46
43
43
48
49
45
45
49
43
46
43
40
40
48
43
51
51
55
60
60
60
55
55
49
48
48
46
42
45
43
40
45
46
43
43
46
46
51
48
49
48
43
42
52
48
48
45
42
45
43
43
43
42
39
39
43
42
39
42
42
39
42
43
40
42
43
45
42
39
42
48
48
46
45
45
46
43
34
33
39
43
36
37
31
36
39
36
25
25
19
16
21
21
19
19
16
18
21
19
19
16
13
13
15
15
13
12
12
12
10
10
9
10
9
7
