100
100
100
100
100
100
100
100
100
100
100
100
100
100
100
100
100
100
100
100
100
100
100
100
100
100
100
100
100
100
100
100
100
100
100
100
100
100
100
100
100
100
100
100
96
90
91
73
90
93
99
94
94
97
87
84
79
84
76
75
76
76
69
69
63
61
57
57
51
60
46
49
39
40
34
33
36
34
30
34
28
25
24
22
24
24
21
18
19
18
19
19
16
21
19
16
16
21
16
16
16
18
13
15
15
12
15
18
16
13
12
12
15
13
12
15
16
16
19
18
18
22
18
21
24
24
24
30
27
31
27
25
30
31
34
37
36
45
42
45
45
45
48
55
61
73
73
75
79
81
84
87
88
100
97
100
97
100
100
100
100
100
100
100
100
100
100
100
100
100
100
100
100
100
100
100
100
100
100
100
100
100
100
100
100
100
100
100
100
100
100
100
100
100
100
100
100
100
100
100
100
100
100
100
100
100
100
100
100
100
100
100
100
100
100
100
100
100
100
100
100
100
100
100
100
100
100
100
100
100
100
100
100
100
100
100
100
100
100
100
100
100
100
100
100
100
100
100
100
100
100
100
100
100
100
100
100
100
100
100
100
100
100
100
100
100
100
100
100
100
100
100
100
100
100
100
100
100
100
100
100
100
100
100
100
100
100
100
