24
24
24
24
21
22
24
27
27
25
25
22
24
22
21
21
21
21
21
24
25
25
24
22
22
24
22
22
25
27
27
28
25
24
25
24
24
24
24
25
24
24
25
25
22
22
21
21
21
19
19
19
19
19
18
19
18
16
16
16
16
16
16
16
16
15
15
16
16
13
15
13
13
13
13
13
13
12
12
15
13
12
12
12
12
12
12
12
10
10
10
12
10
10
10
9
9
9
9
9
7
9
9
9
9
9
9
9
9
9
9
9
9
9
9
10
9
9
9
9
7
9
7
7
7
9
9
10
10
9
9
9
9
9
9
10
9
10
9
12
12
10
10
12
12
12
12
12
13
15
15
18
16
16
18
18
16
18
16
16
16
19
18
21
21
22
21
21
22
22
22
21
19
19
21
22
21
21
21
21
21
22
22
22
22
21
21
22
24
27
27
24
24
24
22
24
22
25
22
25
25
28
27
25
24
22
21
21
25
27
28
31
30
30
28
28
28
28
27
28
30
28
28
30
30
27
28
30
28
28
28
27
25
25
25
28
28
27
28
30
28
27
28
31
28
25
27
28
28
25
27
27
28
28
27
27
25
25
24
27
30
30
30
28
28
30
27
28
28
27
27
30
28
28
25
27
25
24
24
22
24
25
24
27
25
24
24
25
