36
36
36
31
33
31
31
30
30
30
33
36
33
34
34
40
43
40
42
40
40
42
45
43
45
42
42
42
43
45
43
43
45
43
48
48
49
49
51
49
48
48
48
46
43
45
43
43
43
43
42
42
40
46
43
37
36
40
37
36
34
34
33
30
30
28
28
25
27
27
27
25
24
21
19
18
19
18
16
18
18
16
15
16
19
18
16
16
16
15
15
15
13
13
13
10
10
12
9
9
10
10
10
12
12
10
9
10
10
10
10
9
9
7
7
7
7
6
6
6
6
6
7
6
6
6
7
7
6
6
6
6
7
7
9
9
10
10
12
10
12
13
13
13
13
13
13
13
15
13
15
13
13
13
13
13
13
18
15
18
18
19
22
21
21
21
21
21
24
28
27
27
24
22
22
22
22
25
27
28
27
33
36
36
33
31
34
37
34
33
34
34
34
37
39
36
36
34
34
34
33
37
40
43
43
42
43
45
45
40
43
43
45
42
40
42
43
45
48
46
46
45
43
42
42
43
46
46
43
40
40
39
43
37
39
40
43
45
43
46
49
51
43
42
42
45
46
48
48
46
46
48
48
49
52
51
51
51
49
51
49
51
48
45
46
46
46
45
42
40
37
36
39
36
42
40
43
42
39
39
37
42
43
39
40
42
39
42
