16
16
15
12
10
12
12
13
13
15
16
18
16
15
15
16
16
16
21
19
16
15
15
15
15
16
16
18
21
19
16
16
19
18
18
18
16
16
13
15
16
16
15
15
15
16
15
13
12
12
12
12
12
12
13
12
13
13
12
13
15
15
15
15
13
13
15
12
13
13
13
12
13
13
13
13
15
13
13
13
12
13
13
13
15
15
13
15
13
13
13
13
13
13
13
12
15
15
16
16
16
16
16
15
16
15
15
16
16
16
16
16
16
16
15
15
16
16
15
15
19
21
18
16
16
16
15
16
16
16
18
18
19
19
19
18
16
15
15
13
13
15
13
15
16
16
13
15
15
16
18
16
16
16
16
18
15
15
18
16
16
19
18
16
15
13
15
16
18
16
15
15
15
15
16
16
16
15
15
15
15
15
18
18
18
19
19
16
16
16
19
16
16
19
18
18
13
13
18
16
16
19
24
21
22
22
24
18
18
16
16
18
16
16
18
18
21
19
18
19
19
18
16
18
18
18
16
16
16
18
19
19
19
19
21
24
22
19
16
16
18
22
19
19
15
15
18
18
18
18
16
16
16
18
16
16
15
21
19
19
18
18
18
18
19
19
16
18
42
25
18
21
19
13
13
15
15
15
16
13
13
15
16
16
16
18
18
15
