18
16
16
15
13
18
18
15
15
16
16
18
18
18
16
15
15
13
15
12
15
15
15
13
15
13
12
12
13
12
13
13
13
13
15
13
15
16
13
13
15
13
13
13
13
12
13
13
13
13
15
13
13
13
13
13
15
15
15
15
15
15
13
15
16
18
15
13
13
12
12
12
13
13
15
13
15
13
13
13
13
13
12
13
15
15
16
18
16
15
15
18
16
18
18
16
16
15
15
15
15
13
15
15
15
15
15
15
16
15
15
15
13
13
15
15
16
16
16
18
18
18
15
16
19
18
21
18
18
18
18
21
21
18
16
16
21
21
19
19
18
16
18
16
16
15
16
18
18
16
15
16
15
16
18
16
16
16
18
15
18
19
19
18
18
18
18
18
21
19
16
16
18
19
19
18
19
21
21
19
19
18
21
19
21
18
18
18
18
18
19
19
16
18
19
18
12
13
16
13
13
16
19
15
19
21
21
18
18
19
21
21
21
21
19
19
21
21
18
18
19
18
19
16
15
16
16
16
18
19
18
19
21
18
21
22
22
19
16
16
18
24
19
18
18
16
15
16
18
16
19
19
21
22
19
16
16
22
21
22
19
19
18
18
19
21
15
15
40
25
16
16
16
15
15
16
16
16
16
13
15
15
15
13
13
15
16
16
