28
30
31
31
33
33
33
31
28
31
34
31
31
31
33
30
31
33
37
33
34
33
30
28
28
28
28
27
27
27
28
28
27
31
25
25
25
24
24
24
25
28
25
25
25
25
24
25
25
25
24
24
25
24
22
25
24
24
24
24
25
25
25
22
25
25
25
24
25
25
24
30
28
27
27
25
22
22
22
22
25
27
27
27
28
24
22
22
22
22
22
22
22
22
22
24
24
21
24
21
21
21
21
19
24
25
25
27
24
22
21
19
21
21
22
24
22
22
24
24
22
22
24
24
25
25
27
28
30
27
31
30
30
27
28
27
25
25
24
22
27
25
25
24
24
24
25
25
24
27
25
30
24
25
22
24
19
24
30
22
22
22
22
22
24
27
27
28
30
27
27
30
31
30
24
24
25
28
21
27
25
25
25
27
25
27
25
25
27
27
27
30
33
33
34
33
33
34
36
34
33
36
39
37
30
31
33
33
48
49
48
46
48
52
48
45
48
49
51
51
43
40
46
40
39
42
42
46
46
45
45
43
45
40
45
48
100
94
76
48
46
43
43
46
49
51
55
51
46
48
48
42
42
42
43
42
40
42
42
30
28
37
39
42
40
34
45
43
40
45
40
40
42
46
45
45
45
40
42
39
43
42
40
40
42
40
39
36
