33
30
24
24
24
25
27
36
33
31
31
28
33
33
25
25
24
24
27
28
24
22
22
22
27
27
22
21
21
21
25
27
21
22
21
21
24
25
24
22
21
19
24
27
22
21
19
18
22
24
19
19
18
18
22
24
21
21
21
21
25
27
24
21
22
22
27
27
24
22
22
24
25
28
22
21
19
19
22
22
19
19
19
19
22
25
22
21
19
19
21
22
19
19
19
18
21
21
18
16
16
16
19
21
18
18
18
18
21
22
19
16
16
16
21
22
18
18
16
18
21
22
19
16
18
18
22
22
27
27
25
22
22
21
19
16
16
15
13
15
15
18
18
16
21
22
18
18
18
18
19
22
19
18
18
18
19
22
19
18
18
18
19
22
19
18
18
19
21
22
21
19
21
21
24
25
24
21
19
24
27
28
25
25
25
27
28
31
25
24
24
24
28
28
28
24
22
21
27
31
28
28
31
31
31
33
28
28
27
24
30
36
31
33
31
30
33
33
30
25
31
27
28
34
31
30
30
30
33
34
31
30
30
30
31
34
37
43
43
39
100
85
58
31
27
31
34
36
31
31
30
34
37
36
31
30
30
31
33
33
28
27
28
28
33
28
28
28
28
28
33
33
30
30
24
27
27
27
24
22
22
19
22
22
15
21
27
27
