24
24
24
22
24
28
27
25
24
24
24
22
25
25
25
22
21
24
22
24
25
25
27
28
24
25
30
27
22
24
25
25
24
24
24
24
24
21
24
27
28
25
25
25
30
27
28
27
25
24
24
27
25
27
27
22
24
25
22
21
21
21
24
19
19
19
21
21
22
19
19
21
22
22
25
24
24
24
24
24
25
24
25
22
24
24
24
22
27
25
27
27
31
27
24
22
22
22
27
24
24
24
27
28
25
25
25
30
27
27
28
24
22
22
22
24
27
25
24
27
25
25
25
22
25
24
25
27
28
30
34
30
27
27
25
27
30
31
27
30
28
33
33
31
31
30
30
30
28
31
28
33
33
34
36
42
45
43
46
43
40
43
45
43
48
42
45
46
48
48
42
45
40
40
48
45
45
43
46
48
48
46
39
48
45
42
46
43
46
45
45
43
43
49
49
45
45
42
42
48
51
45
46
46
42
45
43
43
49
49
54
54
46
51
46
40
40
40
46
48
42
46
46
52
43
43
46
46
49
49
48
48
49
42
43
43
45
48
48
48
43
48
45
48
52
54
48
46
42
42
46
48
43
43
45
46
43
46
45
43
48
43
43
42
46
46
40
40
40
39
34
45
42
40
40
39
37
33
37
34
34
36
37
45
37
36
48
43
