19
16
18
18
18
19
22
22
21
22
25
22
19
19
19
16
19
19
19
21
19
19
19
21
21
22
22
24
22
22
22
22
24
22
19
21
25
18
19
18
19
18
19
21
22
21
21
19
18
21
18
19
18
19
18
19
18
18
19
19
19
19
19
19
19
19
21
19
21
19
24
21
21
19
21
18
18
19
16
18
16
18
18
18
19
24
21
19
18
21
21
21
22
25
28
25
24
24
24
22
24
22
24
22
22
27
27
27
24
24
24
24
24
24
22
27
31
27
28
25
25
25
22
24
25
25
22
22
24
27
25
22
24
22
24
27
22
28
30
24
24
27
27
27
25
25
21
25
25
27
27
28
27
27
25
27
30
30
34
27
30
30
27
28
30
28
28
37
34
33
31
34
37
36
36
30
31
37
34
33
37
37
37
36
36
34
39
37
40
42
39
43
37
37
34
39
36
39
39
40
42
39
42
43
45
40
36
39
39
45
42
43
46
45
39
39
42
42
37
36
37
40
39
39
39
43
42
39
43
40
42
46
45
45
49
51
60
60
54
51
52
48
49
45
42
42
45
43
40
48
42
40
39
31
37
36
34
33
30
34
34
34
30
30
28
31
33
34
31
37
34
37
34
34
37
30
33
30
28
27
27
27
28
28
25
30
27
27
