36
51
43
39
39
31
27
37
37
30
18
60
22
57
37
48
28
36
63
43
51
36
36
55
55
46
58
40
28
43
30
33
49
19
33
55
51
33
49
67
30
49
31
43
66
45
49
60
40
54
67
31
25
25
30
30
30
40
36
19
22
33
24
27
28
27
30
37
54
43
31
36
46
30
52
48
60
31
34
34
31
46
28
34
39
31
36
25
24
42
37
64
34
64
58
34
58
54
45
51
48
34
39
31
28
49
75
40
22
30
40
39
27
31
46
43
33
37
25
36
36
42
33
25
40
30
43
42
49
34
72
34
31
28
34
36
27
31
28
45
45
52
33
34
78
48
57
25
21
27
27
48
34
39
25
15
37
36
42
36
21
55
36
57
18
40
46
21
31
31
34
36
54
36
45
31
37
40
51
30
31
37
61
46
39
33
28
54
36
36
43
40
34
52
48
27
45
36
36
49
42
33
45
39
27
46
64
63
33
27
48
28
15
24
16
42
45
40
33
60
28
25
22
57
31
49
51
58
24
30
58
52
28
28
42
46
43
43
34
33
49
36
52
28
45
39
45
46
34
54
28
37
34
42
46
51
39
34
28
33
31
25
43
49
42
34
37
39
21
33
28
33
36
25
28
31
37
51
34
24
34
21
36
30
36
33
30
76
