10
7
9
6
6
9
10
10
10
7
4
7
4
7
10
9
10
7
6
6
6
7
6
9
3
9
7
6
7
9
10
4
10
12
7
9
7
9
9
7
10
10
10
7
6
9
6
10
7
7
7
9
10
6
6
7
10
10
10
10
7
9
9
7
9
9
7
7
12
10
25
9
7
6
10
10
13
10
13
6
10
9
12
10
7
7
10
10
6
7
6
6
6
6
6
6
9
6
6
7
7
10
9
6
6
6
6
3
6
10
6
6
6
6
9
10
10
10
6
10
3
10
6
7
7
7
9
9
13
7
10
10
9
3
10
6
9
6
6
10
6
9
9
6
6
6
10
6
6
7
4
6
3
3
3
10
7
6
9
3
9
6
7
9
4
9
7
10
7
9
7
3
7
3
9
6
3
6
7
3
9
9
9
9
10
10
7
9
6
9
7
6
6
6
7
6
6
6
12
9
7
3
3
7
9
9
9
7
7
7
9
3
6
6
6
9
7
9
7
9
7
6
7
10
6
6
9
10
6
6
6
7
9
9
9
10
10
3
3
3
6
7
6
4
6
6
6
9
6
3
6
6
12
3
10
10
13
10
6
9
7
9
7
9
7
6
9
7
7
7
10
4
0
7
3
12
10
3
10
3
3
6
9
6
6
4
3
7
