36
64
51
52
88
46
57
49
60
82
37
39
31
61
51
61
61
27
51
55
51
46
28
28
48
33
54
51
82
40
37
40
21
25
61
28
13
60
72
81
58
61
30
70
21
34
42
55
46
78
28
45
34
37
61
49
72
90
70
34
97
91
36
34
63
67
61
73
58
70
66
79
42
43
46
70
67
76
69
76
100
81
100
93
78
43
60
82
61
76
99
90
73
94
70
61
54
54
85
64
82
73
51
100
39
70
70
87
54
45
66
60
34
58
28
84
54
48
60
46
43
63
87
46
72
48
34
48
48
70
57
90
36
63
36
70
78
90
84
54
63
75
48
84
66
60
51
67
40
33
52
66
78
91
33
49
66
43
73
58
40
78
85
67
49
54
55
58
64
43
67
96
63
84
63
49
58
39
31
88
69
69
64
81
63
85
40
85
67
87
37
43
78
61
70
69
60
70
61
55
66
64
81
45
64
69
58
45
51
66
70
43
55
81
78
49
61
55
46
64
46
58
78
37
39
33
63
46
24
46
63
34
33
48
42
57
30
75
51
100
40
60
72
16
42
21
37
22
42
76
31
40
42
31
31
37
57
27
87
19
31
18
40
81
52
46
22
36
40
51
31
33
52
19
42
24
24
42
15
63
34
10
25
78
40
43
46
30
