0
4
3
0
0
0
3
3
4
1
3
1
1
3
3
4
3
4
3
4
3
0
0
0
0
0
4
0
1
4
4
0
0
3
0
0
0
0
3
3
3
0
3
3
3
0
0
1
0
1
0
4
0
7
4
4
1
3
0
0
1
3
3
0
0
0
4
0
3
16
3
3
4
22
3
3
4
3
3
0
16
0
0
4
4
4
3
3
3
0
0
4
4
3
4
3
3
3
1
1
3
4
3
13
0
4
3
4
3
0
0
0
3
0
0
1
0
4
3
3
1
0
4
4
0
3
4
3
4
3
3
4
13
3
3
0
0
3
0
7
4
4
3
3
4
4
1
0
0
3
3
3
4
4
0
4
4
1
4
4
4
3
19
3
3
3
0
0
0
3
3
4
3
1
1
3
3
0
16
4
13
3
19
3
4
1
0
4
0
4
13
3
3
0
4
3
0
4
0
0
4
16
0
4
3
1
3
3
3
4
0
1
3
3
0
3
0
1
3
3
3
3
3
3
0
3
1
0
3
3
4
3
3
3
10
3
4
0
3
3
4
4
0
0
3
4
3
3
0
3
0
0
3
4
0
1
0
4
4
3
7
3
1
3
4
13
0
0
3
3
13
0
1
0
3
3
3
1
4
4
0
3
0
7
0
0
0
4
