21
18
18
19
15
19
18
12
12
12
12
12
15
9
3
6
3
12
6
9
13
15
6
15
6
12
12
12
21
9
16
15
9
12
18
9
18
9
21
15
19
15
9
12
9
13
9
18
9
12
6
15
12
6
28
6
3
3
9
9
12
3
6
18
6
25
6
12
3
6
6
9
22
6
12
9
9
6
6
6
12
3
3
100
9
6
12
12
28
22
9
15
13
6
12
12
15
9
6
3
12
9
9
25
12
16
3
6
57
6
6
6
18
6
9
12
9
15
6
25
6
3
6
6
9
12
6
3
15
10
22
25
6
22
9
18
6
15
6
22
6
6
15
3
25
3
9
19
3
9
9
12
9
12
12
3
6
6
21
12
12
9
12
10
9
12
9
9
9
25
12
19
21
9
12
25
6
3
25
15
12
9
15
28
15
19
12
19
25
22
15
15
18
9
18
12
9
13
9
6
19
16
9
9
22
37
12
15
12
24
15
6
21
31
9
19
16
19
18
12
19
9
15
9
6
25
9
22
6
15
15
15
12
19
16
15
12
18
21
7
12
9
9
9
10
22
12
15
12
9
12
12
12
6
6
9
6
9
18
6
3
6
12
6
9
9
12
6
15
15
3
9
3
6
9
6
10
13
3
9
12
15
6
9
12
6
15
12
