6
10
10
0
3
9
3
9
6
6
19
3
12
3
6
25
3
13
3
0
19
6
16
0
9
31
0
0
16
6
19
3
9
28
3
3
19
34
25
58
16
13
9
9
3
3
6
6
3
16
12
9
3
0
3
0
0
25
19
0
3
34
6
10
6
9
19
19
3
6
9
9
31
3
6
9
3
37
6
6
16
3
0
3
3
0
3
0
13
3
0
6
9
10
0
3
9
10
6
12
3
19
0
0
0
13
6
3
6
3
0
3
10
3
3
0
9
3
3
0
3
9
9
6
22
9
16
10
3
28
48
25
12
6
3
3
3
6
3
9
3
3
0
16
13
3
0
13
13
16
16
31
13
9
25
13
6
3
3
12
13
13
45
3
7
3
3
3
31
3
6
3
0
3
3
3
6
9
25
9
9
37
6
9
3
6
25
6
34
34
28
6
13
40
19
6
0
9
16
9
3
9
12
3
3
3
6
12
22
10
0
3
13
19
12
9
3
9
13
9
19
9
10
9
3
25
13
16
22
6
13
9
22
16
6
10
3
22
12
6
45
6
6
25
6
10
6
3
6
12
13
19
9
0
3
36
3
12
6
3
6
6
19
24
6
6
85
9
13
9
51
6
0
6
3
19
19
22
6
0
16
0
6
10
6
0
6
3
