1
37
19
19
18
46
27
27
45
25
31
15
36
61
13
34
94
37
24
19
31
31
18
45
31
75
40
39
37
28
36
43
6
55
27
84
13
12
10
4
28
19
15
12
13
12
18
18
15
28
40
0
31
36
34
19
31
39
30
46
12
15
25
15
25
46
19
31
24
27
40
28
30
66
19
21
24
30
33
28
24
30
42
37
24
28
30
75
48
24
30
27
19
28
9
24
30
27
25
22
31
37
28
18
37
27
30
39
67
43
31
27
34
16
39
46
27
21
15
40
19
67
43
100
40
7
37
24
24
18
37
27
39
30
40
31
24
43
33
39
96
7
6
43
37
63
10
31
43
90
25
34
40
57
31
33
25
15
7
25
30
15
40
19
12
37
25
30
16
18
24
7
24
22
25
18
16
24
27
31
21
19
24
15
21
27
22
13
19
15
18
27
18
18
28
16
18
19
21
12
22
19
21
10
18
15
16
24
27
24
36
61
37
22
18
24
30
21
22
15
18
33
18
24
19
19
10
6
18
21
40
13
13
12
21
18
12
22
12
16
18
21
7
15
19
15
36
9
10
18
12
13
12
18
43
13
24
7
21
16
19
15
28
16
25
16
10
22
10
18
10
6
9
15
36
28
16
15
9
10
24
9
12
9
25
7
13
9
