13
19
22
16
25
27
19
7
28
10
16
19
13
9
66
16
13
33
39
28
24
10
9
16
19
16
24
19
25
16
3
46
7
16
16
13
6
13
10
21
19
19
13
16
25
13
25
13
39
37
19
28
24
25
28
27
16
31
36
25
28
33
16
22
19
28
10
27
22
30
16
33
19
19
10
30
33
25
16
13
21
30
18
27
16
9
25
33
40
33
24
13
12
33
40
19
21
16
16
43
45
13
27
31
24
24
7
13
13
27
27
16
36
39
31
6
21
33
22
28
28
37
19
13
19
25
6
15
25
13
18
22
22
27
36
15
33
13
10
34
42
10
9
28
39
10
13
16
48
10
19
13
33
27
9
25
22
36
45
22
22
10
24
22
25
12
7
9
7
6
24
9
10
9
7
6
10
25
7
6
6
6
37
9
37
10
19
0
9
10
12
7
3
12
4
9
27
18
7
19
12
39
10
6
6
7
22
27
9
15
10
13
6
6
19
4
7
6
9
6
6
9
9
9
9
33
3
27
30
3
6
42
16
6
10
12
3
10
3
42
16
16
6
6
9
16
3
3
10
9
10
28
6
9
39
3
3
6
10
6
7
10
6
7
9
19
13
10
16
6
19
13
3
10
9
16
16
27
7
10
0
13
7
0
19
13
10
16
