15
6
9
18
9
3
37
15
9
18
6
31
9
15
12
12
9
3
12
12
21
12
18
28
9
6
52
21
31
12
18
9
9
15
6
12
3
15
18
6
6
24
3
21
21
12
18
18
30
9
12
18
15
9
30
15
12
6
21
18
9
31
27
52
15
9
9
30
6
21
40
15
31
15
28
30
15
37
40
34
21
27
15
27
28
34
28
18
24
31
21
40
28
52
40
34
15
25
30
25
37
28
18
31
28
22
58
43
37
31
13
15
73
46
25
34
21
25
22
69
31
19
9
43
12
49
37
9
18
49
34
52
15
12
18
46
31
28
34
22
15
12
22
24
21
40
34
49
12
31
22
28
21
28
43
45
15
52
31
22
15
12
31
27
34
43
67
40
21
25
43
40
12
12
15
22
28
40
18
21
37
40
12
37
40
18
52
9
40
28
15
25
12
43
25
28
27
27
25
27
37
21
15
31
21
21
28
18
52
43
46
49
40
30
21
21
15
21
55
52
18
52
30
43
43
27
31
31
40
61
12
18
34
34
25
6
18
15
61
61
12
37
15
9
28
37
12
37
15
19
12
22
40
31
18
22
28
12
34
34
19
15
21
21
24
34
37
6
15
37
9
6
15
46
18
10
24
9
25
15
12
18
12
9
34
18
25
22
