19
22
15
12
18
27
19
18
12
22
6
19
18
18
31
25
6
6
12
12
37
19
12
9
19
28
6
22
15
16
18
28
16
16
16
12
22
15
12
22
9
12
19
15
22
9
19
22
15
19
15
12
22
21
15
6
25
19
28
25
19
3
22
9
31
28
28
13
15
22
22
49
9
12
25
28
15
40
28
28
18
34
12
9
18
16
22
31
34
31
45
25
40
15
34
9
37
22
28
22
31
42
6
12
12
12
15
15
28
22
12
31
22
12
15
18
9
22
31
25
31
40
28
30
9
22
46
18
22
19
22
12
31
25
28
18
16
31
31
16
34
9
25
34
9
12
19
31
19
34
37
6
19
6
19
18
12
6
19
28
3
9
9
22
28
19
16
9
22
9
15
28
19
39
18
9
40
34
22
40
18
25
9
31
37
40
22
25
52
18
3
19
37
64
31
43
18
28
13
19
34
31
13
18
37
46
19
28
28
22
22
22
30
22
13
34
18
31
34
22
18
19
18
19
13
28
25
51
31
19
12
15
27
19
25
28
15
33
28
3
22
16
18
34
25
19
10
48
9
19
75
13
15
15
15
9
19
3
22
6
15
12
9
15
36
25
19
15
12
21
15
12
16
52
9
22
15
22
25
12
6
66
18
9
16
3
18
28
