3
10
7
9
6
12
6
6
0
16
18
3
4
6
42
15
100
6
12
19
100
3
3
100
6
3
100
9
0
3
3
6
3
12
3
3
9
3
6
3
3
4
6
3
12
3
9
3
3
0
3
0
6
40
6
3
6
3
13
12
13
6
6
0
27
6
100
22
9
100
9
6
6
9
3
100
3
3
100
6
0
6
9
3
6
3
0
3
13
6
13
15
70
9
3
6
3
7
9
12
34
9
3
6
7
6
6
6
6
6
6
6
6
6
6
10
3
3
3
3
4
12
6
3
100
10
13
3
3
9
12
9
15
4
100
3
3
96
9
9
9
6
4
7
9
4
9
6
6
12
9
6
3
6
9
9
9
7
4
7
15
7
100
16
7
9
22
6
12
10
18
39
9
6
90
30
4
9
13
9
3
12
9
13
100
18
16
24
10
9
12
9
18
9
15
3
3
3
16
13
15
9
3
3
16
10
6
9
12
15
7
3
3
19
6
6
4
13
6
3
3
3
6
6
6
3
3
6
3
12
3
3
9
12
31
15
3
3
12
16
9
12
12
6
19
6
3
0
7
19
6
7
22
3
12
13
3
100
10
6
9
6
3
3
21
6
12
9
3
16
9
3
6
10
9
9
9
6
0
6
100
3
3
100
12
6
6
7
