57
55
55
48
49
54
55
52
49
52
51
55
42
52
55
40
54
45
57
49
55
48
55
55
55
45
55
52
55
52
55
51
57
40
37
42
42
40
54
55
55
51
54
55
55
57
55
51
54
34
54
45
31
52
52
48
54
52
39
55
49
51
52
54
51
36
46
52
48
51
54
52
43
55
55
57
54
52
46
49
57
57
54
55
55
51
57
55
55
57
55
54
57
55
54
54
55
55
54
54
54
52
57
55
55
54
55
51
55
54
52
54
54
49
57
55
55
52
54
43
57
55
55
55
49
46
54
55
54
55
51
43
57
42
51
54
48
55
55
57
55
55
52
57
54
52
52
43
55
54
54
49
43
51
48
54
57
40
54
55
43
51
54
51
43
51
48
45
55
52
52
52
52
52
52
51
52
48
49
52
46
43
52
54
52
46
45
48
52
51
48
45
46
51
55
54
49
54
46
54
54
48
54
54
54
46
54
48
49
51
48
49
52
52
49
51
52
54
45
39
54
45
55
48
54
42
54
54
51
43
54
45
51
42
48
45
55
49
49
51
49
43
55
55
54
55
48
55
55
48
52
54
49
52
48
48
52
49
49
37
46
54
48
48
55
51
45
37
55
52
55
52
42
52
54
54
51
51
49
55
51
55
54
52
45
55
49
54
