9
9
6
12
9
12
9
6
25
9
3
9
6
9
6
6
12
12
34
6
9
22
9
9
100
6
9
3
6
18
28
21
18
3
9
9
37
6
6
3
6
6
9
3
3
3
6
15
9
9
9
3
6
0
12
9
6
6
6
9
6
6
9
6
15
6
15
9
6
19
6
3
6
37
6
6
3
12
9
6
9
6
15
9
9
6
21
3
15
12
12
0
6
6
21
6
6
0
54
9
15
6
9
6
3
6
9
6
6
6
9
12
12
3
12
3
9
0
15
6
6
12
12
3
9
6
9
3
28
6
6
9
3
6
6
3
21
6
0
3
34
9
9
9
6
6
18
6
6
6
12
3
34
12
6
3
6
12
36
100
12
9
6
9
3
9
6
12
12
9
6
12
12
9
6
9
3
15
15
3
12
3
3
34
6
9
9
3
12
43
12
9
3
6
3
43
3
3
3
6
12
12
6
9
100
3
6
43
12
9
6
0
3
43
6
9
3
3
9
36
18
6
9
15
3
9
3
0
100
3
0
12
6
40
3
3
0
18
6
6
9
12
12
3
0
9
6
6
12
3
9
12
15
9
15
9
49
3
12
12
21
9
3
12
6
6
9
9
6
100
40
6
15
3
3
3
9
6
12
6
6
6
6
6
12
3
3
6
