6
6
9
12
9
9
6
6
12
6
6
12
9
9
6
9
12
6
9
25
25
9
13
12
9
9
6
12
12
9
9
12
6
6
9
9
12
9
15
39
12
10
7
12
12
6
12
12
91
10
15
16
16
13
9
9
9
6
7
13
6
9
12
12
16
12
9
19
9
6
13
6
15
9
6
3
12
6
15
9
9
9
12
6
3
3
16
12
13
22
16
9
18
6
10
18
12
10
6
13
12
16
9
9
10
13
13
16
13
12
27
10
10
31
12
9
12
13
16
9
22
13
13
6
16
13
7
13
12
19
10
9
9
100
15
13
10
12
7
12
6
9
63
10
6
9
6
9
6
19
16
19
10
9
3
10
13
10
6
9
72
12
9
19
12
12
12
12
3
10
9
13
16
16
9
10
10
19
19
19
6
13
6
6
25
9
9
10
16
9
6
9
9
15
9
22
21
10
9
12
19
13
10
6
12
13
9
9
10
19
16
6
6
12
15
13
10
10
9
13
13
9
16
6
12
15
6
6
7
6
6
6
16
12
9
6
9
6
7
12
19
13
6
12
9
16
9
10
12
12
6
12
19
6
6
6
9
16
13
9
15
7
9
9
16
7
9
9
12
9
6
6
6
6
9
12
9
9
12
13
3
12
12
6
12
12
9
7
