0
3
7
25
3
15
46
6
6
88
10
3
3
3
7
79
3
0
9
3
3
6
6
0
0
3
9
10
0
6
6
22
0
15
22
3
3
3
0
3
6
3
0
4
82
13
0
0
70
0
0
3
0
6
100
3
3
15
0
0
9
21
7
0
0
93
13
13
3
3
9
9
30
6
0
15
9
4
0
87
3
3
15
13
0
10
3
6
79
0
0
34
3
7
3
0
22
3
6
3
6
3
12
6
21
6
61
6
10
70
0
6
64
9
0
78
15
6
85
3
33
10
3
10
6
15
58
9
6
90
10
3
81
6
7
15
12
3
87
3
9
69
3
3
9
3
9
9
0
100
3
0
3
58
12
0
76
0
3
100
0
3
72
9
3
100
0
6
9
36
3
3
3
7
100
6
12
66
3
33
72
0
4
3
6
7
9
7
7
100
6
6
13
94
4
0
0
7
4
54
3
3
46
3
9
6
6
3
70
16
0
84
0
4
49
3
7
9
6
3
9
72
3
0
10
0
0
100
3
12
0
9
3
0
4
6
9
6
6
0
6
9
3
3
75
3
6
7
3
0
73
3
3
0
10
3
24
7
0
6
3
3
100
0
3
100
3
3
9
3
3
6
0
0
84
0
9
18
3
10
7
79
0
0
87
10
3
6
