6
3
6
0
0
6
12
6
6
6
6
6
6
3
3
9
0
3
3
0
3
3
3
3
3
3
0
3
6
6
12
0
0
3
3
6
3
0
6
3
6
3
3
0
0
12
6
6
6
3
3
3
6
3
0
3
3
6
6
6
6
3
7
9
16
3
3
3
3
0
6
0
3
0
6
6
3
0
6
3
3
6
6
3
6
3
3
6
0
3
3
3
3
9
3
4
4
6
0
3
3
3
3
3
6
3
13
6
7
3
4
3
13
3
6
6
3
3
3
6
3
6
6
3
3
3
3
3
3
6
3
3
3
3
0
3
3
0
0
3
6
3
3
7
0
3
9
3
6
3
3
3
0
3
6
3
3
6
3
3
9
0
16
10
6
3
3
6
13
6
6
3
13
0
3
4
6
3
3
6
12
6
13
3
13
3
3
0
3
3
3
3
3
3
3
7
13
3
6
3
0
9
0
3
4
12
3
3
12
3
0
3
6
3
3
6
3
6
10
3
0
3
3
3
13
6
0
0
9
3
4
3
9
6
6
6
4
6
6
3
3
3
6
3
6
3
6
3
3
13
3
13
6
6
0
0
6
6
3
6
16
6
12
10
3
6
3
3
3
0
6
25
6
6
3
3
6
6
6
1
6
12
6
13
6
3
3
3
