3
7
3
6
6
0
3
3
6
3
3
3
10
0
3
0
0
3
0
3
6
3
3
7
7
3
1
0
6
0
3
0
0
3
3
9
4
3
3
6
0
10
3
4
3
3
3
10
4
3
0
6
0
3
4
10
6
3
3
3
3
7
6
4
30
0
3
1
3
0
12
4
4
3
1
3
6
4
3
3
3
0
4
4
3
3
0
3
3
0
10
9
9
10
6
4
4
6
0
3
0
0
10
6
12
3
4
9
3
13
0
6
6
0
6
0
3
6
3
0
6
0
3
6
4
6
3
1
0
4
10
3
0
7
6
10
19
6
7
7
3
4
6
3
0
3
0
3
3
6
6
3
6
1
10
0
10
4
6
4
4
3
0
3
0
0
3
0
39
3
0
13
6
6
3
7
3
9
9
3
6
10
0
3
6
4
0
9
3
6
4
3
0
6
3
7
9
3
0
3
6
3
9
7
3
3
7
0
3
3
3
3
6
0
3
0
6
6
0
1
7
3
0
3
3
0
3
3
0
3
6
6
0
4
3
1
13
12
4
3
10
12
15
9
6
6
6
7
3
6
3
0
1
0
3
3
4
3
0
6
4
10
19
3
4
4
30
6
6
0
6
1
15
7
6
27
0
3
0
3
6
3
3
10
0
10
3
0
