100
67
64
70
76
54
90
76
54
76
87
67
57
93
51
100
55
61
82
69
100
100
64
64
96
66
84
33
91
64
85
90
100
100
70
64
93
99
64
66
94
78
75
76
33
75
90
94
37
100
100
100
93
100
100
31
94
100
42
100
93
91
36
100
93
100
100
82
58
87
100
85
75
100
63
94
93
55
87
97
99
70
76
70
97
70
60
94
67
54
78
87
54
73
100
82
63
90
79
70
94
70
100
46
73
60
82
100
69
100
55
84
93
84
70
91
100
94
94
48
64
67
100
93
96
78
85
78
60
48
61
100
91
97
97
81
66
73
100
73
76
70
88
73
100
61
78
79
84
87
42
79
100
96
97
97
40
87
61
100
63
99
88
96
94
100
97
82
57
100
73
100
100
100
100
100
87
82
90
100
100
100
100
82
100
100
100
100
42
94
100
97
100
100
87
100
87
69
64
100
66
96
100
67
93
60
67
73
72
100
94
81
100
42
84
69
73
85
75
84
91
100
81
40
90
88
100
60
48
40
61
36
30
82
48
48
91
84
46
79
55
63
66
39
73
67
61
24
100
81
93
49
69
30
27
13
54
70
42
75
39
70
43
66
34
96
34
84
72
57
66
28
55
40
42
67
34
39
40
70
79
100
40
22
81
54
61
73
