1
4
4
1
0
12
19
16
15
18
18
13
12
9
6
12
10
15
16
15
15
0
10
18
22
18
12
10
12
13
18
18
18
15
7
19
7
7
7
16
16
15
12
16
21
24
19
9
1
10
6
19
21
15
19
22
12
16
21
12
18
0
3
4
3
15
0
3
1
3
1
1
3
7
3
3
1
25
16
25
25
6
4
7
6
0
4
6
0
0
19
12
31
7
3
3
4
4
1
1
0
36
15
18
27
18
18
21
7
1
15
6
4
24
9
15
19
6
12
24
9
9
1
1
1
25
0
0
3
1
10
3
7
3
3
6
4
9
1
4
15
7
3
3
3
3
3
1
13
21
13
6
16
0
16
12
19
3
1
1
0
22
1
0
12
31
27
3
4
6
7
9
15
15
10
12
12
27
16
31
12
3
12
7
13
16
3
6
6
16
13
30
18
21
7
3
1
30
1
1
0
15
34
31
1
0
12
1
12
10
30
9
15
25
28
9
4
4
3
9
16
22
18
18
19
19
4
9
6
15
13
9
0
19
9
1
12
9
3
7
21
10
4
7
10
16
1
4
10
13
16
21
10
3
3
4
19
22
25
7
0
4
1
9
0
6
1
16
16
21
19
0
1
6
21
18
16
13
6
0
15
18
15
13
0
3
6
1
