0
3
6
6
3
9
0
3
0
3
3
3
0
3
6
6
6
6
0
9
3
3
0
6
3
6
0
6
6
6
3
21
9
7
3
7
3
12
6
9
9
6
3
16
25
6
0
0
6
3
19
0
9
3
3
3
0
9
6
0
6
6
6
6
0
9
6
9
3
15
9
3
6
3
9
3
6
3
12
0
3
0
6
6
6
3
6
3
9
6
6
3
9
10
6
3
3
6
9
10
6
6
6
12
9
9
12
3
6
6
3
12
6
6
9
6
6
6
6
6
0
3
6
3
6
3
3
0
6
6
3
6
0
6
12
3
3
9
6
6
0
9
6
9
0
3
6
3
6
3
12
3
0
31
0
0
31
3
3
3
6
0
6
6
0
0
12
0
6
3
6
3
3
0
0
0
3
0
0
0
6
0
3
6
12
6
3
3
9
6
6
18
3
6
6
3
3
6
6
6
22
0
0
0
3
3
3
0
6
0
9
3
3
3
6
3
6
3
3
6
0
0
0
0
6
0
3
0
3
3
6
3
3
12
0
3
6
0
3
3
0
3
0
3
0
0
9
3
6
0
6
3
0
3
3
3
0
0
3
3
0
3
6
3
9
6
3
7
3
0
12
0
3
3
6
9
0
0
0
3
3
0
3
3
6
3
3
6
