28
42
39
45
100
46
46
54
31
34
45
54
13
39
31
40
31
37
51
31
33
48
43
28
28
37
48
22
42
28
48
51
76
36
40
16
28
28
42
28
60
37
25
33
37
12
39
39
28
46
33
55
25
25
55
54
27
16
40
19
22
37
60
31
43
82
94
66
33
40
63
34
48
36
39
73
51
60
51
54
43
25
54
61
63
31
37
60
54
25
28
63
39
61
82
45
34
63
28
42
25
57
31
40
31
51
58
40
46
61
45
58
48
30
25
100
64
99
36
54
90
37
31
34
39
37
45
60
37
55
37
30
51
45
81
51
36
91
45
70
60
25
70
100
36
39
46
40
90
60
67
54
34
45
48
67
43
19
52
100
37
61
63
69
54
31
61
49
52
48
60
60
81
49
81
63
45
42
39
25
34
78
39
27
70
60
27
42
73
43
70
39
48
39
39
22
63
82
31
46
34
69
64
45
54
67
45
36
52
28
54
19
43
42
49
33
31
42
69
57
45
48
43
42
15
45
37
28
30
25
37
31
37
36
13
30
19
31
48
33
27
37
34
25
30
100
31
12
51
45
19
42
45
16
16
22
97
22
31
39
60
22
36
22
19
31
55
42
34
19
22
25
51
42
51
33
25
57
25
25
16
19
31
16
66
45
22
57
