100
3
100
3
60
3
3
3
0
67
3
3
100
3
3
3
3
0
67
100
3
3
6
100
100
97
72
3
6
3
6
3
3
6
100
100
3
100
6
3
3
0
100
9
3
3
0
0
0
100
3
0
100
6
100
6
6
6
6
3
3
0
6
100
6
100
100
100
54
19
3
6
100
100
6
0
0
100
3
3
9
100
3
100
3
3
3
3
3
64
3
100
3
0
100
9
91
6
6
6
0
3
0
48
6
6
58
0
0
3
76
0
6
100
6
3
3
51
100
3
3
3
3
6
67
6
6
100
0
3
0
3
0
33
9
3
100
3
3
88
0
6
6
100
6
3
100
0
3
100
94
15
6
96
0
9
3
100
100
6
6
9
100
3
3
48
3
18
16
100
100
100
0
3
3
0
39
3
6
0
100
0
3
6
61
3
3
3
3
6
3
6
6
31
3
3
3
3
6
3
73
0
6
3
6
100
0
57
100
3
100
0
3
6
0
100
0
100
6
42
88
3
100
73
100
100
3
69
100
9
3
6
60
3
100
3
0
6
0
3
9
79
9
100
9
3
0
0
9
60
3
0
6
3
0
7
6
0
100
3
3
100
9
100
19
100
0
3
6
9
3
73
6
3
100
6
3
0
3
100
93
3
6
6
36
3
100
6
