0
3
0
0
3
3
3
0
0
0
0
0
0
0
3
3
0
0
3
3
3
3
0
6
22
0
3
6
19
3
3
0
0
6
0
3
0
3
6
0
0
3
6
3
3
0
3
3
3
3
3
3
6
3
6
3
3
0
0
3
3
3
0
3
0
6
3
6
6
3
3
3
0
3
6
6
0
3
0
0
3
0
0
0
0
0
0
30
0
0
6
3
0
0
0
6
3
3
3
3
6
3
0
3
3
3
3
0
3
6
0
0
0
3
3
19
0
3
3
3
3
0
0
0
3
6
0
0
3
3
0
6
6
3
0
0
3
0
22
0
0
3
0
0
3
3
6
0
3
3
0
3
0
0
0
0
3
6
3
3
6
3
0
0
0
0
3
0
3
0
0
0
3
3
0
6
3
3
3
0
3
3
0
0
3
0
13
3
6
31
3
3
3
3
0
0
3
0
6
3
3
3
3
0
0
3
0
0
0
3
3
16
6
0
0
6
0
3
9
31
0
3
0
0
6
3
3
0
0
3
0
0
0
16
0
3
6
3
3
3
0
0
6
0
0
3
3
3
0
0
6
0
0
0
6
3
6
3
0
3
3
0
3
0
0
0
0
3
6
3
0
0
6
6
0
3
3
0
0
3
6
3
6
3
0
0
0
3
