34
30
3
24
0
25
0
57
28
0
40
48
0
28
0
66
16
25
16
27
16
36
37
16
37
57
42
34
67
0
24
46
72
0
0
9
13
0
57
58
0
18
28
22
22
28
19
22
22
6
31
28
34
25
16
0
31
25
33
22
37
0
51
25
40
40
13
40
0
0
28
0
13
33
37
57
28
31
16
25
25
34
69
42
37
31
39
31
0
52
40
48
25
27
40
72
22
45
28
13
39
34
30
46
69
13
25
24
0
91
0
21
13
0
19
21
28
28
43
0
3
0
60
60
52
34
28
13
40
37
31
60
13
37
36
43
19
0
30
3
34
31
0
36
25
16
0
16
13
13
51
54
48
24
19
13
13
0
72
28
63
21
0
4
37
22
19
12
34
100
13
43
37
61
16
22
42
0
0
13
24
45
0
27
34
0
57
0
9
27
0
39
30
37
54
19
25
45
0
0
10
48
0
19
40
16
28
0
57
27
28
0
28
13
0
13
6
0
25
28
25
31
0
27
13
12
12
22
31
12
27
3
0
22
34
40
18
0
0
0
21
37
31
15
19
22
42
0
0
24
31
25
40
25
10
15
51
13
66
16
0
13
19
21
37
3
24
57
0
16
25
13
13
13
18
16
9
0
31
21
0
16
10
36
0
0
3
25
