13
15
15
15
18
15
9
34
12
9
9
9
9
12
24
31
12
18
12
18
15
9
46
19
9
16
31
12
25
22
24
25
19
19
28
18
18
13
12
21
18
25
28
15
12
15
31
18
22
28
9
19
28
31
19
13
15
9
31
18
18
18
18
15
9
15
12
22
12
12
22
25
46
22
31
31
25
37
43
25
6
9
9
24
18
28
12
12
22
28
25
18
15
21
22
12
37
18
21
21
12
22
12
25
12
16
28
21
18
21
15
28
18
12
22
25
12
19
31
12
13
12
18
15
25
18
25
34
70
31
18
15
15
18
31
15
15
19
9
25
9
12
31
6
15
15
25
12
6
28
12
31
12
25
18
9
30
25
22
22
15
28
12
16
12
28
15
28
15
12
15
12
25
15
19
39
22
16
37
6
28
15
28
25
21
15
21
9
16
25
18
15
15
16
31
28
22
25
19
12
40
18
28
12
22
25
22
31
31
37
12
22
22
18
28
15
12
28
13
15
12
28
9
19
31
28
18
22
12
12
34
31
18
15
28
15
49
25
24
22
15
31
28
12
28
12
31
21
12
13
6
21
12
3
10
12
6
3
16
9
15
9
6
18
22
18
0
100
22
9
9
15
18
18
19
6
19
15
19
9
12
12
19
31
15
13
6
12
