6
0
100
15
9
6
3
6
100
9
6
9
6
6
100
100
3
15
12
0
0
66
9
15
100
3
3
24
6
3
3
9
6
9
6
15
9
3
9
15
6
3
3
0
9
12
12
0
12
9
6
6
0
3
6
6
3
7
3
9
18
0
6
9
9
15
6
0
15
9
6
3
7
3
12
6
3
12
3
3
6
6
0
9
3
0
3
12
6
3
3
3
3
6
0
9
6
6
13
6
6
15
0
0
9
9
3
0
3
15
9
6
100
6
3
9
6
9
0
0
6
9
3
0
3
0
9
6
6
0
3
12
6
12
3
6
3
12
9
9
6
3
3
3
12
3
6
0
100
6
9
12
0
6
18
3
9
6
9
3
0
6
6
6
6
100
12
15
15
6
6
9
100
9
9
6
100
3
6
9
9
19
3
3
3
9
15
18
12
6
3
9
6
0
12
0
3
9
9
0
9
6
3
6
100
9
9
12
12
9
12
12
12
3
3
12
9
3
100
12
6
13
9
6
3
0
12
9
12
3
100
3
12
6
3
9
6
9
3
0
12
9
9
9
9
12
10
9
6
3
12
12
6
100
6
3
6
0
6
3
3
0
12
9
12
24
6
3
12
3
6
100
9
9
3
0
9
6
3
9
18
9
6
3
100
9
9
3
