3
6
3
6
3
6
6
0
9
6
0
0
0
3
9
3
0
0
6
0
3
6
0
6
9
3
6
0
6
6
6
9
3
16
0
0
0
3
0
6
9
3
0
3
0
3
3
0
3
0
0
0
3
0
6
9
9
3
6
0
6
3
0
6
3
6
3
6
0
3
3
6
9
3
3
9
3
6
9
0
0
0
6
0
6
6
0
0
0
3
9
0
6
0
9
3
0
0
3
0
6
6
3
0
0
6
3
3
3
6
3
0
3
0
9
3
3
6
3
3
0
3
0
3
3
0
0
3
3
19
6
3
9
3
3
0
3
3
15
0
6
3
0
3
6
6
16
12
6
0
3
6
12
0
3
3
9
6
0
3
3
0
0
6
3
0
0
3
0
22
3
6
0
0
3
28
3
0
3
6
0
6
3
0
0
0
0
3
3
0
0
3
3
3
3
3
6
3
6
3
3
0
3
3
6
3
0
3
3
3
0
0
0
0
0
0
0
6
3
9
0
3
0
3
0
3
3
3
3
3
0
18
0
0
0
0
0
0
0
3
3
0
3
3
3
3
15
0
10
6
0
0
12
0
6
3
3
3
0
0
15
3
0
6
0
3
6
0
0
6
6
3
3
3
3
0
3
3
0
3
3
3
3
0
6
3
6
0
