12
12
15
18
9
15
3
12
9
15
21
12
7
19
12
15
19
12
13
15
12
6
9
9
15
12
15
16
0
18
15
18
18
13
12
9
12
12
6
6
0
7
12
6
6
15
9
33
9
18
12
9
16
9
16
15
12
15
6
9
15
15
12
9
0
6
9
6
9
25
12
16
6
12
15
25
12
9
18
12
15
10
12
22
15
12
9
12
15
22
15
25
13
15
31
19
15
12
16
12
0
15
15
18
15
9
18
15
6
22
6
18
13
10
22
16
9
10
25
21
19
18
22
31
22
12
19
18
12
12
15
22
9
31
19
19
22
6
12
12
12
13
9
22
19
0
49
22
15
9
7
12
12
12
12
12
15
9
6
15
12
12
9
6
15
22
72
12
12
12
18
15
12
25
16
12
12
22
6
6
18
6
9
18
0
15
22
6
9
12
15
15
16
9
28
16
19
22
25
9
25
60
12
25
19
15
9
15
6
0
12
7
12
22
18
12
15
12
12
15
18
16
0
0
3
12
16
3
12
0
7
22
0
0
3
16
3
0
0
0
6
0
0
0
0
0
0
0
0
0
0
0
0
0
0
0
0
0
0
0
0
0
0
0
0
0
0
0
0
0
0
0
0
0
0
0
0
0
0
0
0
0
0
0
0
0
0
0
