0
3
3
9
9
0
0
0
0
12
6
18
0
3
3
0
0
6
9
0
6
0
0
0
3
0
0
6
3
6
9
0
0
0
0
3
0
6
6
3
0
0
0
3
15
0
0
3
6
6
12
9
3
3
12
0
3
3
3
3
0
0
0
0
0
3
0
0
10
15
6
6
3
3
0
3
25
6
3
3
0
3
0
6
0
3
0
0
6
9
6
6
0
3
3
0
0
0
0
10
0
12
0
9
0
6
6
0
0
12
0
0
0
18
0
15
15
0
3
0
6
12
6
6
6
22
0
0
0
6
16
6
6
9
0
3
3
0
3
6
0
0
3
0
3
0
0
0
6
0
9
12
3
0
6
9
0
6
3
0
13
0
3
0
40
12
6
15
0
6
3
3
6
3
0
0
6
12
9
3
3
0
12
12
3
3
0
0
9
0
0
3
6
3
0
3
6
6
0
0
0
7
55
3
3
3
6
0
3
0
3
6
0
3
15
0
6
0
12
9
100
6
3
0
6
3
10
3
9
0
12
0
22
3
6
0
9
6
6
6
3
0
0
3
3
6
0
6
9
3
6
9
12
9
0
0
52
0
0
3
12
12
15
3
3
0
3
3
0
9
6
3
0
73
72
9
9
0
13
0
3
13
3
6
9
3
9
0
