9
3
3
7
9
3
9
7
7
3
10
6
0
9
3
3
3
6
3
9
0
3
6
3
3
12
3
9
6
0
7
10
13
6
9
6
6
9
9
6
3
3
6
3
6
3
3
13
3
6
6
6
3
6
3
3
6
6
3
3
3
9
6
0
9
6
6
0
6
6
3
6
6
10
6
0
3
6
6
3
9
3
6
9
4
3
3
6
6
6
3
6
7
6
0
10
3
10
9
6
9
3
10
9
0
6
3
7
10
3
3
9
3
10
7
7
9
6
9
3
6
10
9
3
6
6
9
3
6
4
3
3
3
4
9
9
3
3
3
6
3
6
7
3
6
6
13
10
6
4
10
6
9
9
3
0
3
10
10
3
3
6
0
4
6
3
9
3
10
7
9
10
6
6
6
6
10
9
6
6
6
9
7
9
7
13
6
6
3
6
6
3
9
6
7
9
12
6
3
9
9
7
3
7
9
3
9
6
6
10
6
4
9
9
3
9
10
3
10
10
3
10
9
9
7
3
6
0
6
0
6
13
3
3
3
6
3
6
3
7
6
0
7
6
10
10
3
10
9
10
9
3
3
6
6
6
6
3
6
6
6
3
6
6
9
6
9
6
9
3
3
9
3
6
6
3
0
7
7
3
6
3
6
3
10
3
3
3
