31
28
48
66
24
81
25
27
49
22
54
0
0
46
30
69
58
58
10
10
16
39
58
0
34
0
33
66
55
66
27
28
19
48
31
79
67
25
49
10
54
72
31
27
16
0
48
31
55
30
0
54
36
45
27
49
33
78
70
52
55
33
6
25
63
69
18
39
27
66
57
0
75
0
43
58
0
72
57
0
43
28
55
30
69
90
69
0
66
61
34
16
25
25
51
55
54
52
22
91
72
64
27
13
39
55
33
0
76
72
69
39
51
40
39
25
36
13
0
61
3
63
91
36
0
34
40
30
45
33
45
64
85
15
73
7
0
46
30
39
12
55
24
58
52
66
25
16
42
49
19
72
36
48
0
30
58
13
58
79
76
10
19
22
25
43
0
46
33
72
64
84
67
9
30
25
24
0
42
25
69
19
63
48
52
0
27
0
0
55
66
0
73
60
0
48
0
45
27
27
16
57
72
66
12
84
67
27
10
0
13
13
30
64
60
46
46
70
57
67
13
69
27
27
28
27
21
39
40
72
25
0
51
28
0
40
24
27
58
36
46
16
0
10
43
25
67
27
39
40
31
16
24
21
49
0
37
43
13
55
27
9
30
55
28
30
19
0
27
21
66
43
3
58
33
40
36
22
21
18
0
10
40
27
13
34
78
52
