0
0
0
0
3
9
3
0
0
0
3
3
0
12
0
0
3
12
0
0
3
0
6
0
3
3
0
0
0
0
3
0
3
3
0
0
3
3
3
0
3
0
0
3
0
3
0
0
0
6
0
0
12
0
6
0
3
3
3
3
0
3
0
3
6
6
3
3
0
3
0
0
0
3
3
3
3
3
0
3
3
3
3
12
0
6
3
0
3
6
0
0
3
6
3
3
3
3
3
6
6
6
6
0
0
0
3
0
0
6
3
0
3
3
0
3
3
3
3
0
0
0
0
0
3
0
6
3
6
3
3
3
18
0
3
3
3
3
3
6
0
3
3
0
3
3
6
0
0
3
0
3
3
3
0
0
6
3
3
6
3
3
6
3
6
0
3
3
3
3
0
3
0
9
0
0
0
0
0
3
0
6
6
0
3
3
3
0
3
0
3
3
0
9
0
0
3
3
3
3
0
3
0
6
3
0
0
0
0
6
3
0
6
0
0
0
3
0
3
3
9
0
0
0
3
3
6
3
3
3
0
0
3
3
6
3
3
6
0
0
3
0
3
0
0
0
3
3
0
3
3
0
0
3
0
0
0
0
3
3
0
0
6
3
0
3
6
0
6
6
0
0
3
3
0
0
0
3
6
3
0
0
0
0
0
0
0
0
