100
100
6
3
0
100
0
0
3
81
100
100
3
100
100
93
91
3
3
90
93
94
3
96
3
100
96
100
97
81
100
93
100
87
97
84
100
49
3
100
81
100
78
100
100
25
96
96
90
87
94
3
99
78
78
6
9
94
81
100
91
97
96
3
82
97
6
81
100
93
100
93
93
94
87
93
93
94
88
91
90
90
87
97
81
97
96
91
90
100
93
91
100
91
100
90
100
100
88
0
97
96
0
100
84
100
85
100
90
85
75
100
91
100
94
96
82
97
88
97
96
100
93
100
100
94
100
100
97
91
97
97
97
3
87
0
94
97
87
100
100
100
91
100
100
91
0
94
100
0
3
88
0
100
90
100
100
97
100
100
0
90
94
3
3
94
96
100
90
94
100
75
96
0
100
100
100
97
100
97
100
97
0
94
97
93
97
100
97
91
100
94
87
3
100
100
90
99
100
87
87
94
91
0
100
93
3
100
87
87
90
6
3
84
99
93
3
90
9
0
87
100
88
97
99
84
87
100
91
93
100
3
87
100
100
94
100
0
96
100
100
100
96
91
90
3
91
3
100
0
87
78
97
100
96
0
3
91
0
91
93
88
3
100
3
96
87
0
97
0
97
0
6
100
99
93
90
3
100
99
100
85
100
100
0
0
0
0
