27
0
34
10
3
60
7
37
0
15
0
6
3
60
0
0
6
66
100
100
0
24
3
4
40
100
9
9
100
0
0
91
28
6
60
0
0
0
0
0
0
0
0
100
75
100
0
0
0
0
0
0
0
0
0
3
0
100
3
6
0
7
0
0
46
3
84
4
0
48
0
100
37
66
30
3
3
30
4
0
10
3
55
6
3
100
12
0
0
3
48
100
0
21
3
0
100
49
70
4
100
40
0
73
100
3
3
3
0
24
3
4
42
63
3
10
3
3
3
10
0
0
0
0
42
3
6
100
0
0
3
67
3
39
0
0
3
78
0
0
3
3
49
4
34
1
0
7
0
46
3
3
0
0
0
0
43
0
0
0
3
16
42
57
0
0
100
6
3
3
0
3
3
52
0
3
0
3
0
0
0
3
67
0
0
4
37
0
0
100
46
25
0
3
3
49
0
58
84
0
6
0
0
100
0
0
4
15
39
3
0
0
16
7
3
9
3
48
0
3
4
100
3
100
0
57
90
78
81
52
75
10
0
67
100
0
81
100
100
73
0
0
0
0
0
0
0
100
19
82
0
0
0
0
0
0
0
0
0
88
6
0
0
0
82
0
0
0
0
0
0
90
3
60
100
0
0
0
0
0
0
0
0
72
3
6
0
75
