13
12
4
13
13
10
10
0
13
13
12
0
34
12
13
12
10
3
12
13
13
13
0
13
13
25
12
12
12
13
12
0
13
13
0
10
21
12
12
13
0
10
13
13
12
13
13
31
13
12
13
12
12
12
12
10
13
10
12
13
13
13
13
21
12
4
12
13
12
84
13
13
100
0
13
12
3
18
12
13
12
12
7
37
10
13
12
12
13
13
13
13
10
10
0
0
13
12
13
13
4
13
0
12
0
0
13
13
13
13
13
12
61
10
3
13
13
13
12
13
13
12
0
13
0
13
12
0
12
12
0
7
0
0
12
12
12
13
66
16
13
12
13
13
51
12
13
13
12
33
13
12
10
37
13
12
18
13
13
0
13
10
3
10
13
12
12
12
12
13
13
13
34
12
60
13
34
13
12
21
13
12
13
12
13
13
13
13
0
12
13
13
22
12
12
13
4
13
12
13
12
9
0
4
13
13
12
12
12
12
13
13
0
13
13
12
13
13
7
13
12
13
12
13
12
10
12
36
13
0
13
12
12
0
13
13
13
13
10
13
7
24
13
13
13
13
10
13
13
10
0
10
12
7
13
12
13
10
12
42
13
0
12
13
12
10
0
0
13
13
12
13
13
13
13
4
12
15
13
12
13
18
0
12
12
13
40
0
