31
31
9
15
12
18
34
24
22
24
12
12
16
12
15
28
22
9
12
9
21
18
21
18
21
9
15
24
9
9
15
30
18
9
9
6
15
15
9
18
28
15
18
34
12
12
22
18
12
7
24
9
6
9
9
9
21
24
24
52
12
6
21
31
15
24
9
22
19
13
16
46
39
21
15
15
12
15
24
28
15
28
6
12
9
31
15
25
25
12
9
31
6
24
34
12
18
10
18
18
55
15
15
18
49
12
28
25
22
15
10
15
21
6
31
25
12
9
9
18
25
12
34
12
21
24
9
12
12
9
18
9
21
18
19
12
24
28
18
31
31
28
9
31
39
18
34
12
22
25
18
28
24
25
18
19
25
18
13
21
25
25
34
12
18
12
6
25
18
16
12
31
25
52
25
25
9
12
24
25
12
15
18
21
22
25
21
28
21
24
22
21
34
12
43
25
19
15
21
42
19
18
13
25
24
18
13
21
22
9
21
18
37
22
9
15
24
31
12
21
67
21
18
9
18
24
15
34
25
9
21
6
9
19
21
16
9
31
25
12
6
9
18
9
28
18
25
12
6
12
9
21
12
18
9
9
15
3
9
70
6
6
9
9
9
6
9
9
9
6
9
3
6
75
18
19
15
12
9
18
12
12
15
15
15
31
12
9
