3
3
0
3
3
0
3
3
0
3
3
7
0
3
0
3
3
0
9
6
0
3
3
0
0
3
3
3
0
6
7
0
4
3
6
3
0
0
6
0
3
0
0
3
0
0
0
3
3
3
0
0
0
0
27
3
0
3
3
3
0
4
3
0
0
3
0
3
0
3
3
0
3
0
0
0
0
3
0
3
3
0
0
6
3
3
3
3
0
3
3
3
0
3
0
3
0
6
0
6
3
0
3
3
6
0
6
3
6
0
3
3
3
3
3
3
0
0
3
6
7
10
0
0
3
0
3
3
0
3
3
3
6
0
6
3
3
0
3
3
0
3
6
4
0
3
0
3
0
0
0
6
6
3
4
3
3
3
3
0
9
0
0
0
6
0
7
3
0
0
3
0
3
3
0
3
3
3
0
3
0
0
3
4
3
3
0
0
3
3
0
3
0
0
0
0
0
0
0
3
3
3
0
0
3
0
4
3
6
0
0
3
3
3
0
3
3
6
0
3
7
0
0
3
3
0
0
0
6
0
3
3
3
0
3
0
0
0
6
0
0
3
0
0
3
0
3
3
9
0
6
6
3
0
0
0
0
0
3
3
3
3
3
0
0
3
3
0
0
3
0
3
0
7
3
3
4
3
3
0
0
0
4
3
3
3
3
3
