10
12
7
7
4
6
9
10
7
7
9
10
7
7
6
6
10
7
6
7
10
10
7
7
7
7
6
9
10
12
7
3
7
7
10
9
9
10
7
7
7
7
7
7
6
7
7
9
7
10
7
7
9
9
9
7
9
7
7
9
9
7
9
7
9
9
10
7
9
9
10
10
7
9
7
10
7
7
9
9
10
7
9
6
7
7
7
7
7
6
7
9
9
9
9
9
10
7
9
7
9
10
9
7
6
7
7
9
7
10
9
7
9
10
13
7
7
7
15
6
7
9
7
9
10
7
12
10
10
7
10
15
6
9
7
7
7
7
31
7
9
9
9
12
7
7
9
6
12
7
9
7
7
9
7
7
7
6
7
7
6
9
13
7
10
10
9
7
10
12
10
6
7
16
4
7
9
7
7
10
10
7
13
7
7
7
7
7
7
6
7
7
18
10
10
12
9
7
7
13
12
7
6
7
9
10
10
9
10
9
12
10
9
12
7
7
7
10
9
9
7
7
12
9
7
6
7
7
9
10
7
10
12
7
9
7
9
9
7
7
12
4
6
7
7
7
4
7
10
7
10
7
7
6
10
6
7
7
12
7
9
9
9
10
10
9
7
6
10
7
7
10
9
10
9
6
10
9
10
10
7
7
7
7
7
7
10
10
