10
10
4
19
19
22
16
7
16
10
10
10
4
16
25
7
7
16
4
7
10
19
16
3
22
7
3
4
10
10
7
6
7
6
7
10
13
25
7
10
13
10
10
13
10
13
10
10
7
25
34
16
10
7
7
4
7
19
10
13
3
6
10
16
7
25
16
6
22
25
22
16
6
22
6
22
19
13
10
31
7
19
13
7
16
7
19
28
7
22
31
16
13
16
28
6
7
16
7
7
22
10
7
13
16
4
19
10
13
22
19
3
28
13
22
10
6
25
10
22
7
7
16
16
19
7
16
7
4
3
10
28
7
10
10
13
19
10
19
13
25
7
7
22
16
19
10
13
16
13
25
22
7
7
19
10
25
19
10
31
31
16
19
13
16
7
31
13
7
16
16
10
16
4
19
13
25
25
10
16
4
10
22
28
22
25
13
3
31
10
10
16
19
7
19
7
10
4
16
7
10
13
0
6
16
10
16
7
10
10
4
13
22
16
22
3
7
7
13
10
13
16
10
10
7
13
49
10
7
7
3
31
7
10
10
3
7
13
7
7
13
10
19
4
10
10
13
4
10
7
19
10
25
7
3
13
7
10
10
10
22
3
3
31
16
4
19
7
10
10
7
4
3
4
7
10
3
7
13
13
22
4
13
7
16
13
16
4
