1
0
1
1
0
0
0
1
22
0
1
1
0
0
1
1
1
0
4
0
1
0
0
1
0
0
1
4
1
0
1
0
4
0
4
0
0
1
1
0
0
0
0
1
1
1
0
1
7
1
1
1
1
1
0
0
0
1
0
1
1
1
1
4
0
1
4
0
0
1
1
0
1
0
1
1
1
0
7
28
0
1
0
0
1
16
0
0
0
0
7
4
0
1
0
0
1
10
0
1
0
1
1
51
0
22
1
1
0
4
0
0
0
0
0
1
4
0
1
0
28
0
4
1
4
1
4
0
0
1
1
85
0
1
4
1
13
0
1
1
1
0
91
0
1
0
22
0
0
0
4
1
1
1
1
0
4
1
0
1
7
0
82
1
0
0
0
0
1
0
64
0
0
0
0
1
4
4
87
1
0
1
0
0
0
0
0
0
1
0
0
0
0
4
1
4
0
4
7
1
1
0
1
0
1
0
4
1
0
0
4
0
0
10
0
0
1
0
4
1
1
0
1
1
4
0
4
0
1
0
0
0
1
1
0
0
0
0
0
0
1
0
0
4
0
0
27
0
4
16
4
1
0
100
1
0
0
0
0
1
0
0
1
1
1
0
1
0
4
0
96
1
0
7
0
7
1
1
0
1
7
0
0
1
0
1
0
1
