9
0
12
9
9
6
6
3
6
6
9
3
6
9
3
9
9
3
12
9
6
3
3
6
6
6
6
9
18
12
3
9
3
12
6
12
6
9
6
9
3
3
6
6
9
9
3
3
9
3
9
6
18
6
3
3
6
3
6
9
9
9
9
6
6
15
3
9
3
3
24
3
3
6
3
3
6
6
3
6
12
6
6
3
12
3
6
9
6
3
6
9
3
3
15
9
9
0
6
6
15
12
12
6
3
3
12
3
6
6
12
3
6
9
6
9
9
3
9
3
9
15
15
6
6
12
3
9
22
12
12
6
3
6
6
6
6
12
12
6
9
6
6
3
9
15
6
6
3
6
9
6
3
15
9
3
9
6
6
6
21
3
0
6
3
12
0
12
21
12
9
6
18
15
12
100
12
9
6
9
6
3
12
9
12
6
6
3
9
3
12
12
16
3
12
12
15
3
6
9
12
12
6
3
3
6
3
6
6
22
9
6
6
9
15
9
9
6
6
18
3
6
3
9
9
15
12
6
9
12
12
9
6
12
9
6
15
6
3
3
9
3
12
6
6
9
9
3
9
15
9
0
6
9
6
9
6
3
9
12
6
12
12
3
3
3
6
3
6
6
0
3
3
9
9
6
9
9
12
9
9
6
9
9
15
3
3
9
