27
52
81
31
49
25
46
33
34
36
42
43
28
40
63
57
64
42
40
28
37
34
21
34
39
36
31
31
63
33
49
48
30
51
36
60
30
31
34
16
45
22
34
43
16
34
34
0
33
36
25
37
63
66
31
67
52
57
36
67
73
51
79
76
45
45
49
58
57
46
40
55
52
63
55
72
48
43
91
30
63
81
100
84
18
57
49
57
58
60
55
60
34
57
57
72
58
52
55
37
72
75
33
43
52
45
55
60
69
42
91
42
36
43
27
46
27
22
25
42
33
10
24
22
7
54
25
31
28
13
52
51
21
40
31
16
36
36
43
46
18
31
30
55
51
42
34
22
49
30
48
33
43
28
45
61
13
70
43
27
37
87
40
45
55
54
18
46
33
49
45
16
60
21
31
24
36
21
28
22
18
30
24
24
15
25
33
18
24
21
34
73
33
37
16
28
31
25
16
30
28
36
31
19
24
28
30
27
30
21
30
22
25
18
22
10
18
28
33
24
21
21
31
43
28
30
28
21
19
18
21
27
19
21
27
24
27
18
30
27
21
28
13
40
16
39
10
37
7
0
15
49
7
48
18
18
46
21
72
24
10
72
72
54
27
52
36
19
25
18
58
22
48
31
37
19
18
31
22
18
16
19
22
13
45
39
33
42
