9
18
3
12
9
18
0
9
6
18
6
18
9
15
6
15
18
12
9
18
9
0
9
6
9
9
18
22
12
19
12
6
6
9
12
15
9
18
25
15
37
22
25
12
15
31
16
43
31
12
22
13
28
31
31
9
19
28
9
57
18
21
31
19
34
22
16
18
40
31
12
34
9
15
25
25
31
37
25
15
22
15
25
28
25
25
19
25
18
34
15
28
22
25
25
18
40
40
25
15
28
28
37
43
12
19
25
46
25
31
28
16
54
19
31
15
37
21
16
6
37
28
15
15
34
28
34
18
31
31
43
31
19
18
9
31
9
46
51
40
12
34
25
9
37
22
40
9
15
19
22
46
51
19
48
34
25
37
15
25
37
9
25
25
40
39
12
28
25
25
40
25
18
9
16
31
37
34
34
28
28
28
25
19
28
43
28
12
6
28
19
12
16
6
15
19
16
6
18
12
15
15
9
9
22
12
6
3
9
3
15
15
6
12
12
22
12
6
12
31
12
18
15
16
12
6
3
15
3
15
6
13
9
16
9
6
12
19
15
3
9
22
18
9
6
16
9
18
3
25
9
6
12
3
9
6
12
9
15
6
15
3
16
6
9
3
16
6
3
0
0
6
13
15
22
16
12
9
25
6
15
6
12
12
6
15
12
12
