46
37
52
51
33
37
37
31
45
48
39
46
28
48
37
43
40
45
42
28
25
30
40
36
37
46
27
45
46
52
16
52
36
42
40
48
46
37
42
39
37
51
40
22
39
36
39
51
30
27
51
46
28
51
45
36
46
45
45
45
27
46
33
48
43
40
31
40
18
43
48
36
37
40
46
46
43
36
39
48
46
39
36
42
24
31
43
43
37
45
46
42
42
37
31
49
48
51
33
31
36
34
31
46
40
37
37
28
34
30
37
40
36
36
31
36
28
37
39
33
33
37
28
42
46
30
42
34
36
48
31
33
27
39
28
24
39
40
16
34
31
48
24
36
22
28
43
45
27
40
34
34
33
45
42
43
49
48
48
45
37
37
46
42
37
33
34
39
34
33
45
39
25
28
49
37
46
37
34
33
36
43
36
22
40
46
39
40
42
36
40
39
42
37
27
46
42
49
30
48
33
46
40
37
16
34
45
52
52
39
36
36
37
49
39
42
42
27
49
51
37
30
46
45
48
49
30
36
34
46
27
45
31
40
46
48
36
49
37
36
34
46
48
15
39
36
33
42
48
42
46
43
46
34
36
40
51
49
39
49
51
40
48
39
46
43
39
42
36
45
37
34
51
39
40
48
39
36
42
43
51
51
16
40
48
52
15
36
