12
3
3
3
0
0
3
6
0
3
0
0
3
3
54
0
9
18
6
3
3
3
3
6
12
3
0
4
6
3
9
9
6
3
6
3
6
15
3
6
9
6
6
3
15
3
3
3
6
3
3
6
3
3
3
0
6
3
6
3
12
3
3
3
3
0
9
6
6
3
3
3
3
6
9
3
15
3
6
0
6
6
6
6
3
0
6
6
6
3
3
0
3
3
6
3
3
3
3
0
6
3
9
6
3
0
6
6
6
6
3
3
0
12
3
6
12
3
6
0
9
21
12
3
0
6
0
3
3
3
3
6
6
3
3
3
3
3
3
3
3
3
3
3
3
3
3
6
3
3
3
9
3
9
3
3
3
3
3
3
3
3
3
3
3
3
3
3
3
3
3
0
6
3
6
3
3
3
3
3
3
3
3
3
3
3
3
0
3
0
3
3
3
0
3
0
6
3
3
3
3
3
3
3
0
0
3
3
3
0
3
3
3
3
3
3
3
6
3
3
3
3
3
3
3
3
9
3
3
3
6
9
3
6
3
3
3
3
3
3
3
3
3
3
3
3
9
6
3
3
3
3
3
0
9
3
0
3
0
3
9
0
3
9
0
3
3
3
3
3
6
3
3
3
3
3
3
3
3
3
3
0
3
3
3
3
3
3
