4
7
0
3
13
33
0
7
3
0
7
7
3
3
3
4
3
0
45
7
6
16
3
12
4
7
4
7
10
4
19
100
3
0
3
3
4
4
0
4
7
45
43
4
16
3
3
4
4
4
4
3
10
10
12
4
3
3
7
0
0
4
3
12
3
3
34
45
6
13
10
10
3
1
3
6
9
7
27
42
1
4
4
10
10
7
3
3
3
7
42
0
3
0
3
24
19
3
4
1
0
19
3
43
37
13
9
0
4
3
3
3
4
3
6
25
7
30
10
10
9
13
6
9
4
7
0
3
16
4
9
7
3
3
3
1
3
15
72
3
21
4
3
10
3
13
4
0
0
13
58
25
27
3
7
0
4
0
7
7
21
16
15
10
9
22
0
3
13
45
3
7
3
21
60
4
6
3
7
3
16
4
3
4
0
100
21
4
4
9
10
3
3
3
7
10
10
3
7
45
4
3
10
4
7
4
7
4
3
13
45
21
4
3
3
6
3
6
0
3
31
33
9
45
25
12
7
10
52
7
7
4
0
0
30
42
13
3
10
21
18
7
6
13
10
46
43
30
7
3
4
10
3
31
4
12
90
0
0
84
3
0
3
15
10
7
7
4
18
3
0
37
79
3
3
6
3
3
0
0
9
0
10
39
48
3
3
0
