0
0
3
6
3
0
0
7
1
3
3
3
9
24
12
6
7
3
0
4
6
3
3
16
0
6
4
7
7
7
6
7
10
15
18
3
3
6
3
9
7
3
0
7
9
6
10
4
10
7
15
6
7
0
0
0
6
10
7
3
6
3
6
7
6
28
7
3
7
18
28
6
0
10
25
4
7
6
12
22
7
3
7
3
6
6
3
0
0
7
21
15
7
16
1
6
1
10
10
7
6
0
13
19
3
33
18
7
6
3
3
3
3
3
4
3
0
3
10
3
7
3
3
0
0
6
0
9
6
4
3
3
3
3
3
19
6
0
3
16
7
6
3
7
0
3
19
13
18
0
4
3
3
7
3
6
6
3
6
12
12
6
3
7
6
6
0
1
3
7
18
9
4
3
3
3
9
1
0
7
3
6
10
4
15
0
4
13
0
0
7
0
9
7
3
4
3
6
18
6
6
7
3
4
3
0
3
3
4
6
0
4
3
0
6
6
0
3
0
4
1
0
7
0
10
3
3
0
6
0
3
6
3
0
3
6
3
0
3
0
4
3
3
3
0
3
3
3
3
0
0
3
0
9
3
6
0
6
10
6
3
3
6
4
3
9
6
0
0
3
3
1
0
0
3
16
4
3
0
4
1
0
3
3
3
0
3
3
