6
3
3
3
12
3
6
3
3
0
3
9
3
0
0
3
0
3
6
3
6
0
6
6
0
0
0
6
0
3
6
6
12
0
6
3
9
6
3
6
3
0
0
6
0
3
6
0
0
6
3
3
0
0
3
3
34
6
6
0
3
6
0
3
0
6
6
6
0
0
3
3
0
9
12
3
3
9
0
0
6
3
0
3
0
0
6
0
0
9
21
3
0
6
6
9
9
15
6
0
3
9
0
3
3
3
0
12
0
0
3
0
3
16
3
0
0
6
0
0
0
3
3
6
3
6
3
3
3
0
0
3
6
9
0
3
9
6
15
6
6
3
0
9
6
3
0
0
0
3
15
3
3
6
6
3
0
0
3
0
6
0
0
3
3
0
9
3
9
0
0
100
9
0
6
3
0
0
3
0
0
6
9
9
15
3
9
3
0
3
3
0
9
0
9
6
0
3
3
0
6
0
6
9
3
0
3
12
3
9
9
3
6
9
6
9
0
6
0
3
3
3
0
0
6
6
9
6
3
12
3
12
3
3
3
0
3
3
3
6
3
6
3
3
6
15
9
3
6
3
0
0
3
3
0
6
100
25
0
3
3
6
9
0
3
6
6
3
3
100
6
0
0
3
6
3
0
3
34
12
15
6
3
6
9
6
3
6
