100
100
100
100
100
100
100
100
100
100
61
100
100
100
100
100
100
100
100
73
100
100
100
100
100
100
100
100
100
100
100
100
100
100
100
100
100
100
100
100
99
100
100
99
100
100
100
100
100
100
100
100
100
100
100
100
100
100
100
100
100
100
100
100
100
100
96
100
100
100
100
100
100
100
100
78
100
100
100
100
100
96
100
100
100
100
100
100
100
100
100
100
93
96
100
100
100
100
100
100
100
100
100
100
100
100
100
100
100
100
100
100
99
100
100
100
100
100
100
100
100
90
100
100
100
100
100
100
100
76
100
100
100
100
100
100
100
100
100
100
100
100
100
100
100
100
100
99
100
100
100
100
100
99
100
100
96
100
100
100
100
100
100
100
94
100
100
100
100
100
100
100
100
100
100
100
100
100
100
100
100
100
100
100
70
100
100
85
100
100
100
100
100
100
100
100
100
100
100
100
97
100
100
100
100
100
100
100
100
100
100
100
100
100
100
100
100
100
100
100
79
100
100
100
100
99
100
100
100
100
100
100
100
100
100
100
100
100
100
100
100
100
100
100
100
100
100
100
100
100
100
100
100
100
100
90
100
100
100
100
100
100
100
100
100
100
100
100
100
100
100
100
100
100
100
100
100
100
100
100
100
100
100
87
100
100
100
100
