15
12
12
9
12
6
12
12
18
6
15
16
15
12
12
9
3
9
6
12
9
10
9
12
3
12
12
16
6
9
12
10
12
12
12
16
6
12
6
12
15
6
6
12
3
9
13
12
12
3
7
10
13
16
15
12
9
16
15
16
16
12
10
9
7
6
9
9
16
15
4
9
16
16
10
15
12
12
24
9
9
10
3
12
3
6
6
21
21
6
16
16
12
12
12
13
12
12
19
12
12
19
15
12
16
9
9
12
16
9
6
13
25
13
12
6
30
12
12
19
12
12
7
22
10
15
12
10
15
15
18
12
12
12
22
18
10
10
6
16
13
13
12
28
12
10
0
6
13
0
13
9
16
15
13
7
15
9
15
16
19
12
12
0
4
18
12
6
6
3
12
12
6
12
12
15
19
6
15
12
16
22
6
12
19
15
9
9
13
12
19
15
16
66
19
22
13
19
7
12
12
19
25
6
12
12
15
12
9
16
13
12
9
16
12
16
15
16
13
15
21
16
19
15
15
15
9
6
16
10
10
12
6
9
13
0
9
13
15
16
19
15
12
9
9
16
24
0
6
4
6
13
9
9
6
6
12
3
19
3
22
6
15
9
9
3
9
6
6
9
4
3
9
12
4
3
3
9
6
6
9
6
9
3
10
9
9
3
