4
3
0
6
4
0
3
1
4
0
3
3
3
3
0
0
0
3
4
3
6
6
3
0
0
6
3
3
3
4
0
3
3
0
3
3
3
25
13
0
3
3
3
4
0
13
4
0
0
3
6
0
0
3
3
0
3
3
0
3
3
3
3
0
0
3
0
15
0
31
3
4
4
3
7
0
19
1
3
3
3
4
4
0
3
0
0
0
3
4
3
4
0
0
3
22
27
22
3
7
3
3
4
4
0
3
0
3
3
3
6
3
0
7
3
3
0
3
0
3
3
3
3
3
0
3
18
4
0
0
21
0
3
10
3
0
3
3
4
3
3
3
0
0
4
21
3
3
0
3
1
3
3
0
3
0
0
4
0
0
3
0
0
3
0
3
4
0
0
3
0
3
0
3
0
0
3
0
3
0
0
3
3
0
0
3
25
0
1
0
3
3
0
3
3
13
0
3
0
3
3
3
4
3
3
1
1
0
3
7
0
3
3
0
0
3
3
4
0
4
1
4
3
3
4
3
4
0
3
4
3
0
4
0
40
0
3
0
3
3
3
3
0
3
0
0
3
0
3
0
3
0
0
0
0
0
4
3
3
3
3
3
3
3
0
0
4
7
4
0
3
3
3
3
0
0
7
3
12
0
4
3
3
4
3
3
3
1
