97
100
100
100
100
100
100
79
100
100
100
97
96
100
100
100
100
100
100
100
100
100
100
100
100
100
100
100
100
99
94
90
100
100
81
100
100
100
100
100
100
99
100
100
100
100
85
100
99
97
100
100
85
99
94
100
100
100
97
100
100
100
100
100
100
100
97
100
100
99
100
100
100
100
100
96
97
88
100
100
100
100
100
100
100
100
100
100
100
85
100
100
100
100
100
100
100
100
100
100
100
100
100
100
100
100
100
100
100
100
100
85
70
100
100
100
93
100
88
100
100
100
82
100
85
100
100
100
100
97
100
100
100
100
93
100
85
100
100
100
99
100
100
100
100
100
100
87
99
100
97
100
100
100
100
100
100
100
100
87
97
100
100
100
87
87
72
100
61
100
100
100
100
100
100
100
87
100
100
100
100
100
100
100
94
100
100
100
100
90
100
100
100
100
72
82
90
100
99
100
100
82
64
100
100
100
100
87
100
100
100
76
100
100
100
100
100
69
72
96
100
100
100
72
100
100
100
100
100
100
85
85
100
96
100
100
100
100
100
100
100
88
100
87
100
100
100
100
45
76
100
97
100
100
88
100
87
100
97
100
100
100
100
100
99
100
100
100
100
88
63
73
100
100
75
100
100
100
88
100
100
100
100
100
100
100
100
100
