55
57
52
55
42
58
51
57
25
51
43
57
42
57
57
57
57
55
57
58
57
54
57
58
49
43
57
58
45
57
57
58
57
57
57
57
57
58
57
57
55
57
58
55
57
43
54
55
57
57
57
43
57
55
57
55
57
54
57
55
55
55
57
42
57
57
54
55
55
43
55
55
57
55
58
58
57
58
55
49
58
57
57
57
58
57
57
42
57
58
45
57
57
51
55
57
57
58
58
43
55
57
57
57
57
55
55
57
57
57
51
49
52
57
57
57
55
40
33
54
58
57
39
57
58
52
57
57
51
57
58
54
52
55
55
55
30
43
55
48
42
57
49
57
57
55
57
57
21
57
55
57
42
57
40
57
58
55
43
57
57
58
57
39
40
57
57
58
37
57
55
55
54
42
57
54
42
57
54
51
55
58
42
57
55
57
43
57
57
51
55
55
37
51
48
55
57
58
57
57
55
55
57
55
57
42
55
58
55
57
57
42
54
57
55
49
58
43
57
57
55
57
57
42
55
54
57
57
55
40
57
43
57
57
57
57
55
58
58
58
58
57
55
57
55
57
55
43
58
34
58
58
55
57
58
58
30
58
57
57
55
57
57
58
57
42
49
58
33
58
39
51
42
33
42
58
55
57
57
57
58
57
57
57
58
52
57
57
