25
69
66
55
60
75
40
58
69
28
67
66
72
66
24
60
66
69
43
63
31
25
72
69
75
28
43
58
37
69
60
69
58
72
72
60
60
69
66
58
63
72
69
66
15
69
66
52
46
40
31
72
72
63
75
75
75
70
70
72
46
69
57
55
72
52
69
40
72
69
73
69
28
18
63
66
69
37
63
61
57
43
66
0
43
49
57
72
33
69
57
43
12
69
69
72
28
75
72
43
28
43
63
43
49
43
64
37
37
43
46
55
28
37
12
46
55
46
42
75
72
61
64
37
46
55
55
52
24
28
49
49
75
67
43
87
66
58
69
28
72
72
34
69
46
28
63
58
69
73
63
19
72
69
58
72
36
67
69
58
72
69
72
72
37
40
58
69
13
58
66
40
69
37
69
43
66
55
57
66
75
72
54
69
69
58
28
69
66
61
57
63
61
72
27
58
66
52
16
61
61
69
18
31
72
66
69
73
60
37
15
69
72
70
55
58
37
69
69
60
69
16
75
66
72
40
72
72
25
69
66
69
73
45
61
61
78
66
46
55
40
57
15
51
61
36
39
72
28
72
28
49
79
66
66
28
69
57
72
70
28
46
72
25
72
37
66
15
54
69
60
69
73
69
72
72
64
72
75
43
66
61
66
66
0
57
75
69
