9
12
16
19
9
18
18
9
15
3
12
9
22
6
19
15
28
10
16
16
18
9
25
9
21
12
21
19
9
9
9
9
9
18
9
12
3
12
13
22
0
16
12
9
12
6
10
9
6
9
9
9
9
12
16
9
6
9
12
12
13
15
6
15
22
16
15
19
9
18
12
15
12
6
9
18
9
19
9
9
9
6
12
22
6
12
9
9
12
9
12
12
9
12
12
12
13
9
18
9
13
9
25
15
12
9
15
13
22
12
15
16
15
12
16
12
9
13
9
12
12
19
12
9
6
19
19
16
15
19
18
9
9
12
12
9
9
15
15
16
12
12
13
15
9
13
6
6
15
15
6
10
3
19
12
25
15
12
18
9
22
12
15
16
16
16
19
18
16
19
15
15
12
22
16
15
12
19
13
12
12
18
9
9
15
6
9
22
12
9
18
12
9
12
12
19
12
19
16
12
9
15
25
19
19
22
21
100
22
13
9
19
9
9
18
13
12
18
16
9
9
100
12
82
31
15
31
15
78
6
15
12
6
9
9
6
12
100
15
15
12
3
100
15
19
31
22
16
9
12
12
9
100
3
4
3
16
9
15
6
19
3
9
9
12
100
13
12
6
9
6
6
12
6
16
6
15
12
6
9
12
9
3
15
22
9
6
6
